validation/tavurvur/tavurvur_topography.txt
ncols         150
nrows         150
xllcorner     312173
yllcorner     9430068
cellsize      1342
NODATA_value  -9999
[rows 76 to 113 of 150, columns 0 to 85 of 150]
-9999 -9999 -9999 -9999 -9999 -9999 -9999 -9999 -9999 -9999 -9999 -9999 -9999 -9999 -9999 -9999 -9999 49 120 333 569 597 552 703 464 344 565 682 642 467 194 251 333 254 428 513 433 165 427 241 385 189 32 33 -9999 -9999 -9999 -9999 -9999 -9999 -9999 -9999 -9999 -9999 -9999 -9999 -9999 -9999 -9999 -9999 26 69 83 97 177 236 277 279 276 124 220 31 -9999 -9999 -9999 -9999 -9999 -9999 -9999 -9999 -9999 -9999 -9999 -9999 -9999 -9999
-9999 -9999 -9999 -9999 -9999 -9999 -9999 -9999 -9999 -9999 -9999 -9999 -9999 -9999 -9999 -9999 -9999 67 199 444 515 410 517 697 676 618 489 873 1008 589 289 279 411 368 380 454 341 364 664 393 275 97 41 54 -9999 -9999 -9999 -9999 -9999 -9999 -9999 -9999 -9999 -9999 -9999 -9999 -9999 -9999 -9999 12 30 70 90 128 175 210 326 317 316 131 12 -9999 -9999 -9999 -9999 -9999 -9999 -9999 -9999 -9999 -9999 -9999 -9999 -9999 -9999 -9999
-9999 -9999 -9999 -9999 -9999 -9999 -9999 -9999 -9999 -9999 -9999 -9999 -9999 -9999 -9999 -9999 -9999 18 137 300 286 185 454 462 759 821 566 676 1057 913 401 267 366 765 933 368 581 527 575 383 253 123 138 207 43 18 -9999 -9999 -9999 -9999 -9999 -9999 -9999 -9999 -9999 -9999 -9999 -9999 -9999 19 28 59 109 128 206 228 290 375 419 364 -9999 -9999 -9999 -9999 -9999 -9999 -9999 -9999 -9999 -9999 -9999 -9999 -9999 -9999 -9999 -9999
-9999 -9999 -9999 -9999 -9999 -9999 -9999 -9999 -9999 -9999 -9999 -9999 -9999 -9999 -9999 -9999 -9999 26 200 159 137 223 523 486 767 978 959 839 778 710 508 380 381 818 709 553 976 662 497 241 161 141 246 273 117 22 -9999 -9999 -9999 -9999 -9999 -9999 -9999 -9999 -9999 -9999 -9999 -9999 14 21 41 109 85 135 202 245 275 340 421 438 26 -9999 -9999 -9999 -9999 -9999 -9999 -9999 -9999 -9999 -9999 -9999 -9999 -9999 -9999 -9999
-9999 -9999 -9999 -9999 -9999 -9999 -9999 -9999 -9999 -9999 -9999 -9999 -9999 -9999 -9999 -9999 -9999 12 82 318 364 263 546 657 489 844 987 1208 790 693 586 510 727 623 1005 888 976 599 578 173 425 392 231 172 56 111 25 11 -9999 -9999 -9999 -9999 -9999 -9999 -9999 -9999 -9999 23 11 20 33 111 129 150 180 228 299 368 358 359 146 181 110 251 215 79 29 -9999 -9999 -9999 -9999 -9999 -9999 -9999 -9999 -9999
-9999 -9999 -9999 -9999 -9999 -9999 -9999 -9999 -9999 -9999 -9999 -9999 -9999 -9999 -9999 -9999 -9999 26 37 354 450 400 555 380 564 839 691 704 866 621 882 688 837 787 974 970 894 422 326 294 212 431 245 430 169 88 41 17 7 17 -9999 -9999 -9999 -9999 -9999 -9999 12 28 23 36 44 81 129 160 189 207 293 321 352 350 315 311 280 184 154 104 60 -9999 -9999 -9999 -9999 -9999 -9999 -9999 -9999 -9999
-9999 -9999 -9999 -9999 -9999 -9999 -9999 -9999 -9999 -9999 -9999 -9999 -9999 -9999 -9999 -9999 -9999 -9999 -9999 83 162 201 285 210 318 327 375 483 423 468 548 661 1003 880 1104 928 894 460 693 542 355 354 545 422 318 299 335 74 84 21 10 10 11 9 12 17 14 19 23 48 30 43 121 141 197 206 258 303 385 385 344 321 304 298 231 132 114 78 77 11 -9999 -9999 8 26 9 14
-9999 -9999 -9999 -9999 -9999 -9999 -9999 -9999 -9999 -9999 -9999 -9999 -9999 -9999 -9999 -9999 -9999 -9999 -9999 20 206 384 140 112 163 178 260 302 365 499 842 1002 1128 969 1078 1039 911 413 791 628 352 327 615 527 634 418 183 188 86 27 15 10 18 12 19 28 18 44 48 57 31 27 89 152 187 204 258 284 329 438 443 406 355 262 251 174 153 128 102 60 52 31 16 24 29 30
-9999 -9999 -9999 -9999 -9999 -9999 -9999 -9999 -9999 -9999 -9999 -9999 -9999 -9999 -9999 -9999 -9999 -9999 -9999 22 133 189 87 246 338 333 375 327 546 818 928 1108 1430 1357 1431 1056 1008 663 941 713 355 564 735 757 767 784 397 197 142 307 121 26 23 60 61 68 20 61 59 100 109 28 101 148 180 187 192 243 316 350 379 360 318 280 256 192 190 145 142 91 80 66 72 78 74 48
-9999 -9999 -9999 -9999 -9999 -9999 -9999 -9999 -9999 -9999 -9999 -9999 -9999 -9999 -9999 -9999 -9999 -9999 -9999 12 35 24 191 122 567 693 896 697 832 1071 1213 1288 1242 1543 1301 978 929 973 1083 941 709 797 722 708 543 790 618 336 159 249 110 137 79 30 46 82 37 46 85 109 128 39 111 125 143 175 214 212 200 288 396 388 323 263 253 219 203 164 155 109 112 94 96 53 75 82
-9999 -9999 -9999 -9999 -9999 -9999 -9999 -9999 -9999 -9999 -9999 -9999 -9999 -9999 -9999 -9999 -9999 -9999 -9999 11 20 191 350 275 509 797 912 947 999 1116 1205 1180 1191 1641 1185 948 838 958 997 837 739 838 887 926 417 541 423 225 243 221 109 157 57 54 52 89 44 36 30 93 76 57 72 140 113 167 196 200 168 241 318 398 289 253 255 233 218 174 168 146 116 119 112 104 92 87
-9999 -9999 -9999 -9999 -9999 -9999 -9999 -9999 -9999 -9999 -9999 -9999 -9999 -9999 -9999 -9999 -9999 -9999 -9999 -9999 -9999 42 336 452 638 683 777 1039 1242 1172 1095 1051 1435 1694 1124 901 837 967 1004 934 905 932 1112 871 480 440 324 350 412 370 163 146 157 110 160 103 49 106 31 129 121 62 58 101 136 144 156 151 155 180 356 247 238 216 216 203 197 175 169 164 158 84 141 147 140 110
-9999 -9999 -9999 -9999 -9999 -9999 -9999 -9999 -9999 -9999 -9999 -9999 -9999 -9999 -9999 -9999 -9999 -9999 -9999 -9999 -9999 65 108 178 601 592 901 1190 1147 990 989 1083 1211 1537 1210 983 943 996 1043 1007 979 906 1099 892 568 745 513 359 573 438 255 164 197 228 197 143 110 47 49 73 125 81 96 105 165 150 159 117 149 164 197 185 192 200 201 197 187 172 174 137 150 95 124 150 142 142
-9999 -9999 -9999 -9999 -9999 -9999 -9999 -9999 -9999 -9999 -9999 -9999 -9999 -9999 -9999 -9999 -9999 -9999 -9999 -9999 -9999 -9999 38 60 403 439 816 931 943 940 923 988 1081 1466 1668 1397 1295 1171 1324 1158 1160 1045 1108 1066 979 963 670 659 556 590 410 311 315 374 351 241 201 60 108 200 125 131 52 85 171 176 115 128 121 118 133 154 169 141 164 171 173 163 171 167 169 184 181 163 69 99
-9999 -9999 -9999 -9999 -9999 -9999 -9999 -9999 -9999 -9999 -9999 -9999 -9999 -9999 -9999 -9999 -9999 -9999 -9999 -9999 -9999 -9999 -9999 29 324 531 729 815 949 890 888 929 1004 1463 1627 1370 1237 1255 1286 1087 1159 1038 924 918 839 820 750 632 656 532 447 381 332 294 280 187 234 76 220 175 143 109 86 110 180 152 123 116 84 89 126 141 144 152 149 146 168 165 155 164 170 201 207 157 105 83
-9999 -9999 -9999 -9999 -9999 -9999 -9999 -9999 -9999 -9999 -9999 -9999 -9999 -9999 -9999 -9999 -9999 -9999 -9999 -9999 -9999 -9999 -9999 -9999 142 341 438 540 844 971 1011 878 874 1349 1236 1175 1207 1207 987 829 827 789 822 811 611 605 679 573 640 520 529 477 502 410 368 430 289 221 232 149 177 203 71 172 195 147 154 137 96 76 113 111 118 61 93 55 139 94 137 124 154 158 124 161 194 134
-9999 -9999 -9999 -9999 -9999 -9999 -9999 -9999 -9999 -9999 -9999 -9999 -9999 -9999 -9999 -9999 -9999 -9999 -9999 -9999 -9999 -9999 -9999 -9999 -9999 320 344 404 599 824 878 887 853 1237 1052 1181 1189 1168 997 799 733 794 778 786 692 472 555 535 563 576 569 553 532 473 552 687 502 181 182 146 164 145 119 200 205 178 125 132 67 70 75 67 130 109 49 36 66 72 64 98 127 158 138 192 101 96
-9999 -9999 -9999 -9999 -9999 -9999 -9999 -9999 -9999 -9999 -9999 -9999 -9999 -9999 -9999 -9999 -9999 -9999 -9999 -9999 -9999 -9999 -9999 -9999 -9999 -9999 222 288 455 515 608 744 841 856 959 1111 1350 1111 1002 762 656 608 622 641 376 427 341 440 574 569 625 642 737 752 868 706 711 386 430 215 176 244 158 289 275 212 149 118 126 115 122 117 102 48 83 70 126 86 76 74 104 88 147 113 157 131
-9999 -9999 -9999 -9999 -9999 -9999 -9999 -9999 -9999 -9999 -9999 -9999 -9999 -9999 -9999 -9999 -9999 -9999 -9999 -9999 -9999 -9999 -9999 -9999 -9999 -9999 146 186 338 460 622 580 673 870 926 937 1224 1048 978 739 711 666 524 541 451 348 336 423 610 617 602 659 693 747 793 829 611 519 380 209 243 307 258 336 301 235 138 97 126 93 129 117 103 69 133 70 86 72 146 126 128 123 114 75 42 96
-9999 -9999 -9999 -9999 -9999 -9999 -9999 -9999 -9999 -9999 -9999 -9999 -9999 -9999 -9999 -9999 -9999 -9999 -9999 -9999 -9999 -9999 -9999 -9999 -9999 -9999 43 138 395 469 538 569 635 641 670 1008 963 1061 1149 1124 1079 1073 836 721 522 375 271 393 550 662 461 694 684 493 688 825 648 495 284 226 391 508 345 356 263 312 124 186 151 132 75 85 81 164 138 93 83 124 132 111 85 68 44 25 49 -9999
-9999 -9999 -9999 -9999 -9999 -9999 -9999 -9999 -9999 -9999 -9999 -9999 -9999 -9999 -9999 -9999 -9999 -9999 -9999 -9999 -9999 -9999 -9999 -9999 -9999 -9999 61 233 275 226 424 450 395 572 736 871 945 1017 1058 1052 1040 1037 724 639 408 330 250 285 510 594 525 680 621 550 748 875 852 470 283 240 441 401 410 365 359 284 176 195 163 171 82 131 131 173 160 101 108 105 108 107 94 105 52 16 64 -9999
-9999 -9999 -9999 -9999 -9999 -9999 -9999 -9999 -9999 -9999 -9999 -9999 -9999 -9999 -9999 -9999 -9999 -9999 -9999 -9999 -9999 -9999 -9999 -9999 -9999 -9999 104 119 207 409 539 337 552 577 832 868 954 1102 1056 1014 1018 1059 677 588 397 304 250 207 258 241 681 615 437 566 768 732 658 491 288 345 463 506 411 350 358 246 133 183 179 155 164 238 293 174 173 158 132 113 139 123 138 126 39 39 18 -9999
-9999 -9999 -9999 -9999 -9999 -9999 -9999 -9999 -9999 -9999 -9999 -9999 -9999 -9999 -9999 -9999 -9999 -9999 -9999 -9999 -9999 -9999 -9999 -9999 -9999 -9999 26 109 301 345 329 531 662 731 668 637 667 717 830 1011 1042 1036 574 454 328 402 285 261 187 221 368 429 261 379 492 819 800 424 375 427 516 423 290 270 310 214 236 223 125 115 259 303 362 341 222 97 149 146 160 186 215 172 82 45 22 7
-9999 -9999 -9999 -9999 -9999 -9999 -9999 -9999 -9999 -9999 -9999 -9999 -9999 -9999 -9999 -9999 -9999 -9999 -9999 -9999 -9999 -9999 -9999 -9999 -9999 -9999 24 53 258 328 400 513 627 634 581 502 518 644 735 953 1010 755 578 498 363 245 205 218 163 164 217 274 239 365 446 670 490 314 312 473 546 441 339 254 267 279 257 229 113 253 251 319 390 446 298 167 173 264 252 293 319 200 62 55 32 17
-9999 -9999 -9999 -9999 -9999 -9999 -9999 -9999 -9999 -9999 -9999 -9999 -9999 -9999 -9999 -9999 -9999 -9999 -9999 -9999 -9999 -9999 -9999 -9999 -9999 8 72 239 258 305 421 357 373 451 441 476 482 695 772 849 857 774 583 502 315 301 336 438 439 211 133 221 244 445 535 495 508 404 451 459 403 385 371 260 297 293 276 258 252 251 385 413 515 388 314 271 366 436 343 340 289 258 49 112 117 80
-9999 -9999 -9999 -9999 -9999 -9999 -9999 -9999 -9999 -9999 -9999 -9999 -9999 -9999 -9999 -9999 -9999 -9999 -9999 -9999 -9999 -9999 -9999 -9999 -9999 -9999 32 109 338 338 323 313 312 391 406 273 292 523 594 854 753 692 548 491 413 394 444 325 174 152 219 293 382 426 535 627 875 599 499 437 353 421 335 258 325 287 284 269 201 289 458 512 643 468 395 273 408 430 401 297 258 232 110 173 208 116
-9999 -9999 -9999 -9999 -9999 -9999 -9999 -9999 -9999 -9999 -9999 -9999 -9999 -9999 -9999 -9999 -9999 -9999 -9999 -9999 -9999 -9999 -9999 -9999 -9999 -9999 -9999 51 233 328 180 194 226 60 117 216 324 608 508 632 591 574 514 449 298 331 132 96 240 258 358 483 572 682 816 1239 947 643 521 543 409 617 616 590 303 289 251 278 179 275 431 488 501 580 411 286 332 314 304 315 131 356 462 440 241 130
-9999 -9999 -9999 -9999 -9999 -9999 -9999 -9999 -9999 -9999 -9999 -9999 -9999 -9999 -9999 -9999 -9999 -9999 -9999 -9999 -9999 -9999 -9999 -9999 -9999 -9999 -9999 19 121 187 136 98 52 34 119 293 319 487 492 541 498 493 454 399 382 212 66 82 307 214 260 424 545 797 845 1017 836 556 533 537 447 722 645 498 328 299 253 283 250 210 365 447 500 615 426 293 430 301 322 204 292 481 410 350 200 270
-9999 -9999 -9999 -9999 -9999 -9999 -9999 -9999 -9999 -9999 -9999 -9999 -9999 -9999 -9999 -9999 -9999 -9999 -9999 -9999 -9999 -9999 -9999 -9999 -9999 -9999 -9999 -9999 20 21 109 30 29 166 209 582 608 477 422 353 383 345 325 342 210 91 161 269 350 473 571 861 954 873 940 1020 1038 702 674 618 738 904 883 552 376 303 289 311 314 277 314 390 491 580 417 351 490 360 330 185 329 398 361 344 413 313
-9999 -9999 -9999 -9999 -9999 -9999 -9999 -9999 -9999 -9999 -9999 -9999 -9999 -9999 -9999 -9999 -9999 -9999 -9999 -9999 -9999 -9999 -9999 -9999 -9999 -9999 -9999 -9999 -9999 26 133 24 27 137 165 576 437 443 279 258 271 256 457 481 72 65 229 324 576 743 788 867 965 900 968 1194 1051 620 630 674 760 917 690 744 433 296 324 327 355 347 298 341 446 582 472 353 499 290 269 205 321 286 312 333 399 314
-9999 -9999 -9999 -9999 -9999 -9999 -9999 -9999 -9999 -9999 -9999 -9999 -9999 -9999 -9999 -9999 -9999 -9999 -9999 -9999 -9999 -9999 -9999 -9999 -9999 -9999 -9999 -9999 -9999 35 198 39 26 165 267 291 307 163 152 276 284 340 340 132 60 61 165 322 686 788 847 1037 1064 1061 1197 1141 860 658 640 1041 970 1036 999 936 466 429 368 374 386 375 408 416 418 540 421 462 498 386 338 283 348 286 236 299 377 269
-9999 -9999 -9999 -9999 -9999 -9999 -9999 -9999 -9999 -9999 -9999 -9999 -9999 -9999 -9999 -9999 -9999 -9999 -9999 -9999 -9999 -9999 -9999 -9999 -9999 -9999 -9999 -9999 -9999 62 33 73 52 125 147 132 205 161 168 198 271 267 251 69 61 94 226 314 703 769 849 1147 1169 1271 1265 1012 802 776 770 817 1013 894 869 701 483 527 379 368 384 406 423 543 400 516 434 579 567 334 329 335 359 310 143 151 280 253
-9999 -9999 -9999 -9999 -9999 -9999 -9999 -9999 -9999 -9999 -9999 -9999 -9999 -9999 -9999 -9999 -9999 -9999 -9999 -9999 -9999 -9999 -9999 -9999 -9999 -9999 -9999 -9999 -9999 22 49 22 25 27 23 34 115 133 154 219 187 208 54 58 141 211 369 629 774 930 989 939 969 1080 1179 907 790 805 778 1015 1103 877 714 662 700 682 598 404 428 418 539 577 571 501 504 653 542 356 323 610 439 275 293 278 134 78
-9999 -9999 -9999 -9999 -9999 -9999 -9999 -9999 -9999 -9999 -9999 -9999 -9999 -9999 -9999 -9999 -9999 -9999 -9999 -9999 -9999 -9999 -9999 -9999 -9999 -9999 -9999 -9999 -9999 -9999 32 20 27 31 30 24 27 161 103 215 44 305 70 99 197 453 584 771 806 826 826 873 986 986 778 788 889 1092 1101 1211 913 885 738 994 679 843 776 634 451 374 448 595 627 597 614 571 526 337 510 456 419 384 333 352 222 103
-9999 -9999 -9999 -9999 -9999 -9999 -9999 -9999 -9999 -9999 -9999 -9999 -9999 -9999 -9999 -9999 -9999 -9999 -9999 -9999 -9999 -9999 -9999 -9999 -9999 -9999 -9999 -9999 -9999 -9999 5 14 23 35 38 50 53 92 45 37 158 314 229 275 345 448 707 781 660 720 752 859 984 815 656 932 1080 1180 1218 1064 1019 871 968 1096 823 1064 796 696 440 454 369 480 576 652 619 615 599 349 607 513 487 347 424 280 233 244
-9999 -9999 -9999 -9999 -9999 -9999 -9999 -9999 -9999 -9999 -9999 -9999 -9999 -9999 -9999 -9999 -9999 -9999 -9999 -9999 -9999 -9999 -9999 -9999 -9999 -9999 -9999 -9999 -9999 27 63 33 30 32 36 34 27 117 41 201 247 293 359 411 403 386 720 433 697 791 877 664 560 512 642 900 1081 1282 1218 1130 1127 1028 1229 1114 1320 1185 819 773 650 595 547 507 603 664 688 630 541 624 896 736 684 622 576 298 303 274
-9999 -9999 -9999 -9999 -9999 -9999 -9999 -9999 -9999 -9999 -9999 -9999 -9999 -9999 -9999 -9999 -9999 -9999 -9999 -9999 -9999 -9999 -9999 -9999 -9999 -9999 -9999 -9999 -9999 13 19 27 34 32 39 37 32 47 26 206 237 217 320 236 288 427 423 425 612 763 749 545 524 482 645 931 1001 1064 1214 1388 1200 1090 1430 1116 1490 1119 935 1046 662 574 535 599 704 687 681 725 568 714 661 675 593 626 573 418 345 247
-9999 -9999 -9999 -9999 -9999 -9999 -9999 -9999 -9999 -9999 -9999 -9999 -9999 -9999 -9999 -9999 -9999 -9999 -9999 -9999 -9999 -9999 -9999 -9999 -9999 -9999 -9999 -9999 -9999 24 20 25 28 32 28 28 29 67 127 179 226 314 294 229 299 400 471 582 653 519 394 436 468 559 805 871 964 1020 1169 1299 1438 1645 1572 1661 1305 998 1047 830 715 592 691 629 780 705 685 786 679 661 428 445 475 617 456 364 228 143
