validation/tavurvur/tavurvur_topography.txt
ncols         150
nrows         150
xllcorner     397339
yllcorner     9516206
cellsize      201
NODATA_value  -9999
[rows 74 to 110 of 150, columns 0 to 82 of 150]
163 130 174 174 158 155 159 149 138 172 182 182 195 190 175 153 126 147 145 145 137 154 167 141 169 158 158 194 177 188 148 186 211 173 173 109 142 88 56 22 13 7 7 -9999 -9999 -9999 -9999 -9999 -9999 -9999 -9999 -9999 -9999 -9999 -9999 -9999 -9999 -9999 -9999 8 14 12 -9999 -9999 -9999 -9999 -9999 -9999 -9999 -9999 -9999 62 62 131 188 199 74 43 78 221 221 400 461
155 145 190 190 166 176 171 155 150 162 167 167 185 207 185 157 134 148 155 155 155 181 195 142 165 172 172 210 195 207 173 200 215 170 170 109 159 103 64 45 10 10 4 -9999 -9999 -9999 -9999 -9999 -9999 -9999 -9999 -9999 -9999 -9999 -9999 -9999 -9999 -9999 -9999 1 16 17 13 0 0 -9999 -9999 -9999 -9999 -9999 3 41 41 98 175 153 72 42 127 230 230 346 400
188 174 199 199 198 182 172 164 161 158 161 161 194 218 192 159 133 154 170 170 179 207 190 154 142 177 177 233 224 221 175 224 216 188 188 112 164 125 109 86 34 34 8 -9999 -9999 -9999 -9999 -9999 -9999 -9999 -9999 -9999 -9999 -9999 -9999 -9999 -9999 -9999 -9999 -9999 18 22 24 15 15 -9999 -9999 -9999 -9999 -9999 4 24 24 49 71 79 58 39 83 150 150 210 240
197 180 191 191 186 195 172 169 176 158 172 172 179 212 190 170 151 146 171 171 197 209 199 172 162 171 171 191 231 213 209 216 226 194 194 154 188 164 165 103 65 65 13 -9999 -9999 -9999 -9999 -9999 -9999 -9999 -9999 -9999 -9999 -9999 -9999 -9999 -9999 -9999 -9999 -9999 18 20 24 12 12 -9999 -9999 -9999 -9999 -9999 0 19 19 27 44 54 47 39 43 91 91 116 149
183 149 173 173 200 189 174 176 189 166 186 186 190 215 202 175 151 144 179 179 213 223 194 202 160 186 186 187 227 216 237 239 235 218 218 167 228 234 181 142 97 97 29 9 -9999 -9999 -9999 -9999 -9999 -9999 -9999 -9999 -9999 -9999 -9999 -9999 -9999 -9999 -9999 -9999 11 12 9 -9999 -9999 -9999 -9999 -9999 -9999 -9999 -9999 19 19 24 27 30 29 15 11 14 14 21 52
172 136 162 162 181 193 195 182 201 170 197 197 199 218 192 175 179 160 176 176 222 223 217 202 182 222 222 221 242 232 251 250 254 237 237 194 228 210 182 142 106 106 44 14 10 7 9 6 -9999 -9999 -9999 -9999 -9999 -9999 -9999 -9999 -9999 -9999 -9999 -9999 -9999 -9999 -9999 -9999 -9999 -9999 -9999 -9999 -9999 -9999 -9999 -9999 -9999 7 19 18 6 -9999 -9999 -9999 -9999 7 12
148 127 137 137 155 196 212 225 198 177 189 189 214 214 206 179 186 181 158 158 201 237 241 211 193 236 236 253 251 245 255 263 269 237 237 170 213 172 156 116 84 84 51 17 16 24 27 30 11 11 -9999 -9999 -9999 -9999 -9999 -9999 -9999 -9999 -9999 -9999 -9999 -9999 -9999 -9999 -9999 -9999 -9999 -9999 -9999 -9999 -9999 -9999 -9999 -9999 6 -9999 -9999 -9999 -9999 -9999 -9999 -9999 -9999
148 127 145 145 169 184 205 215 204 191 190 190 231 225 208 203 191 191 191 167 209 256 251 219 194 269 269 259 264 247 261 273 274 211 211 224 177 144 140 98 73 73 64 23 25 40 65 61 21 21 -9999 -9999 -9999 -9999 -9999 -9999 -9999 -9999 -9999 -9999 -9999 -9999 -9999 -9999 -9999 -9999 -9999 -9999 -9999 -9999 -9999 -9999 -9999 -9999 -9999 -9999 -9999 -9999 -9999 -9999 -9999 -9999 -9999
113 117 145 145 169 184 205 215 204 191 190 190 231 225 208 203 191 191 191 167 209 256 251 219 194 269 269 259 264 247 261 273 274 211 211 224 177 144 140 98 73 73 64 23 25 40 65 61 21 21 -9999 -9999 -9999 -9999 -9999 -9999 -9999 -9999 -9999 -9999 -9999 -9999 -9999 -9999 -9999 -9999 -9999 -9999 -9999 -9999 -9999 -9999 -9999 -9999 -9999 -9999 -9999 -9999 -9999 -9999 -9999 -9999 -9999
119 141 156 156 177 153 165 197 215 196 195 195 229 238 221 218 216 197 197 187 181 237 256 221 219 242 242 279 271 270 280 283 265 202 202 234 185 156 132 93 74 74 40 29 37 54 103 67 72 72 36 -9999 -9999 -9999 -9999 -9999 -9999 -9999 -9999 -9999 -9999 -9999 -9999 -9999 -9999 -9999 -9999 -9999 -9999 -9999 -9999 -9999 -9999 -9999 -9999 -9999 -9999 -9999 -9999 -9999 -9999 -9999 -9999
118 129 156 156 142 146 171 217 223 202 217 217 254 260 255 246 211 199 199 205 199 197 249 239 244 234 234 290 280 277 291 285 253 211 211 228 218 182 145 90 66 66 46 34 45 67 101 153 139 139 37 -1 -9999 -9999 -9999 -9999 -9999 -9999 -9999 -9999 -9999 -9999 -9999 -9999 -9999 -9999 -9999 -9999 -9999 -9999 -9999 -9999 -9999 -9999 -9999 -9999 -9999 -9999 -9999 -9999 -9999 -9999 -9999
110 128 122 122 127 173 203 217 226 213 225 225 242 245 255 270 229 203 203 239 210 227 245 251 275 238 238 285 288 286 302 279 237 293 293 252 211 154 128 97 64 64 53 38 52 96 109 166 42 42 68 14 10 -9999 -9999 -9999 -9999 -9999 -9999 -9999 -9999 -9999 -9999 -9999 -9999 -9999 -9999 -9999 -9999 -9999 -9999 -9999 -9999 -9999 -9999 -9999 -9999 -9999 -9999 -9999 -9999 -9999 -9999
115 132 132 132 155 186 186 176 220 220 210 210 217 221 247 268 245 211 211 235 235 256 258 288 295 248 248 293 291 300 305 262 261 270 270 204 172 136 109 99 72 72 56 39 60 132 129 145 162 162 123 38 17 1 -9999 -9999 -9999 -9999 -9999 -9999 -9999 -9999 -9999 -9999 -9999 -9999 -9999 -9999 -9999 -9999 -9999 -9999 -9999 -9999 -9999 -9999 -9999 -9999 -9999 -9999 -9999 -9999 -9999
161 143 173 173 165 166 165 205 208 235 218 218 243 233 231 255 271 231 231 248 258 293 274 279 304 286 286 310 303 310 305 276 253 274 274 221 180 136 107 73 68 68 45 45 61 150 224 105 215 215 171 57 26 3 -9999 -9999 -9999 -9999 -9999 -9999 -9999 -9999 -9999 -9999 -9999 -9999 -9999 -9999 -9999 -9999 -9999 -9999 -9999 -9999 -9999 -9999 -9999 -9999 -9999 -9999 -9999 -9999 -9999
161 158 150 150 164 179 177 187 214 244 236 236 233 249 254 256 262 269 269 265 277 318 294 299 279 294 294 322 307 317 300 265 293 276 276 213 166 139 124 93 69 69 68 43 42 111 228 220 204 204 176 57 31 5 -9999 -9999 -9999 -9999 -9999 -9999 -9999 -9999 -9999 -9999 -9999 -9999 -9999 -9999 -9999 -9999 -9999 -9999 -9999 -9999 -9999 -9999 -9999 -9999 -9999 -9999 -9999 -9999 -9999
161 158 150 150 164 179 177 187 214 244 236 236 233 249 254 256 262 269 269 301 303 341 318 321 289 316 316 321 318 321 300 268 327 249 249 179 156 115 112 104 85 85 69 40 29 48 106 151 152 152 98 54 34 -9999 -9999 -9999 -9999 -9999 -9999 -9999 -9999 -9999 -9999 -9999 -9999 -9999 -9999 -9999 -9999 -9999 -9999 -9999 -9999 -9999 -9999 -9999 -9999 -9999 -9999 -9999 -9999 -9999 -9999
147 148 153 153 161 168 165 191 203 235 247 247 242 245 255 270 271 284 284 301 303 341 318 321 289 316 316 321 318 321 300 268 327 249 249 179 156 115 112 104 85 85 69 40 29 48 106 151 152 152 98 54 34 -9999 -9999 -9999 -9999 -9999 -9999 -9999 -9999 -9999 -9999 -9999 -9999 -9999 -9999 -9999 -9999 -9999 -9999 -9999 -9999 -9999 -9999 -9999 -9999 -9999 -9999 -9999 -9999 -9999 -9999
140 143 160 160 168 161 168 172 180 228 253 253 243 248 249 259 263 281 281 291 317 347 337 322 292 324 324 325 324 321 293 278 323 285 285 177 133 120 96 92 85 85 57 38 23 22 32 52 69 69 58 43 -9999 -9999 -9999 -9999 -9999 -9999 -9999 -9999 -9999 -9999 -9999 -9999 -9999 -9999 -9999 -9999 -9999 -9999 -9999 -9999 -9999 -9999 -9999 -9999 -9999 -9999 -9999 -9999 -9999 -9999 -9999
144 150 156 156 175 171 167 189 183 192 210 210 250 254 265 275 277 284 284 305 305 350 345 331 309 326 326 334 330 325 296 302 339 299 299 202 180 133 114 97 87 87 74 48 22 18 17 16 30 30 32 30 -9999 -9999 -9999 -9999 -9999 -9999 -9999 -9999 -9999 -9999 -9999 -9999 -9999 -9999 -9999 -9999 -9999 -9999 -9999 -9999 -9999 -9999 -9999 -9999 -9999 -9999 -9999 -9999 -9999 -9999 -9999
131 139 162 162 169 179 175 180 185 214 210 210 250 260 265 280 293 299 299 308 326 356 345 332 317 329 329 337 331 334 291 291 342 316 316 271 208 158 131 101 85 85 70 42 20 14 14 12 19 19 23 31 -9999 -9999 -9999 -9999 -9999 -9999 -9999 -9999 -9999 -9999 -9999 -9999 -9999 -9999 -9999 -9999 -9999 -9999 -9999 -9999 -9999 -9999 -9999 -9999 -9999 -9999 -9999 -9999 -9999 -9999 -9999
139 135 151 151 165 168 186 195 188 211 237 237 221 234 267 257 273 290 290 297 307 333 343 341 326 337 337 346 350 343 309 298 352 334 334 285 201 167 135 140 114 114 82 32 14 12 10 10 19 19 26 36 18 -9999 -9999 -9999 -9999 -9999 -9999 -9999 -9999 -9999 -9999 -9999 -9999 -9999 -9999 -9999 -9999 -9999 -9999 -9999 -9999 -9999 -9999 -9999 -9999 -9999 -9999 -9999 -9999 -9999 -9999
154 150 148 148 158 181 207 211 195 201 211 211 226 251 248 254 278 281 281 290 305 336 348 346 342 340 340 356 359 351 327 321 345 355 355 311 227 168 193 194 151 151 89 42 18 6 7 9 21 21 28 18 13 -9999 -9999 -9999 -9999 -9999 -9999 -9999 -9999 -9999 -9999 -9999 -9999 -9999 -9999 -9999 -9999 -9999 -9999 -9999 -9999 -9999 -9999 -9999 -9999 -9999 -9999 -9999 -9999 -9999 -9999
141 152 172 172 166 190 194 225 219 210 212 212 226 238 243 254 269 273 273 294 301 317 353 352 351 346 346 367 363 358 346 358 352 355 355 332 291 275 215 161 135 135 99 42 18 3 -9999 -1 10 10 8 -9999 -9999 -9999 -9999 -9999 -9999 -9999 -9999 -9999 -9999 -9999 -9999 -9999 -9999 -9999 -9999 -9999 -9999 -9999 -9999 -9999 -9999 -9999 -9999 -9999 -9999 -9999 -9999 -9999 -9999 -9999 -9999
141 152 172 172 166 190 194 225 219 210 212 212 226 238 243 254 269 273 273 294 301 317 353 352 351 346 346 367 363 358 346 358 352 355 355 332 291 275 221 189 123 123 76 50 19 -9999 -9999 -9999 -9999 -9999 -9999 -9999 -9999 -9999 -9999 -9999 -9999 -9999 -9999 -9999 -9999 -9999 -9999 -9999 -9999 -9999 -9999 -9999 -9999 -9999 -9999 -9999 -9999 -9999 -9999 -9999 -9999 -9999 -9999 -9999 -9999 -9999 -9999
130 146 159 159 184 190 202 224 236 220 224 224 224 229 234 256 263 271 271 279 301 335 352 370 361 358 358 373 371 363 352 370 373 369 369 345 349 285 221 189 123 123 76 50 19 -9999 -9999 -9999 -9999 -9999 -9999 -9999 -9999 -9999 -9999 -9999 -9999 -9999 -9999 -9999 -9999 -9999 -9999 -9999 -9999 -9999 -9999 -9999 -9999 -9999 -9999 -9999 -9999 -9999 -9999 -9999 -9999 -9999 -9999 -9999 -9999 -9999 -9999
139 157 185 185 176 169 170 215 230 237 232 232 241 243 253 267 276 270 270 303 323 315 316 360 371 376 376 370 376 379 364 382 379 385 385 372 364 309 246 211 170 170 132 79 17 -9999 -9999 -9999 -9999 -9999 -9999 -9999 -9999 -9999 -9999 -9999 -9999 -9999 -9999 -9999 -9999 -9999 -9999 -9999 -9999 -9999 -9999 -9999 -9999 -9999 -9999 -9999 -9999 -9999 -9999 -9999 -9999 -9999 -9999 -9999 -9999 -9999 -9999
146 157 166 166 175 183 201 209 214 229 223 223 224 235 246 250 270 293 293 307 314 297 317 363 377 379 379 385 373 382 378 397 392 396 396 392 363 335 284 254 213 213 127 93 15 -9999 -9999 -9999 -9999 -9999 -9999 -9999 -9999 -9999 -9999 -9999 -9999 -9999 -9999 -9999 -9999 -9999 -9999 -9999 -9999 -9999 -9999 -9999 -9999 -9999 -9999 -9999 -9999 -9999 -9999 -9999 -9999 -9999 -9999 -9999 -9999 -9999 -9999
164 168 180 180 185 200 197 202 217 221 228 228 234 232 245 252 255 286 286 287 295 301 315 363 385 390 390 389 390 381 381 392 405 417 417 405 397 389 332 304 294 294 225 164 33 -9999 -9999 -9999 -9999 -9999 -9999 -9999 -9999 -9999 -9999 -9999 -9999 -9999 -9999 -9999 -9999 -9999 -9999 -9999 -9999 -9999 -9999 -9999 -9999 -9999 -9999 -9999 -9999 -9999 -9999 -9999 -9999 -9999 -9999 -9999 -9999 -9999 -9999
165 167 178 178 187 206 206 216 218 221 228 228 236 243 249 253 270 267 267 270 290 300 306 336 375 391 391 388 400 395 392 386 409 419 419 425 419 415 364 333 363 363 245 146 47 4 -9999 -9999 -9999 -9999 -9999 -9999 -9999 -9999 -9999 -9999 -9999 -9999 -9999 -9999 -9999 -9999 -9999 -9999 -9999 -9999 -9999 -9999 -9999 -9999 -9999 -9999 -9999 -9999 -9999 -9999 -9999 -9999 -9999 -9999 -9999 -9999 -9999
140 148 163 163 189 193 214 210 211 223 226 226 234 237 238 247 256 266 266 273 281 295 303 352 363 377 377 388 402 397 402 399 413 424 424 431 446 427 400 370 382 382 272 212 84 18 -9999 -9999 -9999 -9999 -9999 -9999 -9999 -9999 -9999 -9999 -9999 -9999 -9999 -9999 -9999 -9999 -9999 -9999 -9999 -9999 -9999 -9999 -9999 -9999 -9999 -9999 -9999 -9999 -9999 -9999 -9999 -9999 -9999 -9999 -9999 -9999 -9999
129 138 160 160 182 178 187 220 219 226 243 243 243 243 249 245 269 270 270 280 291 292 307 329 370 384 384 397 402 400 408 413 422 426 426 443 451 450 427 416 403 403 292 227 66 42 12 -9999 -9999 -9999 -9999 -9999 -9999 -9999 -9999 -9999 -9999 -9999 -9999 -9999 -9999 -9999 -9999 -9999 -9999 -9999 -9999 -9999 -9999 -9999 -9999 -9999 -9999 -9999 11 20 8 -9999 -9999 -9999 -9999 -9999 -9999
129 138 160 160 182 178 187 220 219 226 243 243 243 243 249 245 269 270 270 280 291 292 307 329 370 384 384 397 402 400 408 413 422 426 426 443 451 450 427 416 403 403 292 227 66 42 12 -9999 -9999 -9999 -9999 -9999 -9999 -9999 -9999 -9999 -9999 -9999 -9999 -9999 -9999 -9999 -9999 -9999 -9999 -9999 -9999 -9999 -9999 -9999 -9999 -9999 -9999 9 46 66 28 -9999 -9999 -9999 -9999 -9999 -9999
153 177 152 152 152 165 178 203 225 220 236 236 255 271 250 264 257 266 266 274 288 285 300 321 331 366 366 386 402 405 413 414 418 429 429 439 449 451 460 456 407 407 279 236 133 75 31 -9999 -9999 -9999 -9999 -9999 -9999 -9999 -9999 -9999 -9999 -9999 -9999 -9999 -9999 -9999 -9999 -9999 -9999 -9999 -9999 -9999 -9999 -9999 -9999 -9999 -9999 9 46 66 28 -9999 -9999 -9999 -9999 -9999 -9999
169 188 191 191 173 181 202 192 223 245 245 245 263 277 281 270 283 284 284 280 275 314 321 321 340 353 353 390 402 407 408 416 413 421 421 423 434 442 438 430 408 408 357 296 186 90 47 26 -9999 -9999 -9999 -9999 -9999 -9999 -9999 -9999 -9999 -9999 -9999 -9999 -9999 -9999 -9999 -9999 -9999 -9999 -9999 -9999 -9999 -9999 -9999 12 12 70 86 65 46 23 -9999 -9999 -9999 -9999 -9999
167 176 194 194 207 195 210 209 222 241 237 237 246 259 271 282 297 283 283 306 298 296 327 335 330 367 367 393 403 396 396 397 397 396 396 407 412 421 420 428 405 405 373 330 231 146 84 39 16 16 -9999 -9999 -9999 -9999 -9999 -9999 -9999 -9999 -9999 -9999 -9999 -9999 -9999 -9999 -9999 -9999 -9999 -9999 -9999 -9999 38 144 144 113 108 79 66 30 4 -9999 -9999 -9999 -9999
162 161 174 174 198 188 198 213 223 231 234 234 241 249 255 271 279 294 294 309 316 309 331 357 349 350 350 380 397 389 386 382 377 385 385 392 400 403 407 413 411 411 378 345 280 199 136 49 28 28 19 4 -9999 -9999 -9999 -9999 -9999 -9999 -9999 -9999 -9999 -9999 -9999 -9999 -9999 -9999 -9999 -9999 -9999 37 150 145 145 136 113 105 76 56 16 -9999 -9999 -9999 -9999
156 176 178 178 181 171 198 216 229 225 221 221 219 245 247 261 260 263 263 286 302 326 336 359 364 363 363 386 391 379 367 369 366 373 373 388 387 389 390 396 399 399 372 347 263 212 76 73 56 56 38 21 -9999 -9999 -9999 -9999 -9999 -9999 -9999 -9999 -9999 -9999 -9999 -9999 -9999 -9999 -9999 49 83 171 173 166 166 157 139 131 112 88 47 21 21 -9999 -9999
