validation/tavurvur/tavurvur_topography.txt
ncols         150
nrows         150
xllcorner     397339
yllcorner     9516206
cellsize      201
NODATA_value  -9999
[rows 111 to 147 of 150, columns 0 to 82 of 150]
147 166 166 166 171 181 193 212 216 222 220 220 239 243 248 247 252 273 273 276 272 313 312 308 331 380 380 388 380 374 364 362 363 367 367 372 381 382 383 383 384 384 370 337 239 155 107 79 62 62 49 38 32 15 14 -9999 -9999 -9999 -9999 -9999 -9999 -9999 -9999 17 17 69 148 133 164 201 185 182 182 177 172 157 137 105 80 49 49 27 -9999
150 161 159 159 174 201 213 223 207 199 213 213 231 227 239 243 255 276 276 297 293 295 290 340 344 379 379 394 376 370 364 363 361 361 361 366 372 376 378 370 374 374 369 349 309 262 119 93 71 71 58 55 61 54 50 37 23 23 -9999 17 53 56 54 57 57 191 229 220 217 211 213 210 210 200 183 161 131 112 80 73 73 44 19
150 161 159 159 174 201 213 223 207 199 213 213 231 227 239 243 255 276 276 297 293 295 290 340 344 379 379 394 376 370 364 363 361 361 361 366 372 376 378 370 374 374 369 349 309 262 119 93 71 71 58 55 61 54 50 37 23 23 -9999 17 53 56 54 57 57 191 229 220 217 211 213 210 210 200 183 161 160 138 100 100 78 52 42
158 167 164 164 168 185 205 195 188 212 217 217 219 224 250 257 258 259 259 289 309 314 329 308 345 392 392 399 380 368 361 364 359 359 359 360 369 369 369 366 362 362 365 354 336 219 107 94 74 74 72 63 68 72 70 65 58 58 57 74 82 73 74 122 122 239 242 234 227 231 222 215 215 196 188 169 160 138 100 100 78 52 42
156 158 166 166 176 172 168 178 200 207 218 218 235 240 247 258 265 278 278 279 280 305 332 348 345 392 392 392 377 367 361 365 359 355 355 357 364 364 360 366 363 363 353 347 311 197 166 126 94 94 91 92 103 96 95 110 97 97 71 124 110 99 133 221 221 255 253 249 241 229 220 209 209 201 185 171 148 124 89 89 69 54 49
164 171 175 175 176 194 180 198 193 214 228 228 221 223 243 251 261 271 271 269 299 314 323 345 368 377 377 382 374 366 360 360 358 358 358 354 358 352 359 358 359 359 351 343 340 323 246 146 126 126 130 134 181 146 158 170 110 110 107 131 161 169 150 251 251 258 251 236 233 224 215 205 205 199 170 170 155 146 110 110 79 35 32
158 170 167 167 183 203 200 202 215 207 210 210 225 236 247 262 278 279 279 290 294 303 311 321 340 364 364 366 362 362 361 356 360 360 360 349 356 350 359 359 354 354 348 338 338 335 309 241 210 210 204 217 233 252 229 188 188 146 152 144 201 260 254 251 251 249 237 228 221 200 210 201 201 196 191 162 123 106 82 82 47 56 57
165 165 176 176 191 196 192 200 204 213 224 224 231 245 236 250 250 267 267 294 309 313 327 328 345 369 369 365 357 361 359 358 356 357 357 358 350 362 355 354 347 347 352 344 319 344 330 311 264 264 264 271 282 289 279 215 215 192 220 204 223 258 258 245 245 247 240 216 200 183 181 191 191 171 145 122 89 69 60 60 67 70 60
175 175 183 183 185 186 190 201 202 215 219 219 218 232 253 254 268 264 264 275 296 295 303 320 337 345 345 354 359 359 365 366 357 355 355 356 356 355 353 350 342 342 334 344 334 307 322 330 331 331 317 319 315 317 306 267 267 261 281 265 265 251 239 239 239 225 210 196 189 178 151 134 134 134 107 100 81 95 89 89 82 78 73
173 176 178 178 186 193 189 197 198 206 207 207 223 232 247 252 262 277 277 283 293 299 307 313 321 335 335 345 361 358 355 360 356 352 352 356 353 349 350 342 337 337 329 328 325 323 301 315 317 317 319 315 311 293 287 280 280 280 271 268 267 255 239 229 229 210 184 168 165 161 154 133 133 119 108 109 106 107 106 106 104 87 82
173 176 178 178 186 193 189 197 198 206 207 207 223 232 247 252 262 277 277 283 293 299 307 313 321 335 335 345 361 358 355 360 356 356 352 356 353 349 350 342 337 337 329 328 325 323 301 315 317 317 319 315 311 293 287 280 280 280 271 268 267 255 239 229 229 210 184 168 165 161 154 133 133 119 108 109 106 107 106 106 104 87 82
165 169 175 175 187 195 196 195 206 207 212 212 218 221 237 251 257 269 269 279 289 291 301 312 323 345 345 356 357 360 356 353 357 357 353 350 352 348 349 346 335 335 329 331 310 306 290 293 298 298 300 289 291 283 271 266 266 256 242 249 253 252 231 194 194 187 189 209 206 185 170 154 154 151 147 137 120 125 140 140 125 99 95
170 171 176 176 185 191 190 202 203 202 210 210 223 226 237 250 257 269 269 274 281 291 303 314 318 340 340 353 360 362 360 357 355 355 356 360 354 351 352 347 349 349 332 328 324 317 313 297 284 284 280 271 275 266 258 248 248 246 244 236 230 222 206 229 229 209 219 223 214 207 200 185 185 173 169 159 148 147 132 132 110 127 112
166 174 177 177 182 189 193 199 206 205 213 213 216 230 229 236 250 255 255 266 275 285 293 307 318 326 326 343 352 361 367 367 356 356 357 357 357 355 354 347 345 345 350 341 331 315 316 306 295 295 287 278 274 269 261 253 253 257 259 254 247 241 244 229 229 233 231 237 243 235 221 200 200 187 167 164 169 155 135 135 134 134 123
157 162 174 174 182 185 193 201 201 205 205 210 222 229 225 235 247 258 258 265 268 281 285 306 316 324 324 339 354 360 369 371 370 370 364 365 365 368 360 361 350 350 353 355 340 322 314 309 296 296 295 290 288 280 274 261 261 260 259 262 252 251 247 244 244 248 245 259 260 250 236 209 209 200 197 176 165 147 148 148 145 137 120
166 166 177 177 180 190 197 201 203 204 204 213 223 222 235 235 248 252 252 262 267 280 277 298 311 320 320 325 337 342 362 371 368 368 370 377 369 366 369 364 356 356 358 369 351 340 322 319 307 307 297 298 299 287 274 273 273 272 274 271 261 262 254 251 251 259 265 271 282 243 232 236 236 232 188 171 171 172 166 166 156 141 138
176 172 178 178 181 192 193 200 202 205 205 218 223 227 233 239 243 251 251 259 260 272 285 294 299 309 309 331 340 352 371 364 371 371 373 370 368 370 371 372 369 369 360 382 376 347 336 328 309 309 314 306 295 291 281 286 286 282 275 277 273 267 264 260 260 266 272 284 278 260 238 212 212 196 186 191 180 165 153 153 152 140 143
169 164 180 180 182 183 181 186 202 201 201 206 219 233 228 233 234 249 249 252 257 271 279 291 303 312 312 326 344 366 374 377 378 378 379 380 379 381 385 378 372 372 376 391 371 364 338 330 326 326 323 315 307 297 303 297 297 291 286 286 279 274 277 273 273 280 286 290 259 240 234 230 230 205 215 198 180 180 164 164 152 136 123
169 164 180 180 182 183 181 186 202 201 201 206 219 233 228 233 234 249 249 252 257 271 279 291 303 312 312 326 344 366 374 377 378 378 379 380 379 381 385 378 372 372 376 391 371 364 338 330 326 326 323 315 307 297 303 297 297 291 286 286 279 274 277 273 273 280 286 290 259 240 234 230 230 205 215 198 180 180 164 164 152 136 123
169 172 175 175 174 189 197 205 205 205 205 206 217 219 226 234 239 244 244 250 258 268 285 285 303 314 314 333 336 348 374 382 385 385 385 388 391 385 385 382 384 384 390 398 352 346 343 344 336 336 333 321 321 319 317 306 306 304 295 292 293 284 285 289 289 291 298 297 277 261 231 213 213 227 217 205 190 173 147 147 132 124 105
164 173 176 176 185 190 183 191 193 207 207 210 217 221 228 232 233 238 238 248 265 267 276 285 297 314 314 323 312 320 332 373 388 388 396 401 393 393 392 394 393 393 392 371 359 363 357 356 353 353 349 331 339 339 337 322 322 313 305 302 301 297 298 299 299 305 312 300 280 265 268 253 253 233 230 216 188 160 158 158 163 150 129
169 166 181 181 181 189 198 191 196 199 199 205 211 216 226 228 234 235 235 246 252 259 271 283 287 288 288 298 308 329 336 346 368 368 396 407 405 403 400 398 401 401 400 375 363 375 368 369 368 368 362 349 354 372 371 342 342 325 313 312 315 311 311 314 314 315 312 278 260 260 246 237 237 229 209 191 160 176 180 180 176 140 127
175 171 177 177 175 184 188 199 201 205 205 209 211 217 220 231 235 238 238 246 257 266 271 276 280 298 298 313 317 315 336 366 364 364 370 401 416 419 416 412 409 409 389 377 375 403 389 401 385 385 380 386 397 393 362 342 342 331 329 327 323 326 327 322 322 320 294 277 261 235 224 210 210 200 183 195 197 189 189 189 163 154 126
165 172 174 174 179 179 187 191 200 203 203 204 211 211 219 230 235 246 246 245 258 266 275 280 284 270 270 296 313 337 342 318 332 332 329 399 424 432 438 428 407 407 385 393 383 383 422 443 401 401 398 425 406 396 363 361 361 355 334 336 336 336 332 312 312 277 262 255 251 249 251 244 244 207 223 214 202 206 195 195 174 149 137
174 171 171 171 173 183 189 198 203 199 199 202 193 202 209 219 223 233 233 243 257 263 267 269 257 277 277 282 286 302 277 271 284 284 301 325 373 456 422 407 402 402 390 398 402 393 427 454 448 448 430 406 400 375 374 372 372 362 352 349 340 336 324 313 313 301 299 280 262 240 232 221 221 230 222 203 191 177 157 157 155 138 145
174 171 176 176 181 183 184 196 200 193 193 198 183 200 215 222 227 228 228 240 249 259 268 257 234 269 269 275 265 265 270 275 326 326 326 332 371 440 457 428 403 403 397 413 422 404 411 436 402 402 406 414 405 389 371 356 356 357 350 345 336 325 311 306 306 295 278 272 263 260 252 227 227 210 191 185 177 174 172 172 160 149 151
172 178 176 176 181 183 184 196 200 193 193 198 183 200 215 222 227 228 228 240 249 259 268 257 234 269 269 275 265 265 270 275 326 326 326 332 371 440 457 428 403 403 397 413 422 404 411 436 402 402 406 414 405 389 371 356 356 357 350 345 336 325 311 306 306 295 278 272 263 260 252 227 227 210 191 185 177 174 172 172 160 149 151
169 168 174 174 177 168 172 186 191 186 186 171 193 203 217 215 232 238 238 239 241 249 250 239 239 245 245 246 266 255 274 301 316 316 367 370 396 452 423 418 412 412 410 410 433 420 429 439 406 406 395 383 373 363 369 359 359 351 340 334 328 323 317 308 308 293 292 276 271 258 249 238 238 221 220 213 198 204 184 184 176 158 161
157 166 170 170 164 172 180 169 164 171 171 174 171 188 198 203 221 213 213 223 233 228 227 231 224 237 237 263 244 251 255 283 307 307 338 407 375 412 449 446 430 430 426 412 435 448 450 416 411 411 388 378 376 376 363 352 352 344 341 337 323 311 318 313 313 297 288 284 274 257 248 226 226 223 231 214 204 179 160 160 166 163 178
165 166 151 151 156 145 154 157 182 188 188 194 194 180 186 191 200 204 204 221 232 198 205 204 252 254 254 229 243 247 277 264 283 283 327 392 350 332 352 450 453 453 432 424 445 466 416 401 394 394 377 374 352 355 351 336 336 341 333 322 324 318 300 300 300 293 291 280 270 249 246 245 245 247 223 206 176 175 177 177 180 171 184
163 154 134 134 150 176 180 183 181 187 187 196 190 199 203 206 220 212 212 212 222 172 226 248 249 234 234 236 229 237 252 262 283 283 310 346 335 318 342 376 444 444 452 438 471 442 433 403 385 385 387 368 363 337 339 325 325 314 306 306 310 308 306 297 297 282 257 279 271 259 247 221 221 212 208 185 177 193 184 184 180 185 194
141 131 168 168 175 176 185 166 156 164 164 186 183 203 206 216 178 195 195 216 173 206 236 250 243 221 221 209 239 249 244 254 273 273 313 312 307 311 317 346 380 380 473 481 431 407 387 401 382 382 361 371 347 352 345 332 332 323 318 323 306 304 294 288 288 272 259 254 273 265 241 223 223 232 227 206 196 210 187 187 191 193 189
111 152 175 175 160 168 180 159 180 170 170 187 201 190 199 194 186 209 209 181 192 234 242 241 243 206 206 200 256 259 287 292 300 300 316 286 283 321 350 357 356 356 408 448 410 393 387 379 375 375 366 361 360 351 346 327 327 318 306 305 291 301 286 289 289 285 280 263 261 260 256 240 240 205 190 195 220 213 202 202 192 183 175
111 152 175 175 160 168 180 159 180 170 170 187 201 190 199 194 186 209 209 195 197 231 231 237 236 228 228 199 237 242 232 234 255 255 310 271 276 316 326 360 402 402 418 380 412 425 404 377 377 377 375 377 360 339 337 339 339 327 313 290 290 272 272 273 273 251 267 272 244 240 226 225 225 232 231 224 212 212 204 204 203 200 199
119 133 160 160 136 171 138 144 153 174 174 193 185 204 202 138 178 149 149 195 197 231 231 237 236 228 228 199 237 242 232 234 255 255 310 271 276 316 326 360 402 402 418 380 412 425 404 377 377 377 375 377 360 339 337 339 339 327 313 290 290 272 272 273 273 251 267 272 244 240 226 225 225 232 231 224 212 212 204 204 203 200 199
131 150 116 116 151 150 131 134 170 161 161 173 183 199 175 190 218 211 211 208 206 226 224 229 223 227 227 182 240 212 213 261 272 272 262 244 261 282 290 344 366 366 411 376 347 364 394 385 395 395 387 374 359 355 356 343 343 327 309 284 286 290 288 281 281 272 253 252 250 237 244 238 238 233 231 221 219 218 223 223 206 213 208
133 152 123 123 156 117 99 136 150 160 160 179 181 191 156 187 206 213 213 217 216 224 232 212 213 209 209 192 200 193 207 235 234 234 230 232 241 270 269 305 357 357 372 337 330 365 411 415 413 413 387 375 367 375 354 326 326 303 309 302 295 294 286 279 279 266 257 259 254 254 241 243 243 233 226 233 234 225 214 214 217 219 207
