validation/tavurvur/tavurvur_topography.txt
ncols         150
nrows         150
xllcorner     397339
yllcorner     9516206
cellsize      201
NODATA_value  -9999
[rows 37 to 73 of 150, columns 0 to 82 of 150]
-9999 -9999 -9999 -9999 -9999 -9999 -9999 -9999 -9999 -9999 -9999 -9999 -9999 -9999 -9999 -9999 -9999 -9999 -9999 -9999 -9999 -9999 -9999 -9999 -9999 -9999 -9999 -9999 -9999 -9999 -9999 -9999 -9999 -9999 -9999 -9999 -9999 5 17 31 37 40 40 44 63 84 102 143 178 178 214 267 300 306 290 242 242 242 197 240 275 249 217 167 143 143 102 59 30 17 -9999 -9999 -9999 -9999 -9999 -9999 -9999 -9999 -9999 -9999 -9999 -9999 -9999
-9999 -9999 -9999 -9999 -9999 -9999 -9999 -9999 -9999 -9999 -9999 -9999 -9999 -9999 -9999 -9999 -9999 -9999 -9999 -9999 -9999 -9999 -9999 -9999 -9999 -9999 -9999 -9999 -9999 -9999 -9999 -9999 -9999 -9999 -9999 -9999 -9999 -9999 15 25 44 64 64 71 94 119 119 120 151 151 180 230 309 370 305 272 243 243 266 285 262 238 160 142 98 98 66 36 23 13 -9999 -9999 -9999 -9999 -9999 -9999 -9999 -9999 -9999 -9999 -9999 -9999 -9999
-9999 -9999 -9999 -9999 -9999 -9999 -9999 -9999 -9999 -9999 -9999 -9999 -9999 -9999 -9999 -9999 -9999 -9999 -9999 -9999 -9999 -9999 -9999 -9999 -9999 -9999 -9999 -9999 -9999 -9999 -9999 -9999 -9999 -9999 -9999 -9999 -9999 16 17 35 58 55 55 59 77 84 123 156 206 206 211 287 381 391 353 290 307 307 333 306 267 202 146 89 59 59 89 82 37 19 -9999 -9999 -9999 -9999 -9999 -9999 -9999 -9999 -9999 -9999 -9999 -9999 -9999
-9999 -9999 -9999 -9999 -9999 -9999 -9999 -9999 -9999 -9999 -9999 -9999 -9999 -9999 -9999 -9999 -9999 -9999 -9999 -9999 -9999 -9999 -9999 -9999 -9999 -9999 -9999 -9999 -9999 -9999 -9999 -9999 -9999 -9999 -9999 -9999 -9999 9 17 49 90 83 83 85 81 131 168 145 241 241 289 288 426 437 396 315 312 312 254 208 174 160 136 132 176 176 129 79 36 19 -9999 -9999 -9999 -9999 -9999 -9999 -9999 -9999 -9999 -9999 -9999 -9999 -9999
-9999 -9999 -9999 -9999 -9999 -9999 -9999 -9999 -9999 -9999 -9999 -9999 -9999 -9999 -9999 -9999 -9999 -9999 -9999 -9999 -9999 -9999 -9999 -9999 -9999 -9999 -9999 -9999 -9999 -9999 -9999 -9999 -9999 -9999 -9999 -9999 -9999 13 25 46 77 82 82 110 129 126 141 215 226 226 310 396 482 414 352 362 351 351 278 247 257 253 242 206 170 170 138 82 34 24 -9999 -9999 -9999 -9999 -9999 -9999 -9999 -9999 -9999 -9999 -9999 -9999 -9999
-9999 -9999 -9999 -9999 -9999 -9999 -9999 -9999 -9999 -9999 -9999 -9999 -9999 -9999 -9999 -9999 -9999 -9999 -9999 -9999 -9999 -9999 -9999 -9999 -9999 -9999 -9999 -9999 -9999 -9999 -9999 -9999 -9999 -9999 -9999 -9999 -9999 13 30 55 52 59 59 70 98 154 176 191 232 232 276 414 512 469 422 389 327 327 217 183 178 181 207 156 88 88 74 51 36 24 -9999 -9999 -9999 -9999 -9999 -9999 -9999 -9999 -9999 -9999 -9999 -9999 -9999
-9999 -9999 -9999 -9999 -9999 -9999 -9999 -9999 -9999 -9999 -9999 -9999 -9999 -9999 -9999 -9999 -9999 -9999 -9999 -9999 -9999 -9999 -9999 -9999 -9999 -9999 -9999 -9999 -9999 -9999 -9999 -9999 -9999 -9999 -9999 -9999 -9999 11 30 55 52 59 59 70 98 154 176 191 232 232 276 414 512 469 422 389 327 327 217 183 178 181 207 156 88 88 74 51 36 24 -9999 -9999 -9999 -9999 -9999 -9999 -9999 -9999 -9999 -9999 -9999 -9999 -9999
-9999 -9999 -9999 -9999 -9999 -9999 -9999 -9999 -9999 -9999 -9999 -9999 -9999 -9999 -9999 -9999 -9999 -9999 -9999 -9999 -9999 -9999 -9999 -9999 -9999 -9999 -9999 -9999 -9999 -9999 -9999 -9999 -9999 -9999 -9999 -9999 6 15 33 37 41 58 58 73 122 101 151 217 282 282 369 418 341 414 369 333 245 245 239 200 146 127 124 146 121 121 77 46 28 18 -9999 -9999 -9999 -9999 -9999 -9999 -9999 -9999 -9999 -9999 -9999 -9999 -9999
-9999 -9999 -9999 -9999 -9999 -9999 -9999 -9999 -9999 -9999 -9999 -9999 -9999 -9999 -9999 -9999 -9999 -9999 -9999 -9999 -9999 -9999 -9999 -9999 -9999 -9999 -9999 -9999 -9999 -9999 -9999 -9999 -9999 -9999 -9999 -9999 16 19 35 47 71 78 78 67 91 110 147 148 210 210 302 281 267 369 264 250 285 285 205 162 162 127 74 71 70 70 52 33 23 38 23 -9999 -9999 -9999 -9999 -9999 -9999 -9999 -9999 -9999 -9999 -9999 -9999
-9999 -9999 -9999 -9999 -9999 -9999 -9999 -9999 -9999 -9999 -9999 -9999 -9999 -9999 -9999 -9999 -9999 -9999 -9999 -9999 -9999 -9999 -9999 -9999 -9999 -9999 -9999 -9999 -9999 -9999 -9999 -9999 -9999 -9999 -9999 -9999 16 22 31 30 45 48 48 69 85 87 124 174 222 222 198 184 178 303 286 173 172 172 189 182 128 105 75 65 48 48 65 56 51 37 16 -9999 -9999 -9999 -9999 -9999 -9999 -9999 -9999 -9999 -9999 -9999 -9999
-9999 -9999 -9999 -9999 -9999 -9999 -9999 -9999 -9999 -9999 -9999 -9999 -9999 -9999 -9999 -9999 -9999 -9999 -9999 -9999 -9999 -9999 -9999 -9999 -9999 -9999 -9999 -9999 -9999 -9999 -9999 -9999 -9999 -9999 -9999 -9999 18 35 56 62 39 64 64 77 103 109 127 129 176 176 108 113 135 213 161 160 104 104 182 156 168 165 119 122 113 113 87 60 49 40 14 -1 -1 -9999 -9999 -9999 -9999 -9999 -9999 -9999 -9999 -9999 -9999
-9999 -9999 -9999 -9999 -9999 -9999 -9999 -9999 -9999 -9999 -9999 -9999 -9999 -9999 -9999 -9999 -9999 -9999 -9999 -9999 -9999 -9999 -9999 -9999 -9999 -9999 -9999 -9999 -9999 -9999 -9999 -9999 -9999 -9999 -9999 12 23 37 69 83 66 65 65 63 76 104 130 155 86 86 62 58 91 110 98 111 66 66 68 62 78 153 182 136 92 92 79 68 55 35 37 14 14 -9999 -9999 -9999 -9999 -9999 -9999 -9999 -9999 -9999 -9999
-9999 -9999 -9999 -9999 -9999 -9999 -9999 -9999 -9999 -9999 -9999 -9999 -9999 -9999 -9999 -9999 -9999 -9999 -9999 -9999 -9999 -9999 -9999 -9999 -9999 -9999 -9999 -9999 -9999 -9999 -9999 -9999 -9999 6 6 12 36 70 76 86 99 87 87 97 103 107 85 67 56 56 42 41 34 51 32 24 36 36 30 32 43 46 149 171 111 111 88 73 59 53 41 27 27 -9999 -9999 -9999 -9999 -9999 -9999 -9999 -9999 -9999 -9999
-9999 -9999 -9999 -9999 -9999 -9999 -9999 -9999 -9999 -9999 -9999 -9999 -9999 -9999 -9999 -9999 -9999 -9999 -9999 -9999 -9999 -9999 -9999 -9999 -9999 -9999 -9999 -9999 -9999 -9999 -9999 -9999 -9999 6 6 12 36 70 76 86 99 87 87 97 103 107 85 67 56 56 42 41 34 51 32 24 36 36 16 17 21 27 56 136 122 122 100 74 77 70 61 48 48 18 -9999 -9999 -9999 -9999 -9999 -9999 -9999 -9999 -9999
-9999 -9999 -9999 -9999 -9999 -9999 -9999 -9999 -9999 -9999 -9999 -9999 -9999 -9999 -9999 -9999 -9999 -9999 -9999 -9999 -9999 -9999 -9999 -9999 -9999 -9999 -9999 -9999 -9999 -9999 -9999 -9999 -9999 8 8 18 32 45 50 66 108 92 92 147 98 84 48 41 28 28 23 22 16 10 10 8 15 15 16 17 21 27 56 136 122 122 100 74 77 70 61 48 48 18 -9999 -9999 -9999 -9999 -9999 -9999 -9999 -9999 -9999
-9999 -9999 -9999 -9999 -9999 -9999 -9999 18 9 18 15 15 20 14 -1 -9999 -9999 -9999 -9999 -9999 -9999 -9999 -9999 -9999 -9999 -9999 -9999 -9999 -9999 -9999 -9999 -9999 -9999 13 13 26 55 59 63 73 84 152 152 132 73 58 33 21 14 14 12 9 8 6 6 7 12 12 11 13 17 25 55 116 113 113 99 96 97 90 87 61 61 33 3 -9999 -9999 -9999 -9999 -9999 -9999 -9999 -9999
-9999 -9999 -9999 -9999 -9999 25 16 33 65 41 30 30 54 28 -9999 -9999 -9999 -9999 -9999 -9999 -9999 -9999 -9999 -9999 -9999 -9999 -9999 -9999 -9999 -9999 -9999 11 17 17 17 44 57 60 89 113 110 118 118 103 56 35 19 11 10 10 8 4 6 4 2 3 7 7 6 15 18 23 63 102 118 118 110 99 120 116 123 102 102 83 57 42 28 -9999 -9999 -9999 -9999 -9999 -9999
-9999 -9999 -9999 -9999 16 24 50 64 76 61 72 72 69 47 -9999 -9999 -9999 -9999 -9999 -9999 -9999 -9999 -9999 -9999 -9999 -9999 -9999 -9999 -9999 -9999 -9999 14 18 30 30 36 42 62 80 77 85 118 118 101 49 24 15 10 0 0 -9999 -9999 -9999 -9999 -9999 -9999 6 6 7 12 12 37 91 108 114 114 123 114 126 149 155 148 148 138 122 101 62 25 -9999 -9999 -9999 -9999 -9999
25 22 18 18 24 55 59 98 125 83 57 57 51 43 -9999 -9999 -9999 -9999 -9999 -9999 -9999 -9999 -9999 -9999 -9999 -9999 -9999 -9999 -9999 -9999 12 12 45 51 51 59 78 69 72 80 107 131 131 93 51 18 6 -6 -9999 -9999 -9999 -9999 -9999 -9999 -9999 -9999 3 3 4 11 14 45 107 121 136 136 143 151 148 165 205 228 228 219 210 195 158 108 60 -9999 -9999 -9999 -9999
27 24 42 42 68 75 90 83 113 132 86 86 57 50 33 16 12 -9999 -9999 -9999 -9999 0 -9999 -9999 -9999 -9999 -9999 -9999 -9999 9 10 18 60 70 70 79 82 107 87 79 96 117 117 96 38 11 3 -9999 -9999 -9999 -9999 -9999 -9999 -9999 -9999 -9999 3 3 4 7 16 42 80 113 143 143 166 184 190 200 231 280 280 331 322 297 267 207 147 86 86 19 -9999
34 41 44 44 45 55 61 92 113 132 95 95 62 47 32 31 33 22 20 20 12 16 11 6 12 11 11 13 13 10 17 24 33 50 50 73 87 117 113 99 113 114 114 99 43 6 -9999 -9999 -9999 -9999 -9999 -9999 -9999 -9999 -9999 -9999 -9999 -9999 4 11 19 21 72 138 162 162 194 234 264 262 273 346 346 396 470 457 431 361 253 167 167 101 39
34 41 44 44 45 55 61 92 113 132 95 95 62 47 32 31 33 22 20 20 12 16 11 6 12 11 11 13 13 10 17 24 33 50 50 73 87 117 113 99 113 114 114 99 43 6 -9999 -9999 -9999 -9999 -9999 -9999 -9999 -9999 -9999 -9999 -9999 -9999 4 11 19 21 72 138 162 162 194 234 264 262 273 346 346 396 470 457 431 361 351 211 211 122 48
69 46 69 69 80 67 69 83 127 93 67 67 45 39 31 35 40 32 27 27 20 27 26 23 22 15 15 26 27 25 36 30 56 52 52 57 69 84 93 115 139 147 147 87 26 -9999 -9999 -9999 -9999 -9999 -9999 -9999 -9999 -9999 -9999 -9999 -9999 -9999 7 9 14 18 56 101 176 176 257 335 384 389 348 378 378 456 515 601 576 474 351 211 211 122 48
65 75 65 65 84 95 76 90 118 76 62 62 56 55 37 38 40 37 24 24 30 29 30 25 31 27 27 39 28 34 55 40 52 95 95 74 85 83 123 143 180 106 106 48 13 -9999 -9999 -9999 -9999 -9999 -9999 -9999 -9999 -9999 -9999 -9999 -1 -1 6 11 11 16 26 49 168 168 281 216 183 316 409 405 405 468 592 649 629 523 364 261 261 155 62
56 85 70 70 70 94 101 94 115 95 75 75 93 50 51 69 42 36 31 31 32 37 32 35 34 31 31 48 35 52 69 48 59 94 94 78 101 84 100 120 143 108 108 63 7 -9999 -9999 -9999 -9999 -9999 -9999 -9999 -9999 -9999 -9999 -9999 -9999 -9999 5 10 16 15 19 45 184 184 219 123 111 145 373 391 391 440 564 642 589 483 383 265 265 165 79
90 79 116 116 104 103 114 124 127 108 142 142 83 58 76 62 53 48 38 38 36 43 43 42 52 42 42 44 53 58 89 55 64 99 99 90 114 109 123 150 95 49 49 14 -9999 -9999 -9999 -9999 -9999 -9999 -9999 -9999 -9999 -9999 -9999 -9999 -9999 -9999 9 16 21 16 18 31 80 80 126 67 116 121 323 342 342 377 447 507 471 411 319 255 255 178 108
111 84 101 101 107 129 130 155 164 153 104 104 83 63 81 58 64 65 44 44 44 52 48 49 59 76 76 47 68 62 90 63 81 115 115 121 120 133 126 87 61 28 28 4 -9999 -9999 -9999 -9999 -9999 -9999 -9999 -9999 -9999 -9999 -9999 -9999 4 4 27 31 25 12 17 45 70 70 93 103 90 150 260 293 293 304 357 387 358 314 240 184 184 143 87
98 117 103 103 122 116 131 141 158 167 115 115 95 101 80 66 89 75 47 47 52 69 54 54 90 88 88 76 64 75 100 85 88 130 130 147 151 119 76 62 24 9 9 -9999 -9999 -9999 -9999 -9999 -9999 -9999 -9999 -9999 -9999 -9999 -9999 -9999 -9999 -9999 16 14 10 10 11 26 39 39 59 43 39 42 54 182 182 252 260 279 257 220 164 120 120 90 64
95 109 118 118 114 134 126 134 142 180 134 134 101 103 75 74 90 63 52 52 77 78 64 59 81 108 108 82 71 92 113 106 85 140 140 153 138 88 54 29 13 -9999 -9999 -9999 -9999 -9999 -9999 -9999 -9999 -9999 -9999 -9999 -9999 -9999 -9999 -9999 -9999 -9999 9 12 10 6 13 16 21 21 20 20 35 35 21 52 52 152 218 211 205 178 133 95 95 73 30
95 109 118 118 114 134 126 134 142 180 134 134 101 103 75 74 90 63 52 52 77 78 64 59 81 108 108 82 71 92 113 106 85 140 140 153 138 88 54 29 13 -9999 -9999 -9999 -9999 -9999 -9999 -9999 -9999 -9999 -9999 -9999 -9999 -9999 -9999 -9999 -9999 -9999 9 12 10 6 13 16 21 21 20 20 35 35 21 52 52 152 218 211 205 178 133 95 95 73 30
107 96 107 107 109 119 142 138 147 167 145 145 117 88 90 76 90 95 58 58 88 84 83 68 81 97 97 112 91 77 118 130 107 136 136 144 113 77 51 21 9 -9999 -9999 -9999 -9999 -9999 -9999 -9999 -9999 -9999 -9999 -9999 -9999 -9999 -9999 -9999 -9999 -9999 8 12 13 10 13 9 10 10 5 15 23 26 10 17 17 17 125 174 168 139 115 81 81 27 -9999
111 123 117 117 112 114 118 133 129 157 173 173 113 94 97 84 92 101 69 69 101 90 94 82 80 113 113 101 134 111 94 134 127 166 166 156 121 74 31 17 -9999 -9999 -9999 -9999 -9999 -9999 -9999 -9999 -9999 -9999 -9999 -9999 -9999 -9999 -9999 -9999 -9999 -9999 7 11 14 16 16 7 7 4 -9999 -9999 -9999 -9999 1 17 17 21 25 117 147 132 102 77 77 16 -9999
118 120 127 127 135 132 122 142 145 155 142 142 110 126 103 96 120 117 89 89 96 91 103 111 101 113 113 127 150 146 105 158 182 163 163 125 114 80 29 15 12 -9999 -9999 -9999 -9999 -9999 -9999 -9999 -9999 -9999 -9999 -9999 -9999 -9999 -9999 -9999 -9999 -9999 16 18 16 21 12 7 7 0 -9999 -9999 -9999 -9999 5 11 11 14 22 25 45 116 99 76 76 43 -9999
131 122 130 130 149 140 140 131 144 174 151 151 143 142 103 126 144 111 83 83 104 97 126 121 109 130 130 139 126 148 111 157 221 198 198 155 117 79 32 19 13 -9999 -9999 -9999 -9999 -9999 -9999 -9999 -9999 -9999 -9999 -9999 -9999 -9999 -9999 -9999 -9999 -9999 21 14 13 2 -9999 -9999 -9999 -9999 -9999 -9999 -9999 -9999 -9999 10 10 13 27 42 38 93 121 85 85 82 22
117 127 156 156 161 146 142 132 143 173 184 184 151 125 133 152 131 113 109 109 122 129 153 135 119 136 136 170 143 152 131 164 213 199 199 149 71 54 34 20 12 -9999 -9999 -9999 -9999 -9999 -9999 -9999 -9999 -9999 -9999 -9999 -9999 -9999 -9999 -9999 -9999 -9999 -9999 7 4 -9999 -9999 -9999 -9999 -9999 -9999 -9999 -9999 -9999 -9999 15 15 39 86 58 48 37 117 122 122 219 167
136 132 168 168 159 145 151 144 140 145 166 166 151 143 177 147 120 127 136 136 129 149 150 142 138 145 145 169 159 161 138 206 216 198 198 124 85 74 29 21 15 9 9 -9999 -9999 -9999 -9999 -9999 -9999 -9999 -9999 -9999 -9999 -9999 -9999 -9999 -9999 -9999 -9999 3 12 -9999 -9999 -9999 -9999 -9999 -9999 -9999 -9999 -9999 -9999 53 53 142 196 139 65 50 118 196 196 284 333
163 130 174 174 158 155 159 149 138 172 182 182 195 190 175 153 126 147 145 145 137 154 167 141 169 158 158 194 177 188 148 186 211 173 173 109 142 88 56 22 13 7 7 -9999 -9999 -9999 -9999 -9999 -9999 -9999 -9999 -9999 -9999 -9999 -9999 -9999 -9999 -9999 -9999 8 14 12 -9999 -9999 -9999 -9999 -9999 -9999 -9999 -9999 -9999 62 62 131 188 199 74 43 78 221 221 400 461
