testing/reference_output/merapi_output/merapi.regionaltopo.grd
DSAA
59 64
412432.3 471432.3
9106708.6 9170708.6
0.0 0.0
[rows 0 to 22 of 64, columns 0 to 51 of 59]
0.000000E+00 0.000000E+00 0.000000E+00 0.000000E+00 0.000000E+00 0.000000E+00 0.000000E+00 0.000000E+00 0.000000E+00 0.000000E+00 0.000000E+00 0.000000E+00 0.000000E+00 0.000000E+00 0.000000E+00 0.000000E+00 0.000000E+00 0.000000E+00 0.000000E+00 0.000000E+00 0.000000E+00 5.200000E+01 1.250000E+02 1.030000E+02 1.710000E+02 1.920000E+02 1.830000E+02 2.150000E+02 2.150000E+02 2.040000E+02 2.470000E+02 2.310000E+02 2.210000E+02 2.270000E+02 2.240000E+02 2.500000E+02 2.110000E+02 2.330000E+02 2.430000E+02 2.240000E+02 2.320000E+02 2.220000E+02 2.410000E+02 2.720000E+02 2.650000E+02 2.850000E+02 2.870000E+02 2.900000E+02 2.940000E+02 3.120000E+02 2.740000E+02 2.950000E+02
0.000000E+00 0.000000E+00 0.000000E+00 0.000000E+00 0.000000E+00 0.000000E+00 0.000000E+00 0.000000E+00 0.000000E+00 0.000000E+00 0.000000E+00 0.000000E+00 0.000000E+00 0.000000E+00 0.000000E+00 0.000000E+00 0.000000E+00 0.000000E+00 1.060000E+02 1.840000E+02 1.840000E+02 1.900000E+02 2.000000E+02 2.010000E+02 2.160000E+02 2.250000E+02 2.170000E+02 2.650000E+02 2.600000E+02 2.740000E+02 2.460000E+02 2.500000E+02 2.920000E+02 3.000000E+02 3.010000E+02 2.770000E+02 2.560000E+02 2.730000E+02 2.520000E+02 2.460000E+02 2.430000E+02 2.570000E+02 2.420000E+02 2.690000E+02 2.530000E+02 2.490000E+02 2.730000E+02 2.710000E+02 2.780000E+02 2.630000E+02 2.670000E+02 2.780000E+02
0.000000E+00 0.000000E+00 0.000000E+00 0.000000E+00 0.000000E+00 0.000000E+00 0.000000E+00 0.000000E+00 0.000000E+00 0.000000E+00 0.000000E+00 0.000000E+00 0.000000E+00 0.000000E+00 0.000000E+00 0.000000E+00 0.000000E+00 9.700000E+01 1.900000E+02 1.800000E+02 2.060000E+02 2.060000E+02 2.140000E+02 2.370000E+02 2.410000E+02 2.560000E+02 2.730000E+02 2.750000E+02 2.900000E+02 2.380000E+02 2.550000E+02 2.600000E+02 2.900000E+02 3.040000E+02 2.940000E+02 2.990000E+02 2.880000E+02 2.820000E+02 2.530000E+02 2.530000E+02 2.300000E+02 2.290000E+02 2.400000E+02 2.720000E+02 2.330000E+02 2.350000E+02 2.500000E+02 2.510000E+02 2.450000E+02 2.740000E+02 2.690000E+02 2.760000E+02
0.000000E+00 0.000000E+00 0.000000E+00 0.000000E+00 0.000000E+00 0.000000E+00 0.000000E+00 0.000000E+00 0.000000E+00 0.000000E+00 0.000000E+00 0.000000E+00 0.000000E+00 0.000000E+00 0.000000E+00 0.000000E+00 1.280000E+02 1.050000E+02 2.130000E+02 1.690000E+02 1.930000E+02 2.410000E+02 2.290000E+02 2.540000E+02 2.790000E+02 2.630000E+02 2.660000E+02 2.750000E+02 2.800000E+02 2.680000E+02 2.860000E+02 2.760000E+02 3.030000E+02 3.180000E+02 3.150000E+02 2.970000E+02 2.980000E+02 2.860000E+02 2.720000E+02 2.590000E+02 2.120000E+02 1.880000E+02 2.000000E+02 2.280000E+02 2.210000E+02 2.330000E+02 2.070000E+02 2.320000E+02 2.450000E+02 2.490000E+02 2.760000E+02 2.740000E+02
0.000000E+00 0.000000E+00 0.000000E+00 0.000000E+00 0.000000E+00 0.000000E+00 0.000000E+00 0.000000E+00 0.000000E+00 0.000000E+00 0.000000E+00 0.000000E+00 0.000000E+00 0.000000E+00 0.000000E+00 0.000000E+00 1.750000E+02 2.250000E+02 2.310000E+02 2.510000E+02 2.540000E+02 2.890000E+02 2.800000E+02 2.590000E+02 2.980000E+02 3.000000E+02 2.990000E+02 2.780000E+02 2.940000E+02 3.110000E+02 3.100000E+02 3.130000E+02 2.790000E+02 2.790000E+02 2.850000E+02 2.700000E+02 2.760000E+02 2.260000E+02 2.110000E+02 1.820000E+02 1.540000E+02 1.620000E+02 1.730000E+02 1.610000E+02 1.640000E+02 1.520000E+02 1.610000E+02 1.630000E+02 1.770000E+02 2.110000E+02 2.350000E+02 2.120000E+02
0.000000E+00 0.000000E+00 0.000000E+00 0.000000E+00 0.000000E+00 0.000000E+00 0.000000E+00 0.000000E+00 0.000000E+00 0.000000E+00 0.000000E+00 0.000000E+00 0.000000E+00 0.000000E+00 0.000000E+00 2.400000E+01 2.510000E+02 2.520000E+02 2.480000E+02 2.770000E+02 2.910000E+02 3.000000E+02 2.830000E+02 2.740000E+02 2.950000E+02 3.120000E+02 2.770000E+02 2.960000E+02 2.990000E+02 2.990000E+02 3.160000E+02 3.110000E+02 2.920000E+02 2.930000E+02 2.870000E+02 2.670000E+02 2.240000E+02 2.180000E+02 1.800000E+02 1.540000E+02 1.290000E+02 1.580000E+02 1.410000E+02 1.330000E+02 1.400000E+02 1.420000E+02 1.500000E+02 1.590000E+02 1.720000E+02 1.800000E+02 1.620000E+02 1.710000E+02
0.000000E+00 0.000000E+00 0.000000E+00 0.000000E+00 0.000000E+00 0.000000E+00 0.000000E+00 0.000000E+00 0.000000E+00 0.000000E+00 7.000000E+00 9.000000E+00 1.000000E+01 6.800000E+01 1.320000E+02 1.620000E+02 3.200000E+02 3.040000E+02 3.160000E+02 3.110000E+02 3.140000E+02 2.680000E+02 3.120000E+02 3.090000E+02 2.960000E+02 3.000000E+02 2.910000E+02 3.140000E+02 3.280000E+02 3.200000E+02 3.110000E+02 2.580000E+02 1.780000E+02 1.760000E+02 1.760000E+02 1.910000E+02 1.880000E+02 1.720000E+02 1.690000E+02 1.620000E+02 1.570000E+02 1.570000E+02 1.620000E+02 1.470000E+02 1.490000E+02 1.470000E+02 1.590000E+02 1.590000E+02 1.720000E+02 1.730000E+02 1.450000E+02 1.690000E+02
0.000000E+00 0.000000E+00 0.000000E+00 0.000000E+00 0.000000E+00 0.000000E+00 0.000000E+00 0.000000E+00 3.000000E+00 3.000000E+00 1.200000E+01 5.000000E+00 6.000000E+00 2.270000E+02 2.430000E+02 2.310000E+02 3.420000E+02 3.410000E+02 3.310000E+02 3.330000E+02 2.950000E+02 2.930000E+02 3.100000E+02 3.210000E+02 3.160000E+02 3.210000E+02 2.970000E+02 3.190000E+02 2.820000E+02 2.420000E+02 2.780000E+02 1.450000E+02 1.660000E+02 1.540000E+02 1.630000E+02 1.660000E+02 1.770000E+02 1.720000E+02 1.710000E+02 1.610000E+02 1.370000E+02 1.720000E+02 1.700000E+02 1.590000E+02 1.510000E+02 1.660000E+02 1.570000E+02 1.590000E+02 1.460000E+02 1.630000E+02 1.800000E+02 1.670000E+02
0.000000E+00 0.000000E+00 0.000000E+00 0.000000E+00 0.000000E+00 4.000000E+00 8.000000E+00 2.000000E+00 2.000000E+00 4.000000E+00 1.300000E+01 5.000000E+00 1.400000E+01 3.350000E+02 3.230000E+02 3.140000E+02 3.720000E+02 3.700000E+02 3.500000E+02 3.330000E+02 3.180000E+02 3.320000E+02 3.150000E+02 3.230000E+02 3.270000E+02 3.260000E+02 3.400000E+02 2.860000E+02 1.750000E+02 1.500000E+02 1.320000E+02 1.290000E+02 1.380000E+02 1.450000E+02 1.500000E+02 1.790000E+02 1.640000E+02 1.750000E+02 1.740000E+02 1.750000E+02 1.520000E+02 1.550000E+02 1.730000E+02 1.630000E+02 1.570000E+02 1.680000E+02 1.720000E+02 1.630000E+02 1.640000E+02 1.790000E+02 1.770000E+02 1.840000E+02
0.000000E+00 0.000000E+00 8.000000E+00 4.000000E+00 5.000000E+00 1.200000E+01 7.000000E+00 5.000000E+00 6.000000E+00 6.000000E+00 9.000000E+00 7.000000E+00 1.100000E+01 3.100000E+01 4.600000E+01 9.400000E+01 3.760000E+02 3.830000E+02 3.810000E+02 3.760000E+02 3.670000E+02 3.530000E+02 3.790000E+02 3.770000E+02 3.770000E+02 3.500000E+02 3.550000E+02 1.580000E+02 1.200000E+02 1.210000E+02 1.270000E+02 1.460000E+02 1.340000E+02 1.520000E+02 1.490000E+02 1.580000E+02 1.550000E+02 1.570000E+02 1.680000E+02 1.670000E+02 1.710000E+02 1.630000E+02 1.610000E+02 1.700000E+02 1.660000E+02 1.740000E+02 1.950000E+02 1.860000E+02 1.880000E+02 1.760000E+02 1.740000E+02 1.830000E+02
1.000000E+00 5.000000E+00 4.000000E+00 9.000000E+00 9.000000E+00 1.000000E+01 1.100000E+01 1.000000E+01 1.200000E+01 8.000000E+00 1.600000E+01 1.200000E+01 1.500000E+01 1.300000E+01 2.000000E+01 3.300000E+01 2.650000E+02 3.810000E+02 4.060000E+02 3.990000E+02 4.160000E+02 3.740000E+02 3.630000E+02 3.660000E+02 3.680000E+02 3.450000E+02 3.670000E+02 1.260000E+02 8.500000E+01 1.230000E+02 1.380000E+02 1.420000E+02 1.490000E+02 1.460000E+02 1.660000E+02 1.570000E+02 1.720000E+02 1.590000E+02 1.730000E+02 1.730000E+02 1.780000E+02 1.730000E+02 1.630000E+02 1.890000E+02 1.800000E+02 1.910000E+02 1.830000E+02 1.930000E+02 1.950000E+02 1.840000E+02 1.760000E+02 1.870000E+02
7.000000E+00 1.000000E+00 5.000000E+00 1.100000E+01 6.000000E+00 1.500000E+01 1.100000E+01 1.300000E+01 1.300000E+01 1.600000E+01 1.100000E+01 1.400000E+01 1.600000E+01 1.500000E+01 1.900000E+01 1.500000E+01 4.500000E+01 1.540000E+02 2.360000E+02 2.080000E+02 2.200000E+02 2.480000E+02 3.150000E+02 3.920000E+02 3.000000E+02 2.740000E+02 2.130000E+02 1.110000E+02 1.020000E+02 1.290000E+02 1.100000E+02 1.280000E+02 1.470000E+02 1.490000E+02 1.580000E+02 1.610000E+02 1.730000E+02 1.660000E+02 1.640000E+02 1.740000E+02 1.880000E+02 1.860000E+02 1.720000E+02 1.800000E+02 1.800000E+02 1.870000E+02 1.900000E+02 2.000000E+02 2.030000E+02 1.900000E+02 1.790000E+02 1.780000E+02
4.000000E+00 1.400000E+01 3.000000E+00 1.700000E+01 1.800000E+01 1.500000E+01 1.300000E+01 1.600000E+01 1.200000E+01 1.700000E+01 1.800000E+01 1.400000E+01 1.400000E+01 1.900000E+01 1.600000E+01 2.000000E+01 2.400000E+01 5.700000E+01 1.160000E+02 1.020000E+02 9.100000E+01 1.930000E+02 2.270000E+02 2.550000E+02 1.200000E+02 9.300000E+01 8.200000E+01 1.450000E+02 1.360000E+02 1.170000E+02 1.060000E+02 1.390000E+02 1.570000E+02 1.600000E+02 1.710000E+02 1.750000E+02 1.650000E+02 1.740000E+02 1.830000E+02 1.770000E+02 1.790000E+02 1.840000E+02 1.860000E+02 1.720000E+02 1.810000E+02 1.850000E+02 1.900000E+02 1.860000E+02 1.900000E+02 1.880000E+02 1.970000E+02 1.940000E+02
7.000000E+00 8.000000E+00 1.500000E+01 7.000000E+00 1.700000E+01 1.600000E+01 1.900000E+01 1.600000E+01 1.600000E+01 2.300000E+01 1.900000E+01 1.800000E+01 2.200000E+01 2.000000E+01 2.200000E+01 2.300000E+01 2.300000E+01 2.100000E+01 2.400000E+01 8.200000E+01 3.000000E+01 1.600000E+02 1.660000E+02 2.370000E+02 8.300000E+01 1.920000E+02 1.560000E+02 1.440000E+02 8.700000E+01 1.130000E+02 1.500000E+02 1.330000E+02 1.390000E+02 1.450000E+02 1.670000E+02 1.830000E+02 1.710000E+02 1.730000E+02 1.860000E+02 1.780000E+02 1.770000E+02 1.930000E+02 1.910000E+02 1.850000E+02 1.830000E+02 1.920000E+02 2.050000E+02 1.960000E+02 1.910000E+02 1.800000E+02 1.860000E+02 1.840000E+02
1.600000E+01 1.400000E+01 2.000000E+01 8.000000E+00 2.300000E+01 2.500000E+01 2.400000E+01 2.300000E+01 3.400000E+01 2.700000E+01 2.200000E+01 2.200000E+01 2.100000E+01 2.000000E+01 2.000000E+01 1.900000E+01 3.000000E+01 2.700000E+01 2.200000E+01 2.000000E+01 2.600000E+01 8.600000E+01 2.210000E+02 2.170000E+02 1.050000E+02 2.260000E+02 1.760000E+02 1.240000E+02 1.500000E+02 1.310000E+02 1.250000E+02 1.320000E+02 1.460000E+02 1.630000E+02 1.600000E+02 1.880000E+02 1.790000E+02 1.750000E+02 1.780000E+02 1.800000E+02 1.810000E+02 1.920000E+02 1.970000E+02 1.950000E+02 1.980000E+02 2.010000E+02 1.990000E+02 2.050000E+02 1.910000E+02 1.750000E+02 1.850000E+02 1.850000E+02
1.100000E+01 7.000000E+00 2.700000E+01 2.200000E+01 2.200000E+01 2.700000E+01 3.000000E+01 2.100000E+01 5.100000E+01 6.000000E+01 2.300000E+01 2.700000E+01 2.700000E+01 2.500000E+01 2.400000E+01 2.500000E+01 3.400000E+01 3.300000E+01 3.300000E+01 3.000000E+01 3.700000E+01 2.310000E+02 2.400000E+02 3.400000E+02 3.560000E+02 2.920000E+02 2.080000E+02 1.110000E+02 1.890000E+02 1.780000E+02 1.450000E+02 1.410000E+02 1.530000E+02 1.700000E+02 1.730000E+02 1.930000E+02 1.840000E+02 1.900000E+02 1.870000E+02 2.000000E+02 1.880000E+02 1.860000E+02 1.920000E+02 1.980000E+02 1.850000E+02 1.720000E+02 1.920000E+02 1.890000E+02 1.770000E+02 1.710000E+02 1.680000E+02 1.800000E+02
1.800000E+01 1.600000E+01 1.700000E+01 2.300000E+01 1.400000E+01 2.900000E+01 1.600000E+01 3.100000E+01 3.200000E+01 4.500000E+01 2.500000E+01 2.600000E+01 2.700000E+01 2.800000E+01 2.600000E+01 2.600000E+01 3.200000E+01 3.100000E+01 2.900000E+01 2.900000E+01 4.100000E+01 6.900000E+01 2.250000E+02 3.280000E+02 4.120000E+02 3.700000E+02 2.460000E+02 1.750000E+02 2.140000E+02 1.970000E+02 1.630000E+02 1.660000E+02 1.760000E+02 1.710000E+02 1.950000E+02 2.080000E+02 2.140000E+02 1.960000E+02 2.000000E+02 2.010000E+02 1.950000E+02 1.940000E+02 2.000000E+02 1.840000E+02 1.890000E+02 1.750000E+02 1.830000E+02 1.730000E+02 1.670000E+02 1.680000E+02 1.700000E+02 1.780000E+02
5.700000E+01 5.800000E+01 2.900000E+01 2.200000E+01 2.700000E+01 2.300000E+01 3.200000E+01 3.200000E+01 2.700000E+01 2.600000E+01 3.300000E+01 3.500000E+01 3.100000E+01 2.700000E+01 3.300000E+01 3.300000E+01 2.900000E+01 3.900000E+01 3.200000E+01 3.700000E+01 3.800000E+01 1.200000E+02 2.100000E+02 2.800000E+02 4.140000E+02 4.860000E+02 3.520000E+02 1.550000E+02 2.240000E+02 2.240000E+02 1.920000E+02 1.700000E+02 1.920000E+02 1.720000E+02 2.020000E+02 2.030000E+02 2.080000E+02 2.010000E+02 2.110000E+02 2.050000E+02 2.000000E+02 1.970000E+02 2.000000E+02 1.780000E+02 1.690000E+02 1.830000E+02 1.780000E+02 1.730000E+02 1.470000E+02 1.570000E+02 1.620000E+02 1.600000E+02
2.900000E+01 4.400000E+01 6.800000E+01 7.700000E+01 6.300000E+01 3.800000E+01 3.600000E+01 2.800000E+01 3.200000E+01 3.300000E+01 3.900000E+01 4.300000E+01 4.000000E+01 3.900000E+01 3.800000E+01 4.100000E+01 3.600000E+01 3.700000E+01 3.900000E+01 4.100000E+01 4.100000E+01 5.100000E+01 9.000000E+01 1.540000E+02 1.230000E+02 2.610000E+02 4.010000E+02 3.480000E+02 1.760000E+02 2.210000E+02 1.980000E+02 1.920000E+02 1.580000E+02 2.130000E+02 1.110000E+02 1.890000E+02 2.020000E+02 2.200000E+02 2.120000E+02 2.130000E+02 2.020000E+02 2.010000E+02 1.830000E+02 1.340000E+02 1.320000E+02 1.600000E+02 1.500000E+02 1.390000E+02 1.620000E+02 1.540000E+02 1.960000E+02 1.980000E+02
2.800000E+01 3.600000E+01 6.700000E+01 8.400000E+01 2.100000E+01 3.400000E+01 3.500000E+01 3.900000E+01 3.700000E+01 3.100000E+01 3.800000E+01 4.100000E+01 4.200000E+01 4.400000E+01 3.900000E+01 4.100000E+01 4.100000E+01 3.900000E+01 4.100000E+01 3.900000E+01 4.400000E+01 1.190000E+02 1.190000E+02 5.700000E+01 2.430000E+02 3.680000E+02 3.720000E+02 3.140000E+02 2.220000E+02 2.300000E+02 2.340000E+02 2.100000E+02 1.290000E+02 1.900000E+02 1.070000E+02 1.470000E+02 1.740000E+02 1.970000E+02 1.990000E+02 1.560000E+02 1.870000E+02 1.390000E+02 1.350000E+02 1.330000E+02 1.540000E+02 1.740000E+02 1.740000E+02 1.920000E+02 1.830000E+02 1.450000E+02 1.810000E+02 1.930000E+02
3.800000E+01 2.700000E+01 2.900000E+01 2.400000E+01 7.200000E+01 5.200000E+01 8.400000E+01 3.700000E+01 3.500000E+01 8.300000E+01 4.700000E+01 4.900000E+01 4.600000E+01 4.800000E+01 4.600000E+01 5.300000E+01 4.800000E+01 4.400000E+01 4.800000E+01 4.800000E+01 4.600000E+01 6.500000E+01 5.600000E+01 5.800000E+01 8.800000E+01 8.100000E+01 2.190000E+02 3.640000E+02 3.300000E+02 1.400000E+02 1.610000E+02 1.120000E+02 1.040000E+02 1.730000E+02 1.240000E+02 1.430000E+02 1.330000E+02 1.590000E+02 1.740000E+02 1.180000E+02 1.180000E+02 1.340000E+02 1.450000E+02 1.640000E+02 1.620000E+02 2.070000E+02 1.920000E+02 1.910000E+02 2.010000E+02 1.490000E+02 1.630000E+02 1.860000E+02
2.600000E+01 2.600000E+01 2.800000E+01 3.400000E+01 6.800000E+01 7.000000E+01 4.600000E+01 6.700000E+01 8.500000E+01 1.060000E+02 7.800000E+01 5.000000E+01 5.100000E+01 4.900000E+01 4.800000E+01 5.400000E+01 5.300000E+01 5.300000E+01 5.000000E+01 4.700000E+01 4.600000E+01 5.400000E+01 5.500000E+01 5.700000E+01 6.100000E+01 7.100000E+01 1.040000E+02 3.550000E+02 3.440000E+02 2.120000E+02 1.740000E+02 1.490000E+02 9.900000E+01 1.060000E+02 1.200000E+02 1.630000E+02 1.390000E+02 1.570000E+02 1.970000E+02 1.730000E+02 1.340000E+02 1.490000E+02 1.760000E+02 1.650000E+02 1.730000E+02 2.040000E+02 2.510000E+02 2.370000E+02 2.350000E+02 1.530000E+02 1.840000E+02 2.100000E+02
2.600000E+01 2.800000E+01 3.100000E+01 5.300000E+01 5.500000E+01 4.000000E+01 2.900000E+01 3.800000E+01 9.100000E+01 1.160000E+02 1.150000E+02 9.200000E+01 5.100000E+01 5.000000E+01 5.700000E+01 5.900000E+01 5.300000E+01 5.500000E+01 5.400000E+01 5.100000E+01 5.000000E+01 5.700000E+01 5.100000E+01 6.000000E+01 1.320000E+02 1.200000E+02 9.400000E+01 3.920000E+02 3.810000E+02 2.370000E+02 2.190000E+02 1.790000E+02 1.030000E+02 1.240000E+02 1.180000E+02 1.470000E+02 1.330000E+02 1.650000E+02 1.510000E+02 1.860000E+02 1.450000E+02 1.390000E+02 1.760000E+02 1.850000E+02 1.790000E+02 1.670000E+02 2.560000E+02 2.560000E+02 1.940000E+02 1.650000E+02 2.050000E+02 2.310000E+02
