testing/test_data/merapi.03h.depthick.asc
ncols 150
nrows 150
xllcorner 338149
yllcorner 9064984
cellsize 1352
NODATA_value -9999
[rows 115 to 137 of 150, columns 52 to 103 of 150]
0.761988E-03 0.228289E-02 0.655030E-02 0.179536E-01 0.468795E-01 0.116260E+00 0.272864E+00 0.603709E+00 0.125408E+01 0.243273E+01 0.438356E+01 0.728662E+01 0.109566E+02 0.143545E+02 0.166257E+02 0.174921E+02 0.169342E+02 0.144837E+02 0.106317E+02 0.703384E+01 0.421834E+01 0.230806E+01 0.114720E+01 0.523735E+00 0.218125E+00 0.838037E-01 0.296890E-01 0.969973E-02 0.293950E-02 0.827973E-03 0.216474E-03 0.530846E-04 0.121166E-04 0.260124E-05 0.525982E-06 0.999047E-07 0.178853E-07 0.302656E-08 0.486094E-09 0.742279E-10 0.107685E-10 0.148326E-11 0.195493E-12 0.247439E-13 0.300333E-14 0.348705E-15 0.386509E-16 0.415250E-17 0.428748E-18 0.428178E-19 0.413438E-20 0.386608E-21
0.997435E-03 0.292463E-02 0.821073E-02 0.220141E-01 0.562165E-01 0.136306E+00 0.312698E+00 0.676153E+00 0.137230E+01 0.260047E+01 0.457679E+01 0.742689E+01 0.108255E+02 0.137818E+02 0.156075E+02 0.161508E+02 0.154387E+02 0.129097E+02 0.935567E+01 0.611440E+01 0.366143E+01 0.199099E+01 0.994881E+00 0.452835E+00 0.189553E+00 0.729796E-01 0.260136E-01 0.860800E-02 0.262789E-02 0.747758E-03 0.198369E-03 0.493317E-04 0.114450E-04 0.249147E-05 0.512853E-06 0.991290E-07 0.180794E-07 0.312497E-08 0.512154E-09 0.796967E-10 0.118184E-10 0.167129E-11 0.224576E-12 0.288968E-13 0.357566E-14 0.424716E-15 0.483550E-16 0.529874E-17 0.557289E-18 0.569519E-19 0.563649E-20 0.537396E-21
0.128880E-02 0.370011E-02 0.101683E-01 0.266813E-01 0.666627E-01 0.158107E+00 0.354719E+00 0.749988E+00 0.148793E+01 0.275593E+01 0.473962E+01 0.750870E+01 0.106065E+02 0.131483E+02 0.145920E+02 0.149114E+02 0.139660E+02 0.114240E+02 0.821803E+01 0.533270E+01 0.316693E+01 0.172039E+01 0.855314E+00 0.390582E+00 0.164623E+00 0.636272E-01 0.227925E-01 0.758905E-02 0.234741E-02 0.677022E-03 0.181974E-03 0.457250E-04 0.107854E-04 0.238499E-05 0.497869E-06 0.979845E-07 0.182263E-07 0.319980E-08 0.533243E-09 0.849637E-10 0.128272E-10 0.184441E-11 0.253661E-12 0.333433E-13 0.421425E-14 0.510846E-15 0.594519E-16 0.665375E-17 0.718201E-18 0.745953E-19 0.751591E-20 0.733313E-21
0.164433E-02 0.462421E-02 0.124449E-01 0.319716E-01 0.781920E-01 0.181490E+00 0.398400E+00 0.824031E+00 0.159891E+01 0.289599E+01 0.486844E+01 0.752780E+01 0.103114E+02 0.124710E+02 0.135879E+02 0.137223E+02 0.126416E+02 0.101026E+02 0.717746E+01 0.463562E+01 0.274405E+01 0.148271E+01 0.738482E+00 0.337158E+00 0.142026E+00 0.553405E-01 0.200276E-01 0.669198E-02 0.208673E-02 0.607124E-03 0.165372E-03 0.421171E-04 0.100926E-04 0.226859E-05 0.479658E-06 0.958861E-07 0.181414E-07 0.324864E-08 0.550831E-09 0.892328E-10 0.137899E-10 0.202694E-11 0.283855E-12 0.380924E-13 0.490174E-14 0.606845E-15 0.722532E-16 0.826724E-17 0.911464E-18 0.965867E-19 0.993059E-20 0.990610E-21
0.207212E-02 0.571030E-02 0.150561E-01 0.378870E-01 0.907401E-01 0.206207E+00 0.443113E+00 0.896998E+00 0.170309E+01 0.301790E+01 0.496235E+01 0.748078E+01 0.995239E+01 0.117628E+02 0.126036E+02 0.125773E+02 0.113664E+02 0.896636E+01 0.629040E+01 0.403591E+01 0.236884E+01 0.127036E+01 0.633583E+00 0.289991E+00 0.122392E+00 0.480761E-01 0.174552E-01 0.589075E-02 0.185474E-02 0.545788E-03 0.150315E-03 0.385612E-04 0.936339E-05 0.213692E-05 0.459400E-06 0.933505E-07 0.179156E-07 0.327106E-08 0.566993E-09 0.933683E-10 0.146363E-10 0.219658E-11 0.314360E-12 0.430840E-13 0.565531E-14 0.712585E-15 0.866054E-16 0.101103E-16 0.113747E-17 0.123671E-18 0.129476E-19 0.131187E-20
0.257974E-02 0.696914E-02 0.180100E-01 0.444090E-01 0.104201E+00 0.231947E+00 0.488128E+00 0.967523E+00 0.179839E+01 0.311949E+01 0.502047E+01 0.736810E+01 0.953870E+01 0.110344E+02 0.116497E+02 0.114775E+02 0.101778E+02 0.788916E+01 0.548730E+01 0.349612E+01 0.204535E+01 0.110354E+01 0.545096E+00 0.250366E+00 0.106093E+00 0.415363E-01 0.151775E-01 0.516018E-02 0.164302E-02 0.488778E-03 0.135693E-03 0.354002E-04 0.866238E-05 0.200353E-05 0.436726E-06 0.904670E-07 0.177023E-07 0.326897E-08 0.575043E-09 0.964514E-10 0.154528E-10 0.235371E-11 0.344415E-12 0.481370E-13 0.642453E-14 0.825703E-15 0.102109E-15 0.121754E-16 0.139943E-17 0.155572E-18 0.166084E-19 0.171062E-20
0.317367E-02 0.840805E-02 0.213043E-01 0.514973E-01 0.118430E+00 0.258326E+00 0.532649E+00 0.103420E+01 0.188284E+01 0.319861E+01 0.504005E+01 0.719429E+01 0.908007E+01 0.102968E+02 0.107304E+02 0.104255E+02 0.907527E+01 0.692045E+01 0.477528E+01 0.302340E+01 0.176180E+01 0.947110E+00 0.468343E+00 0.214771E+00 0.913440E-01 0.359612E-01 0.132377E-01 0.453851E-02 0.144831E-02 0.435726E-03 0.122406E-03 0.323080E-04 0.800866E-05 0.187245E-05 0.414952E-06 0.868356E-07 0.173091E-07 0.326329E-08 0.583251E-09 0.991890E-10 0.161193E-10 0.251147E-11 0.372759E-12 0.530161E-13 0.723449E-14 0.948369E-15 0.119342E-15 0.144464E-16 0.169677E-17 0.192262E-18 0.210121E-19 0.220738E-20
0.385899E-02 0.100297E-01 0.249263E-01 0.590885E-01 0.133236E+00 0.284909E+00 0.575811E+00 0.109567E+01 0.195466E+01 0.325328E+01 0.501834E+01 0.696644E+01 0.858713E+01 0.956093E+01 0.984625E+01 0.942501E+01 0.805555E+01 0.605483E+01 0.414560E+01 0.260934E+01 0.151436E+01 0.811596E+00 0.401388E+00 0.184208E+00 0.785440E-01 0.311475E-01 0.114892E-01 0.396463E-02 0.127733E-02 0.386671E-03 0.109814E-03 0.293494E-04 0.737188E-05 0.174540E-05 0.390275E-06 0.827565E-07 0.167368E-07 0.320031E-08 0.583885E-09 0.100836E-09 0.167342E-10 0.264519E-11 0.400633E-12 0.578919E-13 0.803721E-14 0.107558E-14 0.138125E-15 0.170717E-16 0.203523E-17 0.234102E-18 0.260139E-19 0.280005E-20
0.463875E-02 0.118316E-01 0.288512E-01 0.670945E-01 0.148394E+00 0.311200E+00 0.616722E+00 0.115055E+01 0.201211E+01 0.328202E+01 0.495471E+01 0.669372E+01 0.807009E+01 0.883438E+01 0.899800E+01 0.847920E+01 0.711817E+01 0.528327E+01 0.358991E+01 0.224692E+01 0.129883E+01 0.694249E+00 0.343300E+00 0.157687E+00 0.673885E-01 0.268205E-01 0.994876E-02 0.345358E-02 0.112202E-02 0.341365E-03 0.977778E-04 0.263604E-04 0.672869E-05 0.161432E-05 0.365823E-06 0.787386E-07 0.161362E-07 0.314559E-08 0.580340E-09 0.102546E-09 0.171895E-10 0.276157E-11 0.425317E-12 0.628470E-13 0.887699E-14 0.120457E-14 0.157165E-15 0.197994E-16 0.240121E-17 0.281482E-18 0.319449E-19 0.349464E-20
0.551355E-02 0.138052E-01 0.330416E-01 0.754075E-01 0.163646E+00 0.336692E+00 0.654511E+00 0.119763E+01 0.205397E+01 0.328527E+01 0.484859E+01 0.638327E+01 0.753800E+01 0.812346E+01 0.818676E+01 0.759077E+01 0.626218E+01 0.459662E+01 0.310046E+01 0.193012E+01 0.111141E+01 0.592656E+00 0.292974E+00 0.134690E+00 0.576863E-01 0.230400E-01 0.859122E-02 0.299990E-02 0.981771E-03 0.301740E-03 0.875473E-04 0.238641E-04 0.611843E-05 0.148934E-05 0.342349E-06 0.747323E-07 0.154443E-07 0.304646E-08 0.571372E-09 0.102334E-09 0.174912E-10 0.284633E-11 0.445165E-12 0.669184E-13 0.965550E-14 0.133596E-14 0.177505E-15 0.227079E-16 0.280667E-17 0.334116E-18 0.384936E-19 0.432408E-20
0.648087E-02 0.159351E-01 0.374474E-01 0.838971E-01 0.178713E+00 0.360854E+00 0.688360E+00 0.123587E+01 0.207955E+01 0.326330E+01 0.470254E+01 0.604252E+01 0.699832E+01 0.743476E+01 0.741330E+01 0.676145E+01 0.548522E+01 0.398670E+01 0.267019E+01 0.165364E+01 0.948677E+00 0.504777E+00 0.249437E+00 0.114773E+00 0.492597E-01 0.197419E-01 0.739759E-02 0.259801E-02 0.856222E-03 0.265345E-03 0.776015E-04 0.213680E-04 0.554350E-05 0.136361E-05 0.318089E-06 0.702121E-07 0.147081E-07 0.294388E-08 0.560688E-09 0.101608E-09 0.176179E-10 0.293156E-11 0.466680E-12 0.709708E-13 0.103795E-13 0.146139E-14 0.198338E-15 0.258863E-16 0.323647E-17 0.392333E-18 0.461695E-19 0.525196E-20
0.753466E-02 0.181987E-01 0.420040E-01 0.924146E-01 0.193291E+00 0.383173E+00 0.717523E+00 0.126449E+01 0.208837E+01 0.321573E+01 0.452105E+01 0.567891E+01 0.645847E+01 0.677483E+01 0.667840E+01 0.599243E+01 0.478397E+01 0.344621E+01 0.229276E+01 0.141280E+01 0.807640E+00 0.428854E+00 0.211829E+00 0.975504E-01 0.419532E-01 0.168695E-01 0.635061E-02 0.224281E-02 0.744158E-03 0.232426E-03 0.685184E-04 0.190485E-04 0.499681E-05 0.124221E-05 0.293042E-06 0.655277E-07 0.139156E-07 0.281971E-08 0.545132E-09 0.100398E-09 0.176745E-10 0.298754E-11 0.481644E-12 0.743826E-13 0.110589E-13 0.158408E-14 0.218058E-15 0.289671E-16 0.370960E-17 0.458359E-18 0.546235E-19 0.629010E-20
0.866521E-02 0.205658E-01 0.466359E-01 0.100794E+00 0.207071E+00 0.403146E+00 0.741348E+00 0.128287E+01 0.208020E+01 0.314293E+01 0.431097E+01 0.530018E+01 0.592624E+01 0.614652E+01 0.598440E+01 0.528416E+01 0.415444E+01 0.296870E+01 0.196252E+01 0.120349E+01 0.685656E+00 0.363377E+00 0.179409E+00 0.826862E-01 0.356308E-01 0.143730E-01 0.543480E-02 0.192980E-02 0.644462E-03 0.202794E-03 0.602568E-04 0.169058E-04 0.448132E-05 0.112582E-05 0.268514E-06 0.607851E-07 0.130780E-07 0.268334E-08 0.525639E-09 0.982360E-10 0.175438E-10 0.300128E-11 0.491772E-12 0.773521E-13 0.116430E-13 0.169925E-14 0.236871E-15 0.320181E-16 0.417720E-17 0.523533E-18 0.635370E-19 0.745006E-20
0.985869E-02 0.229991E-01 0.512567E-01 0.108862E+00 0.219743E+00 0.420311E+00 0.759283E+00 0.129061E+01 0.205528E+01 0.304610E+01 0.407805E+01 0.491351E+01 0.540786E+01 0.555105E+01 0.533386E+01 0.463585E+01 0.359298E+01 0.254831E+01 0.167444E+01 0.102207E+01 0.580410E+00 0.307034E+00 0.151523E+00 0.698876E-01 0.301732E-01 0.122090E-01 0.463615E-02 0.165485E-02 0.556100E-03 0.176246E-03 0.527751E-04 0.149375E-04 0.399910E-05 0.101507E-05 0.244706E-06 0.560490E-07 0.122108E-07 0.253674E-08 0.503303E-09 0.953751E-10 0.172785E-10 0.299846E-11 0.499137E-12 0.798023E-13 0.122883E-13 0.180483E-14 0.255925E-15 0.350140E-16 0.464722E-17 0.595302E-18 0.732174E-19 0.876739E-20
0.110975E-01 0.254551E-01 0.557716E-01 0.116437E+00 0.231013E+00 0.434268E+00 0.770942E+00 0.128767E+01 0.201490E+01 0.292657E+01 0.382805E+01 0.452550E+01 0.490811E+01 0.498927E+01 0.472826E+01 0.404547E+01 0.309564E+01 0.217957E+01 0.142386E+01 0.865259E+00 0.489834E+00 0.258662E+00 0.127595E+00 0.588943E-01 0.254740E-01 0.103382E-01 0.394175E-02 0.141411E-02 0.478071E-03 0.152561E-03 0.460294E-04 0.131392E-04 0.355120E-05 0.910451E-06 0.221794E-06 0.513756E-07 0.113280E-07 0.238225E-08 0.478557E-09 0.918972E-10 0.168806E-10 0.297069E-11 0.501610E-12 0.813716E-13 0.127043E-13 0.190229E-14 0.275336E-15 0.382215E-16 0.512012E-17 0.665734E-18 0.836104E-19 0.101235E-19
0.123597E-01 0.278840E-01 0.600822E-01 0.123344E+00 0.240612E+00 0.444687E+00 0.776077E+00 0.127426E+01 0.196004E+01 0.278701E+01 0.356638E+01 0.414156E+01 0.443056E+01 0.446192E+01 0.416829E+01 0.351153E+01 0.265690E+01 0.185731E+01 0.120658E+01 0.730090E+00 0.412080E+00 0.217235E+00 0.107112E+00 0.494751E-01 0.214381E-01 0.872529E-02 0.333980E-02 0.120402E-02 0.409414E-03 0.131521E-03 0.399736E-04 0.115044E-04 0.313783E-05 0.812331E-06 0.199919E-06 0.468154E-07 0.104425E-07 0.222230E-08 0.451896E-09 0.878894E-10 0.163615E-10 0.291886E-11 0.499736E-12 0.822191E-13 0.130164E-13 0.198061E-14 0.290622E-15 0.410376E-16 0.558547E-17 0.736196E-18 0.939118E-19 0.115704E-19
0.136198E-01 0.302312E-01 0.640816E-01 0.129406E+00 0.248292E+00 0.451316E+00 0.774596E+00 0.125072E+01 0.189153E+01 0.263130E+01 0.329814E+01 0.376620E+01 0.397883E+01 0.396887E+01 0.365403E+01 0.303209E+01 0.227114E+01 0.157667E+01 0.101876E+01 0.613914E+00 0.345516E+00 0.181850E+00 0.896263E-01 0.414263E-01 0.179815E-01 0.733866E-02 0.281964E-02 0.102129E-02 0.349227E-03 0.112907E-03 0.345614E-04 0.100260E-04 0.275867E-05 0.720928E-06 0.179195E-06 0.424077E-07 0.956538E-08 0.205931E-08 0.423767E-09 0.834403E-10 0.157344E-10 0.284445E-11 0.493606E-12 0.823318E-13 0.132148E-13 0.204092E-14 0.303764E-15 0.435643E-16 0.602350E-17 0.805371E-18 0.104253E-18 0.130533E-19
0.148490E-01 0.324387E-01 0.676670E-01 0.134460E+00 0.253840E+00 0.453946E+00 0.766480E+00 0.121748E+01 0.181035E+01 0.246346E+01 0.302788E+01 0.340312E+01 0.355535E+01 0.351004E+01 0.318496E+01 0.260452E+01 0.193323E+01 0.133317E+01 0.856968E+00 0.514379E+00 0.288703E+00 0.151711E+00 0.747407E-01 0.345685E-01 0.150298E-01 0.615033E-02 0.237164E-02 0.862929E-03 0.296671E-03 0.965095E-04 0.297466E-04 0.869561E-05 0.241296E-05 0.636357E-06 0.159709E-06 0.381850E-07 0.870634E-08 0.189556E-08 0.394612E-09 0.786328E-10 0.150134E-10 0.274918E-11 0.483367E-12 0.817042E-13 0.132920E-13 0.208206E-14 0.314301E-15 0.457449E-16 0.642188E-17 0.871223E-18 0.114405E-18 0.145426E-19
0.160153E-01 0.344455E-01 0.707350E-01 0.138356E+00 0.257088E+00 0.452489E+00 0.751899E+00 0.117520E+01 0.171774E+01 0.228713E+01 0.275947E+01 0.305567E+01 0.316053E+01 0.308579E+01 0.276014E+01 0.222570E+01 0.163851E+01 0.112276E+01 0.718112E+00 0.429401E+00 0.240372E+00 0.126124E+00 0.621103E-01 0.287446E-01 0.125177E-01 0.513552E-02 0.198724E-02 0.726228E-03 0.250973E-03 0.821315E-04 0.254843E-04 0.750502E-05 0.209962E-05 0.558626E-06 0.141519E-06 0.341733E-07 0.787333E-08 0.173298E-08 0.364855E-09 0.735526E-10 0.142134E-10 0.263524E-11 0.469269E-12 0.803552E-13 0.132453E-13 0.210308E-14 0.321890E-15 0.475188E-16 0.676923E-17 0.931685E-18 0.124087E-18 0.160031E-19
0.170842E-01 0.361895E-01 0.731862E-01 0.140962E+00 0.257903E+00 0.446918E+00 0.731125E+00 0.112493E+01 0.161514E+01 0.210585E+01 0.249656E+01 0.272646E+01 0.279411E+01 0.269616E+01 0.237801E+01 0.189211E+01 0.138251E+01 0.941622E+00 0.599376E+00 0.357098E+00 0.199394E+00 0.104472E+00 0.514274E-01 0.238148E-01 0.103869E-01 0.427184E-02 0.165858E-02 0.608671E-03 0.211401E-03 0.695794E-04 0.217288E-04 0.644489E-05 0.181725E-05 0.487625E-06 0.124657E-06 0.303923E-07 0.707356E-08 0.157345E-08 0.334912E-09 0.682846E-10 0.133498E-10 0.250505E-11 0.451621E-12 0.783114E-13 0.130745E-13 0.210331E-14 0.326263E-15 0.488290E-16 0.705440E-17 0.984751E-18 0.132993E-18 0.173936E-19
0.180201E-01 0.376089E-01 0.749283E-01 0.142163E+00 0.256200E+00 0.437283E+00 0.704557E+00 0.106762E+01 0.150447E+01 0.192280E+01 0.224222E+01 0.241720E+01 0.245580E+01 0.234090E+01 0.203637E+01 0.160030E+01 0.116111E+01 0.786274E+00 0.498189E+00 0.295776E+00 0.164752E+00 0.862022E-01 0.424178E-01 0.196539E-01 0.858489E-02 0.353910E-02 0.137853E-02 0.507948E-03 0.177270E-03 0.586690E-04 0.184357E-04 0.550588E-05 0.156427E-05 0.423193E-06 0.109137E-06 0.268567E-07 0.631232E-08 0.141852E-08 0.305151E-09 0.629035E-10 0.124371E-10 0.236110E-11 0.430786E-12 0.756135E-13 0.127815E-13 0.208239E-14 0.327226E-15 0.496257E-16 0.726741E-17 0.102848E-17 0.140808E-18 0.186682E-19
0.187869E-01 0.386464E-01 0.758817E-01 0.141880E+00 0.251955E+00 0.423724E+00 0.672683E+00 0.100417E+01 0.138808E+01 0.174091E+01 0.199890E+01 0.212902E+01 0.214505E+01 0.201917E+01 0.173275E+01 0.134664E+01 0.970426E+00 0.653535E+00 0.412254E+00 0.243934E+00 0.135559E+00 0.708334E-01 0.348424E-01 0.161529E-01 0.706571E-02 0.291949E-02 0.114072E-02 0.421961E-03 0.147945E-03 0.492252E-04 0.155609E-04 0.467824E-05 0.133883E-05 0.365073E-06 0.949466E-07 0.235752E-07 0.559375E-08 0.126952E-08 0.275913E-09 0.574830E-10 0.114905E-10 0.220603E-11 0.407165E-12 0.723154E-13 0.123715E-13 0.204042E-14 0.324663E-15 0.498702E-16 0.739926E-17 0.106113E-17 0.147220E-18 0.197791E-19
0.193510E-01 0.392501E-01 0.759839E-01 0.140062E+00 0.245195E+00 0.406476E+00 0.636056E+00 0.935498E+00 0.126826E+01 0.156266E+01 0.176821E+01 0.186278E+01 0.186094E+01 0.172969E+01 0.146469E+01 0.112705E+01 0.806844E+00 0.540495E+00 0.339503E+00 0.200239E+00 0.111028E+00 0.579408E-01 0.284906E-01 0.132152E-01 0.578865E-02 0.239708E-02 0.939407E-03 0.348797E-03 0.122840E-03 0.410823E-04 0.130619E-04 0.395211E-05 0.113898E-05 0.312946E-06 0.820548E-07 0.205510E-07 0.492092E-08 0.112755E-08 0.247495E-09 0.520937E-10 0.105241E-10 0.204254E-11 0.381211E-12 0.684818E-13 0.118523E-13 0.197802E-14 0.318556E-15 0.495382E-16 0.744299E-17 0.108114E-17 0.151941E-18 0.206780E-19
