testing/test_data/merapi.03h.depthick.asc
ncols 150
nrows 150
xllcorner 338149
yllcorner 9064984
cellsize 1352
NODATA_value -9999
[rows 46 to 68 of 150, columns 52 to 103 of 150]
0.000000E+00 0.000000E+00 0.000000E+00 0.000000E+00 0.000000E+00 0.000000E+00 0.000000E+00 0.140130E-44 0.280260E-44 0.700649E-44 0.210195E-43 0.574532E-43 0.145735E-42 0.337713E-42 0.710458E-42 0.133684E-41 0.214399E-41 0.278718E-41 0.306324E-41 0.294413E-41 0.226310E-41 0.137467E-41 0.707656E-42 0.308286E-42 0.116308E-42 0.378351E-43 0.112104E-43 0.280260E-44 0.000000E+00 0.000000E+00 0.000000E+00 0.000000E+00 0.000000E+00 0.000000E+00 0.000000E+00 0.000000E+00 0.000000E+00 0.000000E+00 0.000000E+00 0.000000E+00 0.000000E+00 0.000000E+00 0.000000E+00 0.000000E+00 0.000000E+00 0.000000E+00 0.000000E+00 0.000000E+00 0.000000E+00 0.000000E+00 0.000000E+00 0.000000E+00
0.000000E+00 0.000000E+00 0.000000E+00 0.000000E+00 0.000000E+00 0.140130E-44 0.560519E-44 0.182169E-43 0.630584E-43 0.200386E-42 0.599756E-42 0.167876E-41 0.436785E-41 0.104257E-40 0.226366E-40 0.440891E-40 0.739591E-40 0.999070E-40 0.112496E-39 0.110455E-39 0.873443E-40 0.535871E-40 0.276420E-40 0.120344E-40 0.446594E-41 0.142932E-41 0.397969E-42 0.980909E-43 0.210195E-43 0.420390E-44 0.140130E-44 0.000000E+00 0.000000E+00 0.000000E+00 0.000000E+00 0.000000E+00 0.000000E+00 0.000000E+00 0.000000E+00 0.000000E+00 0.000000E+00 0.000000E+00 0.000000E+00 0.000000E+00 0.000000E+00 0.000000E+00 0.000000E+00 0.000000E+00 0.000000E+00 0.000000E+00 0.000000E+00 0.000000E+00
0.000000E+00 0.000000E+00 0.000000E+00 0.140130E-44 0.840779E-44 0.336312E-43 0.128919E-42 0.469435E-42 0.163391E-41 0.537538E-41 0.166152E-40 0.480323E-40 0.128939E-39 0.318040E-39 0.714034E-39 0.143863E-38 0.252534E-38 0.355658E-38 0.411747E-38 0.412691E-38 0.335816E-38 0.208753E-38 0.108056E-38 0.468743E-39 0.172180E-39 0.542723E-40 0.148468E-40 0.355650E-41 0.755300E-42 0.142932E-42 0.252234E-43 0.420390E-44 0.000000E+00 0.000000E+00 0.000000E+00 0.000000E+00 0.000000E+00 0.000000E+00 0.000000E+00 0.000000E+00 0.000000E+00 0.000000E+00 0.000000E+00 0.000000E+00 0.000000E+00 0.000000E+00 0.000000E+00 0.000000E+00 0.000000E+00 0.000000E+00 0.000000E+00 0.000000E+00
0.000000E+00 0.280260E-44 0.980909E-44 0.448416E-43 0.190577E-42 0.784727E-42 0.309967E-41 0.116644E-40 0.418512E-40 0.142115E-39 0.453853E-39 0.135434E-38 0.375656E-38 0.958706E-38 0.222748E-37 0.465061E-37 0.851502E-37 0.125659E-36 0.150083E-36 0.153604E-36 0.128732E-36 0.812675E-37 0.422072E-37 0.182333E-37 0.662726E-38 0.205580E-38 0.551131E-39 0.129030E-39 0.266779E-40 0.493537E-41 0.823963E-42 0.124716E-42 0.168156E-43 0.280260E-44 0.000000E+00 0.000000E+00 0.000000E+00 0.000000E+00 0.000000E+00 0.000000E+00 0.000000E+00 0.000000E+00 0.000000E+00 0.000000E+00 0.000000E+00 0.000000E+00 0.000000E+00 0.000000E+00 0.000000E+00 0.000000E+00 0.000000E+00 0.000000E+00
0.980909E-44 0.448416E-43 0.211596E-42 0.966896E-42 0.425154E-41 0.180249E-40 0.733664E-40 0.285062E-39 0.105480E-38 0.369453E-38 0.121851E-37 0.376088E-37 0.107932E-36 0.285295E-36 0.686704E-36 0.148707E-35 0.283583E-35 0.439867E-35 0.544325E-35 0.569304E-35 0.491971E-35 0.316159E-35 0.164713E-35 0.708276E-36 0.254588E-36 0.776563E-37 0.203682E-37 0.465124E-38 0.935427E-39 0.167982E-39 0.271768E-40 0.399790E-41 0.538099E-42 0.672623E-43 0.840779E-44 0.140130E-44 0.000000E+00 0.000000E+00 0.000000E+00 0.000000E+00 0.000000E+00 0.000000E+00 0.000000E+00 0.000000E+00 0.000000E+00 0.000000E+00 0.000000E+00 0.000000E+00 0.000000E+00 0.000000E+00 0.000000E+00 0.000000E+00
0.182169E-42 0.903838E-42 0.437626E-41 0.205374E-40 0.929523E-40 0.405195E-39 0.170064E-38 0.682446E-38 0.260715E-37 0.942252E-37 0.321384E-36 0.102796E-35 0.305448E-35 0.836373E-35 0.208917E-34 0.469462E-34 0.931496E-34 0.152476E-33 0.196295E-33 0.210121E-33 0.187187E-33 0.122843E-33 0.642009E-34 0.274685E-34 0.976216E-35 0.292263E-35 0.749013E-36 0.166442E-36 0.325296E-37 0.566043E-38 0.886562E-39 0.126023E-39 0.163994E-40 0.196882E-41 0.220004E-42 0.224208E-43 0.280260E-44 0.000000E+00 0.000000E+00 0.000000E+00 0.000000E+00 0.000000E+00 0.000000E+00 0.000000E+00 0.000000E+00 0.000000E+00 0.000000E+00 0.000000E+00 0.000000E+00 0.000000E+00 0.000000E+00 0.000000E+00
0.347102E-41 0.177362E-40 0.882229E-40 0.425783E-39 0.198752E-38 0.891628E-38 0.385269E-37 0.159738E-36 0.630951E-36 0.235899E-35 0.832765E-35 0.275929E-34 0.849713E-34 0.241376E-33 0.626173E-33 0.146327E-32 0.302143E-32 0.523126E-32 0.702974E-32 0.771850E-32 0.708686E-32 0.477069E-32 0.250119E-32 0.106392E-32 0.373091E-33 0.109532E-33 0.273787E-34 0.591299E-35 0.112055E-35 0.188599E-36 0.285287E-37 0.391469E-38 0.491334E-39 0.569053E-40 0.612227E-41 0.615170E-42 0.574532E-43 0.560519E-44 0.000000E+00 0.000000E+00 0.000000E+00 0.000000E+00 0.000000E+00 0.000000E+00 0.000000E+00 0.000000E+00 0.000000E+00 0.000000E+00 0.000000E+00 0.000000E+00 0.000000E+00 0.000000E+00
0.646503E-40 0.339135E-39 0.173417E-38 0.860646E-38 0.413894E-37 0.191563E-36 0.853161E-36 0.365521E-35 0.149396E-34 0.578679E-34 0.211579E-33 0.725858E-33 0.232192E-32 0.685347E-32 0.184822E-31 0.449429E-31 0.967233E-31 0.177084E-30 0.249697E-30 0.282204E-30 0.266850E-30 0.185070E-30 0.973346E-31 0.411613E-31 0.142237E-31 0.408621E-32 0.994055E-33 0.208330E-33 0.381774E-34 0.620423E-35 0.905067E-36 0.119661E-36 0.144618E-37 0.161241E-38 0.166941E-39 0.161542E-40 0.146996E-41 0.126117E-42 0.980909E-44 0.140130E-44 0.000000E+00 0.000000E+00 0.000000E+00 0.000000E+00 0.000000E+00 0.000000E+00 0.000000E+00 0.000000E+00 0.000000E+00 0.000000E+00 0.000000E+00 0.000000E+00
0.117098E-38 0.631316E-38 0.331859E-37 0.169448E-36 0.838800E-36 0.401168E-35 0.184385E-34 0.815831E-34 0.344948E-33 0.138549E-32 0.525745E-32 0.187124E-31 0.622507E-31 0.191023E-30 0.536428E-30 0.136002E-29 0.305507E-29 0.590483E-29 0.878844E-29 0.102723E-28 0.999543E-29 0.716664E-29 0.378387E-29 0.159023E-29 0.540834E-30 0.151726E-30 0.358474E-31 0.727083E-32 0.128587E-32 0.201321E-33 0.282624E-34 0.359115E-35 0.417290E-36 0.447145E-37 0.444843E-38 0.413955E-39 0.362460E-40 0.300158E-41 0.236819E-42 0.182169E-43 0.140130E-44 0.000000E+00 0.000000E+00 0.000000E+00 0.000000E+00 0.000000E+00 0.000000E+00 0.000000E+00 0.000000E+00 0.000000E+00 0.000000E+00 0.000000E+00
0.205999E-37 0.114125E-36 0.617037E-36 0.324415E-35 0.165313E-34 0.816845E-34 0.387683E-33 0.177549E-32 0.777008E-32 0.323389E-31 0.127350E-30 0.471895E-30 0.163312E-29 0.522000E-29 0.152927E-28 0.405013E-28 0.950922E-28 0.193152E-27 0.306312E-27 0.372305E-27 0.372304E-27 0.276797E-27 0.146972E-27 0.613584E-28 0.205019E-28 0.560481E-29 0.128288E-29 0.251092E-30 0.427623E-31 0.643329E-32 0.866650E-33 0.105688E-33 0.117786E-34 0.121072E-35 0.115597E-36 0.103309E-37 0.869399E-39 0.692858E-40 0.525207E-41 0.381153E-42 0.266247E-43 0.140130E-44 0.000000E+00 0.000000E+00 0.000000E+00 0.000000E+00 0.000000E+00 0.000000E+00 0.000000E+00 0.000000E+00 0.000000E+00 0.000000E+00
0.351105E-36 0.200041E-35 0.111231E-34 0.602297E-34 0.316429E-33 0.161448E-32 0.792001E-32 0.375616E-31 0.170406E-30 0.735335E-30 0.300859E-29 0.116023E-28 0.418275E-28 0.139567E-27 0.427402E-27 0.118399E-26 0.291140E-26 0.620826E-26 0.105614E-25 0.134127E-25 0.137916E-25 0.106648E-25 0.570314E-26 0.236369E-26 0.774437E-27 0.205798E-27 0.455194E-28 0.857392E-29 0.140212E-29 0.202178E-30 0.260659E-31 0.304268E-32 0.324494E-33 0.319374E-34 0.292187E-35 0.250395E-36 0.202220E-37 0.154821E-38 0.112926E-39 0.788371E-41 0.528290E-42 0.336312E-43 0.280260E-44 0.000000E+00 0.000000E+00 0.000000E+00 0.000000E+00 0.000000E+00 0.000000E+00 0.000000E+00 0.000000E+00 0.000000E+00
0.578658E-35 0.338891E-34 0.193995E-33 0.108188E-32 0.586966E-32 0.309163E-31 0.156913E-30 0.770210E-30 0.362434E-29 0.162451E-28 0.692028E-28 0.277799E-27 0.104459E-26 0.364510E-26 0.116807E-25 0.339150E-25 0.875757E-25 0.196377E-24 0.358304E-24 0.478971E-24 0.507968E-24 0.409644E-24 0.221052E-24 0.908995E-25 0.291328E-25 0.750283E-26 0.159884E-26 0.289025E-27 0.452429E-28 0.623492E-29 0.767524E-30 0.855141E-31 0.870642E-32 0.818526E-33 0.716287E-34 0.587807E-35 0.455052E-36 0.334343E-37 0.234453E-38 0.157593E-39 0.101916E-40 0.636190E-42 0.392364E-43 0.280260E-44 0.000000E+00 0.000000E+00 0.000000E+00 0.000000E+00 0.000000E+00 0.000000E+00 0.000000E+00 0.000000E+00
0.921333E-34 0.554176E-33 0.326633E-32 0.187762E-31 0.105112E-30 0.571855E-30 0.300728E-29 0.152814E-28 0.745978E-28 0.347709E-27 0.154233E-26 0.646375E-26 0.253901E-25 0.927586E-25 0.311704E-24 0.950209E-24 0.258308E-23 0.610205E-23 0.119472E-22 0.169658E-22 0.186158E-22 0.156455E-22 0.856105E-23 0.348840E-23 0.109030E-23 0.271245E-24 0.555029E-25 0.960042E-26 0.143363E-26 0.188244E-27 0.220618E-28 0.233961E-29 0.226907E-30 0.203361E-31 0.169876E-32 0.133204E-33 0.986969E-35 0.695726E-36 0.468709E-37 0.303042E-38 0.188860E-39 0.113898E-40 0.667018E-42 0.378351E-43 0.280260E-44 0.000000E+00 0.000000E+00 0.000000E+00 0.000000E+00 0.000000E+00 0.000000E+00 0.000000E+00
0.141377E-32 0.873750E-32 0.529578E-31 0.313827E-30 0.181412E-29 0.101987E-28 0.555713E-28 0.292501E-27 0.148246E-26 0.719531E-26 0.332434E-25 0.145620E-24 0.598541E-24 0.229414E-23 0.810138E-23 0.259914E-22 0.744791E-22 0.186206E-21 0.390004E-21 0.594332E-21 0.678071E-21 0.594339E-21 0.331188E-21 0.133488E-21 0.405524E-22 0.971084E-23 0.190126E-23 0.313461E-24 0.444973E-25 0.554849E-26 0.617184E-27 0.621291E-28 0.572512E-29 0.487950E-30 0.388251E-31 0.290546E-32 0.205934E-33 0.139100E-34 0.899359E-36 0.559061E-37 0.335829E-38 0.195599E-39 0.110801E-40 0.612367E-42 0.336312E-43 0.140130E-44 0.000000E+00 0.000000E+00 0.000000E+00 0.000000E+00 0.000000E+00 0.000000E+00
0.208443E-31 0.132455E-30 0.825972E-30 0.504058E-29 0.300820E-28 0.174879E-27 0.986457E-27 0.538525E-26 0.283638E-25 0.143460E-24 0.691803E-24 0.316598E-23 0.136476E-22 0.549649E-22 0.204449E-21 0.692084E-21 0.209577E-20 0.555808E-20 0.124461E-19 0.205282E-19 0.245067E-19 0.224628E-19 0.127907E-19 0.508912E-20 0.149722E-20 0.343622E-21 0.641140E-22 0.100322E-22 0.134883E-23 0.159100E-24 0.167449E-25 0.159536E-26 0.139303E-27 0.112677E-28 0.852527E-30 0.608108E-31 0.411633E-32 0.266116E-33 0.165078E-34 0.987047E-36 0.571292E-37 0.321187E-38 0.175933E-39 0.941532E-41 0.493257E-42 0.252234E-43 0.140130E-44 0.000000E+00 0.000000E+00 0.000000E+00 0.000000E+00 0.000000E+00
0.294684E-30 0.192428E-29 0.123468E-28 0.776220E-28 0.477864E-27 0.287213E-26 0.167836E-25 0.950902E-25 0.521120E-24 0.274622E-23 0.138309E-22 0.662103E-22 0.300008E-21 0.127227E-20 0.499223E-20 0.178839E-19 0.573674E-19 0.161692E-18 0.387211E-18 0.697606E-18 0.878377E-18 0.841853E-18 0.493613E-18 0.193146E-18 0.547811E-19 0.119949E-19 0.212273E-20 0.313771E-21 0.397880E-22 0.442155E-23 0.438683E-24 0.394366E-25 0.325493E-26 0.249382E-27 0.179097E-28 0.121568E-29 0.785038E-31 0.485536E-32 0.289001E-33 0.166140E-34 0.926507E-36 0.503019E-37 0.266643E-38 0.138339E-39 0.704433E-41 0.353127E-42 0.168156E-43 0.140130E-44 0.000000E+00 0.000000E+00 0.000000E+00 0.000000E+00
0.398778E-29 0.267170E-28 0.176310E-27 0.114261E-26 0.725195E-26 0.450457E-25 0.272676E-24 0.160396E-23 0.914343E-23 0.502925E-22 0.264843E-21 0.132835E-20 0.632714E-20 0.283044E-19 0.117400E-18 0.446155E-18 0.152237E-17 0.457125E-17 0.117157E-16 0.231978E-16 0.312024E-16 0.312231E-16 0.190549E-16 0.729448E-17 0.198248E-17 0.411902E-18 0.687563E-19 0.955314E-20 0.113691E-20 0.118550E-21 0.110448E-22 0.933881E-24 0.726671E-25 0.526279E-26 0.358269E-27 0.231149E-28 0.142352E-29 0.842056E-31 0.480724E-32 0.265800E-33 0.142874E-34 0.749392E-36 0.384626E-37 0.193613E-38 0.958488E-40 0.467473E-41 0.224208E-42 0.112104E-43 0.000000E+00 0.000000E+00 0.000000E+00 0.000000E+00
0.514111E-28 0.353679E-27 0.239834E-26 0.160073E-25 0.104838E-24 0.672742E-24 0.421411E-23 0.257355E-22 0.152600E-21 0.875757E-21 0.483270E-20 0.254638E-19 0.127617E-18 0.602507E-18 0.264669E-17 0.106965E-16 0.389683E-16 0.125184E-15 0.343977E-15 0.752069E-15 0.109544E-14 0.114664E-14 0.734692E-15 0.273620E-15 0.708398E-16 0.138889E-16 0.217135E-17 0.281790E-18 0.313039E-19 0.304859E-20 0.265661E-21 0.210632E-22 0.154130E-23 0.105319E-24 0.678777E-26 0.416108E-27 0.244263E-28 0.138196E-29 0.756705E-31 0.402419E-32 0.208721E-33 0.105901E-34 0.526815E-36 0.257653E-37 0.124143E-38 0.589764E-40 0.276616E-41 0.128919E-42 0.560519E-44 0.000000E+00 0.000000E+00 0.000000E+00
0.631218E-27 0.445075E-26 0.309981E-25 0.212809E-24 0.143660E-23 0.951934E-23 0.617729E-22 0.391134E-21 0.241419E-20 0.144510E-19 0.835239E-19 0.462557E-18 0.244355E-17 0.122038E-16 0.569021E-16 0.245104E-15 0.956539E-15 0.330388E-14 0.980878E-14 0.236029E-13 0.378418E-13 0.416973E-13 0.282329E-13 0.101742E-13 0.249256E-14 0.457356E-15 0.665419E-16 0.801438E-17 0.825439E-18 0.746906E-19 0.606334E-20 0.449450E-21 0.308580E-22 0.198684E-23 0.121144E-24 0.705347E-26 0.394783E-27 0.213624E-28 0.112223E-29 0.574797E-31 0.288128E-32 0.141524E-33 0.683147E-35 0.324844E-36 0.152371E-37 0.706055E-39 0.323770E-40 0.146996E-41 0.658610E-43 0.280260E-44 0.000000E+00 0.000000E+00
0.738328E-26 0.532054E-25 0.379786E-24 0.267765E-23 0.186062E-22 0.127172E-21 0.853909E-21 0.560952E-20 0.360237E-19 0.224904E-18 0.136068E-17 0.792338E-17 0.441519E-16 0.233597E-15 0.115902E-14 0.533336E-14 0.223715E-13 0.835411E-13 0.269542E-12 0.713754E-12 0.128025E-11 0.149926E-11 0.107929E-11 0.373939E-12 0.859889E-13 0.146405E-13 0.196599E-14 0.217976E-15 0.206951E-16 0.172940E-17 0.130250E-18 0.899906E-20 0.578826E-21 0.350812E-22 0.202310E-23 0.111898E-24 0.597433E-26 0.309519E-27 0.156295E-28 0.772197E-30 0.374337E-31 0.178222E-32 0.835821E-34 0.386817E-35 0.176962E-36 0.801401E-38 0.359598E-39 0.160056E-40 0.707656E-42 0.308286E-43 0.140130E-44 0.000000E+00
0.815078E-25 0.601724E-24 0.439550E-23 0.317640E-22 0.226955E-21 0.159777E-20 0.110785E-19 0.754563E-19 0.503457E-18 0.327999E-17 0.207660E-16 0.127106E-15 0.747331E-15 0.419028E-14 0.221687E-13 0.109389E-12 0.494849E-12 0.200434E-11 0.706619E-11 0.206294E-10 0.422504E-10 0.533666E-10 0.411575E-10 0.136014E-10 0.290135E-11 0.452807E-12 0.555030E-13 0.562089E-14 0.488080E-15 0.374921E-16 0.260846E-17 0.167627E-18 0.100897E-19 0.575555E-21 0.314070E-22 0.165195E-23 0.842455E-25 0.418679E-26 0.203553E-27 0.971409E-29 0.456053E-30 0.210791E-31 0.961986E-33 0.434281E-34 0.194155E-35 0.860490E-37 0.378389E-38 0.165293E-39 0.717885E-41 0.309687E-42 0.140130E-43 0.000000E+00
0.849562E-24 0.640416E-23 0.478589E-22 0.354124E-21 0.259759E-20 0.188050E-19 0.134416E-18 0.947455E-18 0.655623E-17 0.445093E-16 0.294689E-15 0.189443E-14 0.117519E-13 0.698791E-13 0.394454E-12 0.209319E-11 0.102437E-10 0.452511E-10 0.175013E-09 0.566739E-09 0.135072E-08 0.187906E-08 0.156576E-08 0.488343E-09 0.953688E-10 0.134497E-10 0.148443E-11 0.135624E-12 0.107020E-13 0.751577E-15 0.481981E-16 0.287522E-17 0.161964E-18 0.870353E-20 0.450078E-21 0.225525E-22 0.110117E-23 0.525998E-25 0.246656E-26 0.113898E-27 0.518713E-29 0.233343E-30 0.103929E-31 0.458589E-33 0.200689E-34 0.872025E-36 0.376590E-37 0.161788E-38 0.691793E-40 0.294553E-41 0.124716E-42 0.560519E-44
0.834518E-23 0.640519E-22 0.488596E-21 0.369310E-20 0.277582E-19 0.206271E-18 0.151746E-17 0.110367E-16 0.790747E-16 0.557914E-15 0.385567E-14 0.259917E-13 0.170037E-12 0.107243E-11 0.646070E-11 0.368752E-10 0.195970E-09 0.948044E-09 0.406574E-08 0.147640E-07 0.412013E-07 0.652622E-07 0.594756E-07 0.172624E-07 0.302759E-08 0.379220E-09 0.371082E-10 0.302241E-11 0.214646E-12 0.137406E-13 0.810787E-15 0.449267E-16 0.237017E-17 0.120242E-18 0.590782E-20 0.282778E-21 0.132528E-22 0.610169E-24 0.276764E-25 0.123996E-26 0.549481E-28 0.241374E-29 0.105145E-30 0.454314E-32 0.195077E-33 0.832987E-35 0.354014E-36 0.149816E-37 0.631569E-39 0.265336E-40 0.111123E-41 0.462428E-43
