testing/test_data/merapi.03h.depthick.asc
ncols 150
nrows 150
xllcorner 338149
yllcorner 9064984
cellsize 1352
NODATA_value -9999
[rows 69 to 91 of 150, columns 52 to 103 of 150]
0.767709E-22 0.599942E-21 0.466263E-20 0.359618E-19 0.275934E-18 0.209898E-17 0.158510E-16 0.118636E-15 0.877795E-15 0.640851E-14 0.460985E-13 0.325266E-12 0.223744E-11 0.149465E-10 0.960331E-10 0.589968E-09 0.340884E-08 0.181706E-07 0.871996E-07 0.359994E-06 0.117952E-05 0.224412E-05 0.226200E-05 0.600205E-06 0.920618E-07 0.997483E-08 0.849859E-09 0.609816E-10 0.387165E-11 0.225098E-12 0.122339E-13 0.631193E-15 0.312858E-16 0.150413E-17 0.704856E-19 0.323602E-20 0.146128E-21 0.650909E-23 0.286648E-24 0.125060E-25 0.541313E-27 0.232674E-28 0.993191E-30 0.421443E-31 0.178008E-32 0.748711E-34 0.313705E-35 0.130982E-36 0.545328E-38 0.226526E-39 0.939150E-41 0.388160E-42
0.660747E-21 0.523985E-20 0.414004E-19 0.324933E-18 0.253928E-17 0.197296E-16 0.152414E-15 0.116949E-14 0.890576E-14 0.670196E-13 0.499200E-12 0.367237E-11 0.264655E-10 0.186357E-09 0.127485E-08 0.840712E-08 0.529236E-07 0.312138E-06 0.168686E-05 0.802835E-05 0.311530E-04 0.746290E-04 0.860753E-04 0.201740E-04 0.262324E-05 0.239375E-06 0.173337E-07 0.108429E-08 0.613759E-10 0.324301E-11 0.162956E-12 0.786689E-14 0.368555E-15 0.168776E-16 0.758392E-18 0.335674E-19 0.146802E-20 0.635592E-22 0.272966E-23 0.116428E-24 0.493807E-26 0.208348E-27 0.874639E-29 0.365549E-30 0.152199E-31 0.631785E-33 0.261537E-34 0.108008E-35 0.445243E-37 0.183253E-38 0.752960E-40 0.308846E-41
0.533333E-20 0.426643E-19 0.341104E-18 0.271407E-17 0.215245E-16 0.170258E-15 0.134016E-14 0.105046E-13 0.818563E-13 0.633404E-12 0.485801E-11 0.369173E-10 0.277363E-09 0.204667E-08 0.148200E-07 0.104470E-06 0.713686E-06 0.466097E-05 0.285709E-04 0.158386E-03 0.737300E-03 0.235058E-02 0.330410E-02 0.648320E-03 0.675790E-04 0.499770E-05 0.303194E-06 0.164203E-07 0.832178E-09 0.402505E-10 0.188437E-11 0.858618E-13 0.383341E-14 0.168497E-15 0.731356E-17 0.314079E-18 0.133759E-19 0.565784E-21 0.238022E-22 0.996451E-24 0.415623E-25 0.172788E-26 0.715687E-28 0.295537E-29 0.121708E-30 0.500064E-32 0.205129E-33 0.840075E-35 0.343521E-36 0.140290E-37 0.572330E-39 0.233232E-40
0.401008E-19 0.323609E-18 0.260879E-17 0.209648E-16 0.168068E-15 0.134474E-14 0.107368E-13 0.855508E-13 0.678551E-12 0.535716E-11 0.420649E-10 0.327935E-09 0.254116E-08 0.194806E-07 0.147438E-06 0.110151E-05 0.808866E-05 0.580130E-04 0.402615E-03 0.262044E-02 0.151756E-01 0.670110E-01 0.128196E+00 0.192146E-01 0.147696E-02 0.847470E-04 0.429409E-05 0.203717E-06 0.937196E-08 0.421156E-09 0.186139E-10 0.810785E-12 0.348723E-13 0.148512E-14 0.627709E-16 0.263496E-17 0.110005E-18 0.457275E-20 0.189406E-21 0.782136E-23 0.322326E-24 0.132508E-25 0.543727E-27 0.222621E-28 0.909221E-30 0.370818E-31 0.151050E-32 0.614475E-34 0.249729E-35 0.101415E-36 0.411601E-38 0.166927E-39
0.280179E-18 0.227532E-17 0.184396E-16 0.149122E-15 0.120416E-14 0.970990E-14 0.781275E-13 0.628168E-12 0.504469E-11 0.403811E-10 0.321625E-09 0.255284E-08 0.201784E-07 0.158652E-06 0.123809E-05 0.961983E-05 0.743417E-04 0.572723E-03 0.439341E-02 0.331564E-01 0.243886E+00 0.157508E+01 0.505869E+01 0.477553E+00 0.236335E-01 0.105744E-02 0.461127E-04 0.198577E-05 0.852129E-07 0.364098E-08 0.154873E-09 0.655067E-11 0.275065E-12 0.114791E-13 0.477080E-15 0.197411E-16 0.814031E-18 0.334751E-19 0.137318E-20 0.562452E-22 0.230122E-23 0.939627E-25 0.383004E-26 0.155842E-27 0.633409E-29 0.257161E-30 0.104287E-31 0.422536E-33 0.171090E-34 0.692492E-36 0.280203E-37 0.113313E-38
0.182285E-17 0.148153E-16 0.120372E-15 0.976688E-15 0.789966E-14 0.639398E-13 0.516737E-12 0.416216E-11 0.335238E-10 0.269645E-09 0.216111E-08 0.172623E-07 0.137599E-06 0.109156E-05 0.861418E-05 0.679188E-04 0.535770E-03 0.425061E-02 0.340908E-01 0.277610E+00 0.238645E+01 0.199351E+02 0.181506E+04 0.622141E+01 0.221980E+00 0.867175E-02 0.353282E-03 0.146153E-04 0.610321E-06 0.255941E-07 0.107331E-08 0.448996E-10 0.186863E-11 0.774136E-13 0.319777E-14 0.131631E-15 0.540408E-17 0.221349E-18 0.904838E-20 0.369486E-21 0.150718E-22 0.613946E-24 0.249731E-25 0.101432E-26 0.411465E-28 0.166724E-29 0.675031E-31 0.273102E-32 0.110463E-33 0.446664E-35 0.180517E-36 0.729261E-38
0.110132E-16 0.893572E-16 0.724697E-15 0.586969E-14 0.473964E-13 0.382522E-12 0.308333E-11 0.248084E-10 0.199123E-09 0.159422E-08 0.127152E-07 0.101008E-06 0.800007E-06 0.629866E-05 0.492283E-04 0.383178E-03 0.297071E-02 0.229413E-01 0.176646E+00 0.134035E+01 0.991872E+01 0.639552E+02 0.104015E+04 0.188906E+02 0.952797E+00 0.426397E-01 0.185434E-02 0.795495E-04 0.340115E-05 0.145054E-06 0.615895E-08 0.259941E-09 0.108954E-10 0.454275E-12 0.188626E-13 0.779799E-15 0.321280E-16 0.132013E-17 0.541269E-19 0.221550E-20 0.905940E-22 0.369841E-23 0.150665E-24 0.612879E-26 0.248987E-27 0.101036E-28 0.409596E-30 0.165934E-31 0.671857E-33 0.271832E-34 0.109938E-35 0.444470E-37
0.618420E-16 0.499443E-15 0.402701E-14 0.323966E-13 0.260176E-12 0.208433E-11 0.166563E-10 0.132713E-09 0.105400E-08 0.833485E-08 0.655564E-07 0.512249E-06 0.397512E-05 0.305882E-04 0.232220E-03 0.173956E-02 0.128158E-01 0.922474E-01 0.644769E+00 0.421416E+01 0.245835E+02 0.109831E+03 0.208675E+03 0.309014E+02 0.236143E+01 0.135330E+00 0.684616E-02 0.323557E-03 0.148271E-04 0.663951E-06 0.292498E-07 0.127116E-08 0.545555E-10 0.231892E-11 0.978494E-13 0.410163E-14 0.171030E-15 0.710109E-17 0.293848E-18 0.121266E-19 0.499240E-21 0.205057E-22 0.840661E-24 0.343879E-25 0.140381E-26 0.572170E-28 0.232893E-29 0.946838E-31 0.384558E-32 0.156100E-33 0.633319E-35 0.256768E-36
0.323035E-15 0.258576E-14 0.206784E-13 0.164696E-12 0.130740E-11 0.103429E-10 0.815279E-10 0.639476E-09 0.499049E-08 0.386924E-07 0.297427E-06 0.226351E-05 0.170187E-04 0.125942E-03 0.914301E-03 0.646120E-02 0.441757E-01 0.289356E+00 0.177441E+01 0.980650E+01 0.451927E+02 0.137784E+03 0.183726E+03 0.375151E+02 0.405406E+01 0.305362E+00 0.186634E-01 0.101524E-02 0.514589E-04 0.248421E-05 0.116099E-06 0.528210E-08 0.235446E-09 0.103297E-10 0.447660E-12 0.191971E-13 0.816423E-15 0.344965E-16 0.144932E-17 0.606100E-19 0.252543E-20 0.104875E-21 0.434169E-23 0.179117E-24 0.737047E-26 0.302622E-27 0.124026E-28 0.507429E-30 0.207331E-31 0.846406E-33 0.345080E-34 0.140554E-35
0.157076E-14 0.124366E-13 0.980935E-13 0.770734E-12 0.602625E-11 0.468856E-10 0.362622E-09 0.278476E-08 0.212202E-07 0.160133E-06 0.119413E-05 0.877170E-05 0.632261E-04 0.445923E-03 0.305463E-02 0.201391E-01 0.126336E+00 0.741688E+00 0.397116E+01 0.185509E+02 0.694813E+02 0.151700E+03 0.163677E+03 0.405755E+02 0.567016E+01 0.540543E+00 0.401914E-01 0.255616E-02 0.145906E-03 0.773948E-05 0.389654E-06 0.188206E-07 0.881711E-09 0.403602E-10 0.181224E-11 0.801623E-13 0.350268E-14 0.151494E-15 0.649996E-17 0.277026E-18 0.117387E-19 0.494831E-21 0.207594E-22 0.866896E-24 0.360744E-25 0.149673E-26 0.619278E-28 0.255645E-29 0.105320E-30 0.433067E-32 0.177822E-33 0.729218E-35
0.711384E-14 0.554768E-13 0.430934E-12 0.332796E-11 0.255308E-10 0.194507E-09 0.146933E-08 0.109970E-07 0.813644E-07 0.593854E-06 0.426696E-05 0.300574E-04 0.206474E-03 0.137513E-02 0.882520E-02 0.538618E-01 0.308032E+00 0.161619E+01 0.759593E+01 0.302284E+02 0.930832E+02 0.157079E+03 0.147646E+03 0.414272E+02 0.693632E+01 0.807786E+00 0.722339E-01 0.535258E-02 0.347025E-03 0.204465E-04 0.112013E-05 0.580844E-07 0.288872E-08 0.139142E-09 0.652910E-11 0.300010E-12 0.135503E-13 0.603512E-15 0.265830E-16 0.116001E-17 0.501921E-19 0.215615E-20 0.920284E-22 0.390391E-23 0.164762E-24 0.692578E-26 0.290087E-27 0.121093E-28 0.504083E-30 0.209332E-31 0.867330E-33 0.358617E-34
0.300420E-13 0.230600E-12 0.175725E-11 0.132933E-10 0.997591E-10 0.741324E-09 0.545139E-08 0.395753E-07 0.283372E-06 0.199200E-05 0.136978E-04 0.920704E-04 0.599782E-03 0.375605E-02 0.224459E-01 0.126309E+00 0.658283E+00 0.310526E+01 0.128381E+02 0.444195E+02 0.111898E+03 0.158004E+03 0.132151E+03 0.410045E+02 0.789839E+01 0.108090E+01 0.112973E+00 0.966023E-02 0.710797E-03 0.466084E-04 0.279818E-05 0.156921E-06 0.834846E-08 0.426139E-09 0.210321E-10 0.100992E-11 0.474308E-13 0.218795E-14 0.993991E-16 0.445926E-17 0.197908E-18 0.869587E-20 0.378704E-21 0.163701E-22 0.703194E-24 0.300270E-25 0.127563E-26 0.539610E-28 0.227415E-29 0.955373E-31 0.400187E-32 0.167170E-33
0.119096E-12 0.894892E-12 0.666403E-11 0.492600E-10 0.360022E-09 0.260370E-08 0.185894E-07 0.130566E-06 0.900012E-06 0.607887E-05 0.400304E-04 0.255033E-03 0.156742E-02 0.920882E-02 0.511909E-01 0.265454E+00 0.126166E+01 0.537107E+01 0.198049E+02 0.601185E+02 0.124630E+03 0.155895E+03 0.118827E+03 0.395732E+02 0.850951E+01 0.132651E+01 0.158944E+00 0.154898E-01 0.128437E-02 0.936587E-04 0.617145E-05 0.375951E-06 0.215062E-07 0.116877E-08 0.609740E-10 0.307728E-11 0.151060E-12 0.724512E-14 0.340923E-15 0.157832E-16 0.720448E-18 0.324893E-19 0.144896E-20 0.639947E-22 0.280340E-23 0.121930E-24 0.526854E-26 0.226427E-27 0.968634E-29 0.412473E-30 0.174940E-31 0.739398E-33
0.440396E-12 0.323941E-11 0.236028E-10 0.169966E-09 0.120523E-08 0.848091E-08 0.585754E-07 0.396733E-06 0.262998E-05 0.169947E-04 0.106451E-03 0.643823E-03 0.373128E-02 0.205314E-01 0.105939E+00 0.506836E+00 0.220492E+01 0.850053E+01 0.281701E+02 0.755971E+02 0.132629E+03 0.151988E+03 0.106309E+03 0.374600E+02 0.881207E+01 0.152901E+01 0.205973E+00 0.225303E-01 0.208537E-02 0.168592E-03 0.122053E-04 0.808543E-06 0.498347E-07 0.289696E-08 0.160385E-09 0.853224E-11 0.439301E-12 0.220007E-13 0.107615E-14 0.515839E-16 0.243022E-17 0.112793E-18 0.516429E-20 0.233690E-21 0.104682E-22 0.464817E-24 0.204811E-25 0.896210E-27 0.389708E-28 0.168483E-29 0.724860E-31 0.310507E-32
0.152668E-11 0.109795E-10 0.779576E-10 0.546437E-09 0.378992E-08 0.257207E-07 0.170833E-06 0.111626E-05 0.710012E-05 0.438297E-04 0.261055E-03 0.149496E-02 0.815289E-02 0.419817E-01 0.201985E+00 0.892863E+00 0.356357E+01 0.125164E+02 0.374099E+02 0.888040E+02 0.135979E+03 0.145545E+03 0.946230E+02 0.348617E+02 0.881359E+01 0.167319E+01 0.249780E+00 0.303264E-01 0.310551E-02 0.276708E-03 0.219531E-04 0.158042E-05 0.105061E-06 0.653873E-08 0.385185E-09 0.216714E-10 0.117336E-11 0.615062E-13 0.313696E-14 0.156202E-15 0.761784E-17 0.364802E-18 0.171922E-19 0.799240E-21 0.367036E-22 0.166715E-23 0.750106E-25 0.334604E-26 0.148175E-27 0.652122E-29 0.285231E-30 0.124042E-31
0.497843E-11 0.349143E-10 0.242312E-09 0.164865E-08 0.110556E-07 0.729363E-07 0.465933E-06 0.292778E-05 0.178269E-04 0.104998E-03 0.594990E-03 0.322050E-02 0.165382E-01 0.798194E-01 0.357807E+00 0.146603E+01 0.539248E+01 0.173669E+02 0.473428E+02 0.987767E+02 0.135626E+03 0.137003E+03 0.835920E+02 0.319318E+02 0.860003E+01 0.176220E+01 0.287014E+00 0.383134E-01 0.430622E-02 0.420166E-03 0.363477E-04 0.283791E-05 0.203315E-06 0.135553E-07 0.850663E-09 0.507035E-10 0.289403E-11 0.159192E-12 0.848462E-14 0.439904E-15 0.222578E-16 0.110201E-17 0.535725E-19 0.256283E-20 0.120847E-21 0.562703E-23 0.259107E-24 0.118128E-25 0.533805E-27 0.239286E-28 0.106490E-29 0.470881E-31
0.155463E-10 0.106256E-09 0.716379E-09 0.471102E-08 0.305183E-07 0.193847E-06 0.119829E-05 0.718705E-05 0.418978E-04 0.235395E-03 0.126705E-02 0.649031E-02 0.314303E-01 0.142315E+00 0.595052E+00 0.226651E+01 0.771602E+01 0.229044E+02 0.572197E+02 0.105338E+03 0.133045E+03 0.127464E+03 0.740111E+02 0.290208E+02 0.824642E+01 0.180207E+01 0.316578E+00 0.458954E-01 0.562191E-02 0.595982E-03 0.559199E-04 0.472567E-05 0.364771E-06 0.260417E-07 0.174125E-08 0.110063E-09 0.662774E-11 0.383060E-12 0.213644E-13 0.115489E-14 0.607283E-16 0.311644E-17 0.156564E-18 0.772064E-20 0.374645E-21 0.179140E-22 0.845541E-24 0.394554E-25 0.182190E-26 0.833485E-28 0.378094E-29 0.170168E-30
0.456515E-10 0.303979E-09 0.198523E-08 0.127193E-07 0.795416E-07 0.485447E-06 0.289062E-05 0.166441E-04 0.926556E-04 0.496231E-03 0.253952E-02 0.123185E-01 0.562199E-01 0.239081E+00 0.935906E+00 0.332313E+01 0.105004E+02 0.288628E+02 0.660708E+02 0.108571E+03 0.128647E+03 0.116666E+03 0.653668E+02 0.261214E+02 0.777224E+01 0.179989E+01 0.337667E+00 0.526982E-01 0.697589E-02 0.799341E-03 0.809589E-04 0.736831E-05 0.610972E-06 0.466702E-07 0.332141E-08 0.222659E-09 0.141667E-10 0.861140E-12 0.503048E-13 0.283826E-14 0.155344E-15 0.827530E-17 0.430487E-18 0.219265E-19 0.109595E-20 0.538806E-22 0.261159E-23 0.124927E-24 0.590418E-26 0.275954E-27 0.127723E-28 0.586168E-30
0.127471E-09 0.823254E-09 0.519130E-08 0.321678E-07 0.194743E-06 0.114852E-05 0.656413E-05 0.364473E-04 0.193984E-03 0.989858E-03 0.481126E-02 0.221350E-01 0.953990E-01 0.381947E+00 0.140236E+01 0.465351E+01 0.137089E+02 0.349282E+02 0.732420E+02 0.109312E+03 0.122706E+03 0.105363E+03 0.576727E+02 0.233742E+02 0.722494E+01 0.175947E+01 0.350010E+00 0.583329E-01 0.829179E-02 0.102220E-02 0.111136E-03 0.108456E-04 0.962028E-06 0.784963E-07 0.594928E-08 0.422779E-09 0.284040E-10 0.181628E-11 0.111238E-12 0.655859E-14 0.373892E-15 0.206965E-16 0.111619E-17 0.587853E-19 0.303292E-20 0.153635E-21 0.765013E-23 0.375283E-24 0.181737E-25 0.869339E-27 0.411225E-28 0.192562E-29
0.337467E-09 0.211659E-08 0.130016E-07 0.778044E-07 0.455218E-06 0.257652E-05 0.142367E-04 0.754622E-04 0.385411E-03 0.187496E-02 0.866915E-02 0.377965E-01 0.154362E+00 0.582650E+00 0.201402E+01 0.626794E+01 0.172645E+02 0.410920E+02 0.784936E+02 0.108064E+03 0.116066E+03 0.942405E+02 0.507776E+02 0.208111E+02 0.664555E+01 0.169521E+01 0.355395E+00 0.627832E-01 0.950532E-02 0.125297E-02 0.145697E-03 0.151797E-04 0.143655E-05 0.124805E-06 0.100531E-07 0.756651E-09 0.536604E-10 0.361193E-11 0.231982E-12 0.142967E-13 0.849633E-15 0.489158E-16 0.273728E-17 0.149313E-18 0.795881E-20 0.415487E-21 0.212945E-22 0.107336E-23 0.532988E-25 0.261114E-26 0.126351E-27 0.604387E-29
0.851847E-09 0.515251E-08 0.306954E-07 0.178744E-06 0.101321E-05 0.555213E-05 0.293057E-04 0.149093E-03 0.727694E-03 0.338539E-02 0.149183E-01 0.618183E-01 0.238984E+00 0.853576E+00 0.278079E+01 0.815203E+01 0.210703E+02 0.469095E+02 0.817150E+02 0.105145E+03 0.108508E+03 0.838307E+02 0.446526E+02 0.184797E+02 0.606111E+01 0.160772E+01 0.353838E+00 0.659288E-01 0.105841E-01 0.148167E-02 0.183450E-03 0.203429E-04 0.204666E-05 0.188787E-06 0.161090E-07 0.128259E-08 0.959687E-10 0.678929E-11 0.457286E-12 0.294877E-13 0.182882E-14 0.109545E-15 0.636361E-17 0.359544E-18 0.198128E-19 0.106799E-20 0.563987E-22 0.292397E-23 0.149102E-24 0.748691E-26 0.370808E-27 0.181361E-28
0.207167E-08 0.121873E-07 0.704941E-07 0.395693E-06 0.215106E-05 0.113565E-04 0.577220E-04 0.282098E-03 0.131778E-02 0.585495E-02 0.246321E-01 0.971420E-01 0.356432E+00 0.120528E+01 0.371024E+01 0.102604E+02 0.249771E+02 0.520371E+02 0.831972E+02 0.100998E+03 0.100746E+03 0.740946E+02 0.391531E+02 0.163592E+02 0.549612E+01 0.151103E+01 0.346848E+00 0.677852E-01 0.114751E-01 0.169970E-02 0.222955E-03 0.262315E-04 0.279701E-05 0.273150E-06 0.246546E-07 0.207073E-08 0.163165E-09 0.121415E-10 0.857482E-12 0.578265E-13 0.374245E-14 0.233348E-15 0.140719E-16 0.823848E-18 0.469850E-19 0.261528E-20 0.142356E-21 0.759681E-23 0.398111E-24 0.205170E-25 0.104150E-26 0.521354E-28
0.481916E-08 0.275725E-07 0.153537E-06 0.835396E-06 0.439231E-05 0.222942E-04 0.109038E-03 0.511442E-03 0.228836E-02 0.971865E-02 0.391179E-01 0.147030E+00 0.513165E+00 0.164649E+01 0.479497E+01 0.125485E+02 0.288348E+02 0.562762E+02 0.832987E+02 0.963333E+02 0.928265E+02 0.653574E+02 0.343165E+02 0.144562E+02 0.495720E+01 0.140797E+01 0.335710E+00 0.685752E-01 0.121723E-01 0.189983E-02 0.263043E-03 0.326774E-04 0.368234E-05 0.379651E-06 0.361245E-07 0.319602E-08 0.264740E-09 0.206849E-10 0.153177E-11 0.107993E-12 0.729057E-14 0.473407E-15 0.296632E-16 0.180145E-17 0.106345E-18 0.611094E-20 0.343142E-21 0.188626E-22 0.101609E-23 0.537681E-25 0.280031E-26 0.143528E-27
