testing/test_data/merapi.03h.depthick.asc
ncols 150
nrows 150
xllcorner 338149
yllcorner 9064984
cellsize 1352
NODATA_value -9999
[rows 92 to 114 of 150, columns 0 to 51 of 150]
0.000000E+00 0.000000E+00 0.000000E+00 0.000000E+00 0.000000E+00 0.000000E+00 0.000000E+00 0.000000E+00 0.000000E+00 0.280260E-44 0.196182E-43 0.162551E-42 0.129760E-41 0.103108E-40 0.815486E-40 0.641971E-39 0.502975E-38 0.392384E-37 0.304746E-36 0.235356E-35 0.181033E-34 0.138597E-33 0.105558E-32 0.800656E-32 0.603926E-31 0.453481E-30 0.338832E-29 0.251738E-28 0.186068E-27 0.136719E-26 0.999194E-26 0.726056E-25 0.524111E-24 0.376251E-23 0.268230E-22 0.189963E-21 0.133576E-20 0.932092E-20 0.645254E-19 0.442986E-18 0.301457E-17 0.203505E-16 0.135741E-15 0.892288E-15 0.577819E-14 0.373099E-13 0.236017E-12 0.146958E-11 0.902536E-11 0.546376E-10 0.325111E-09 0.189590E-08
0.000000E+00 0.000000E+00 0.000000E+00 0.000000E+00 0.000000E+00 0.000000E+00 0.000000E+00 0.000000E+00 0.140130E-44 0.980909E-44 0.784727E-43 0.630584E-42 0.501104E-41 0.395531E-40 0.310710E-39 0.242963E-38 0.189088E-37 0.146354E-36 0.112803E-35 0.864828E-35 0.659920E-34 0.500973E-33 0.378455E-32 0.284353E-31 0.212567E-30 0.158052E-29 0.116945E-28 0.859683E-28 0.628691E-27 0.456828E-26 0.330013E-25 0.236865E-24 0.168856E-23 0.119573E-22 0.841449E-22 0.587304E-21 0.406680E-20 0.279462E-19 0.190354E-18 0.128464E-17 0.857170E-17 0.565576E-16 0.370367E-15 0.239502E-14 0.152636E-13 0.960428E-13 0.594258E-12 0.362303E-11 0.217822E-10 0.128665E-09 0.746926E-09 0.421560E-08
0.000000E+00 0.000000E+00 0.000000E+00 0.000000E+00 0.000000E+00 0.000000E+00 0.000000E+00 0.000000E+00 0.420390E-44 0.378351E-43 0.301279E-42 0.239202E-41 0.188643E-40 0.148056E-39 0.115487E-38 0.896926E-38 0.693164E-37 0.532426E-36 0.407157E-35 0.309615E-34 0.234263E-33 0.176221E-32 0.132012E-31 0.983375E-31 0.727851E-30 0.535639E-29 0.392046E-28 0.285190E-27 0.206168E-26 0.148122E-25 0.105762E-24 0.749461E-24 0.527321E-23 0.368547E-22 0.255552E-21 0.175816E-20 0.119877E-19 0.810782E-19 0.543189E-18 0.359990E-17 0.236009E-16 0.153050E-15 0.978360E-15 0.619661E-14 0.388570E-13 0.238686E-12 0.144742E-11 0.864867E-11 0.509402E-10 0.290626E-09 0.163108E-08 0.900864E-08
0.000000E+00 0.000000E+00 0.000000E+00 0.000000E+00 0.000000E+00 0.000000E+00 0.000000E+00 0.280260E-44 0.182169E-43 0.141531E-42 0.112384E-41 0.885901E-41 0.694049E-40 0.540802E-39 0.419046E-38 0.322875E-37 0.247633E-36 0.188930E-35 0.143301E-34 0.108096E-33 0.811224E-33 0.604772E-32 0.448418E-31 0.330857E-30 0.242518E-29 0.176701E-28 0.127903E-27 0.919879E-27 0.657510E-26 0.466832E-25 0.329088E-24 0.230457E-23 0.159946E-22 0.110252E-21 0.753471E-21 0.510460E-20 0.342758E-19 0.227906E-18 0.150029E-17 0.977632E-17 0.629332E-16 0.398843E-15 0.252819E-14 0.156109E-13 0.955195E-13 0.576742E-12 0.340989E-11 0.198946E-10 0.113887E-09 0.635587E-09 0.348375E-08 0.186227E-07
0.000000E+00 0.000000E+00 0.000000E+00 0.000000E+00 0.000000E+00 0.000000E+00 0.140130E-44 0.840779E-44 0.658610E-43 0.519882E-42 0.409319E-41 0.320239E-40 0.249180E-39 0.192809E-38 0.148330E-37 0.113412E-36 0.863522E-36 0.653115E-35 0.491383E-34 0.367515E-33 0.273355E-32 0.201928E-31 0.148298E-30 0.108324E-29 0.786668E-29 0.567232E-28 0.406139E-27 0.288870E-26 0.204052E-25 0.143046E-24 0.995589E-24 0.688142E-23 0.471199E-22 0.320215E-21 0.215654E-20 0.143900E-19 0.950786E-19 0.622247E-18 0.402715E-17 0.257742E-16 0.163546E-15 0.101675E-14 0.629576E-14 0.382156E-13 0.227689E-12 0.134515E-11 0.781146E-11 0.445602E-10 0.247813E-09 0.134821E-08 0.719582E-08 0.373636E-07
0.000000E+00 0.000000E+00 0.000000E+00 0.000000E+00 0.000000E+00 0.000000E+00 0.420390E-44 0.294273E-43 0.236819E-42 0.186092E-41 0.145525E-40 0.113123E-39 0.874186E-39 0.671617E-38 0.512999E-37 0.389488E-36 0.293921E-35 0.220541E-34 0.164446E-33 0.121830E-32 0.898253E-32 0.657970E-31 0.478753E-30 0.345992E-29 0.248495E-28 0.177205E-27 0.125538E-26 0.882727E-26 0.616424E-25 0.426874E-24 0.293398E-23 0.199846E-22 0.135000E-21 0.904012E-21 0.599741E-20 0.394172E-19 0.256358E-18 0.164989E-17 0.105010E-16 0.660810E-16 0.410783E-15 0.252301E-14 0.152046E-13 0.905577E-13 0.529140E-12 0.305638E-11 0.173606E-10 0.961601E-10 0.522976E-09 0.277146E-08 0.143242E-07 0.724746E-07
0.000000E+00 0.000000E+00 0.000000E+00 0.000000E+00 0.000000E+00 0.140130E-44 0.140130E-43 0.106499E-42 0.832371E-42 0.651043E-41 0.505785E-40 0.390490E-39 0.299628E-38 0.228503E-37 0.173193E-36 0.130462E-35 0.976723E-35 0.726739E-34 0.537380E-33 0.394817E-32 0.288149E-31 0.208950E-30 0.150503E-29 0.107672E-28 0.764886E-28 0.539615E-27 0.377906E-26 0.262696E-25 0.181072E-24 0.123850E-23 0.839594E-23 0.564681E-22 0.376199E-21 0.248267E-20 0.162263E-19 0.104933E-18 0.671523E-18 0.425234E-17 0.265811E-16 0.164248E-15 0.100086E-14 0.600405E-14 0.355324E-13 0.208046E-12 0.119270E-11 0.671074E-11 0.371446E-10 0.201964E-09 0.107024E-08 0.551482E-08 0.278341E-07 0.136774E-06
0.000000E+00 0.000000E+00 0.000000E+00 0.000000E+00 0.140130E-44 0.560519E-44 0.462428E-43 0.367140E-42 0.286706E-41 0.222708E-40 0.171847E-39 0.131747E-38 0.100358E-37 0.759596E-37 0.571265E-36 0.426889E-35 0.316959E-34 0.233813E-33 0.171340E-32 0.124718E-31 0.901680E-31 0.647445E-30 0.461652E-29 0.326843E-28 0.229721E-27 0.160237E-26 0.110890E-25 0.761232E-25 0.518417E-24 0.350049E-23 0.234306E-22 0.155384E-21 0.102042E-20 0.663546E-20 0.427248E-19 0.272054E-18 0.171313E-17 0.106612E-16 0.655148E-16 0.397412E-15 0.237924E-14 0.140312E-13 0.811861E-13 0.465723E-12 0.261206E-11 0.144251E-10 0.775416E-10 0.408650E-09 0.211290E-08 0.107031E-07 0.525654E-07 0.251094E-06
0.000000E+00 0.000000E+00 0.000000E+00 0.000000E+00 0.280260E-44 0.196182E-43 0.158347E-42 0.124295E-41 0.965635E-41 0.744986E-40 0.570899E-39 0.434563E-38 0.328581E-37 0.246797E-36 0.184140E-35 0.136477E-34 0.100473E-33 0.734653E-33 0.533476E-32 0.384692E-31 0.275449E-30 0.195817E-29 0.138190E-28 0.967943E-28 0.672781E-27 0.463930E-26 0.317325E-25 0.215249E-24 0.144745E-23 0.964693E-23 0.637115E-22 0.416752E-21 0.269740E-20 0.172839E-19 0.109553E-18 0.686449E-18 0.425399E-17 0.260274E-16 0.157149E-15 0.936202E-15 0.550219E-14 0.317989E-13 0.181797E-12 0.101126E-11 0.555576E-11 0.298645E-10 0.157784E-09 0.809542E-09 0.409364E-08 0.201577E-07 0.965890E-07 0.450213E-06
0.000000E+00 0.000000E+00 0.000000E+00 0.140130E-44 0.840779E-44 0.672623E-43 0.529691E-42 0.412122E-41 0.318081E-40 0.243757E-39 0.185492E-38 0.140171E-37 0.105189E-36 0.783924E-36 0.580183E-35 0.426416E-34 0.311211E-33 0.225528E-32 0.162265E-31 0.115901E-30 0.821752E-30 0.578268E-29 0.403817E-28 0.279785E-27 0.192294E-26 0.131074E-25 0.885891E-25 0.593530E-24 0.394056E-23 0.259171E-22 0.168800E-21 0.108852E-20 0.694739E-20 0.438570E-19 0.273825E-18 0.168888E-17 0.102841E-16 0.618580E-16 0.367294E-15 0.214805E-14 0.123858E-13 0.703209E-13 0.391558E-12 0.214445E-11 0.114784E-10 0.603659E-10 0.312643E-09 0.157969E-08 0.775286E-08 0.371379E-07 0.173425E-06 0.785992E-06
0.000000E+00 0.000000E+00 0.000000E+00 0.420390E-44 0.280260E-43 0.222806E-42 0.173060E-41 0.133712E-40 0.102520E-39 0.780299E-39 0.589573E-38 0.442242E-37 0.329340E-36 0.243499E-35 0.178736E-34 0.130251E-33 0.942278E-33 0.676669E-32 0.482317E-31 0.341187E-30 0.239500E-29 0.166803E-28 0.115245E-27 0.789723E-27 0.536637E-26 0.361526E-25 0.241404E-24 0.159727E-23 0.104688E-22 0.679481E-22 0.436580E-21 0.277599E-20 0.174595E-19 0.108566E-18 0.667146E-18 0.404959E-17 0.242599E-16 0.143447E-15 0.836573E-15 0.480787E-14 0.271991E-13 0.151283E-12 0.827436E-12 0.443762E-11 0.233352E-10 0.120205E-09 0.605108E-09 0.297955E-08 0.143013E-07 0.668115E-07 0.303800E-06 0.134215E-05
0.000000E+00 0.000000E+00 0.140130E-44 0.112104E-43 0.910844E-43 0.714662E-42 0.553093E-41 0.424579E-40 0.323380E-39 0.244428E-38 0.183356E-37 0.136510E-36 0.100872E-35 0.739817E-35 0.538537E-34 0.389076E-33 0.278970E-32 0.198497E-31 0.140147E-30 0.981709E-30 0.682173E-29 0.470164E-28 0.321349E-27 0.217768E-26 0.146289E-25 0.973927E-25 0.642432E-24 0.419752E-23 0.271574E-22 0.173932E-21 0.110230E-20 0.691003E-20 0.428274E-19 0.262322E-18 0.158721E-17 0.948249E-17 0.559001E-16 0.324897E-15 0.186083E-14 0.104960E-13 0.582900E-13 0.317710E-12 0.170254E-11 0.893669E-11 0.459791E-10 0.231434E-09 0.114084E-08 0.548787E-08 0.257068E-07 0.117193E-06 0.519617E-06 0.223536E-05
0.000000E+00 0.000000E+00 0.420390E-44 0.378351E-43 0.290069E-42 0.225049E-41 0.173060E-40 0.131978E-39 0.998455E-39 0.749405E-38 0.558072E-37 0.412351E-36 0.302315E-35 0.219924E-34 0.158744E-33 0.113691E-32 0.807843E-32 0.569474E-31 0.398218E-30 0.276190E-29 0.189965E-28 0.129551E-27 0.875860E-27 0.586910E-26 0.389725E-25 0.256383E-24 0.167051E-23 0.107774E-22 0.688254E-22 0.434917E-21 0.271844E-20 0.167997E-19 0.102605E-18 0.619042E-18 0.368769E-17 0.216781E-16 0.125673E-15 0.718017E-15 0.404063E-14 0.223755E-13 0.121801E-12 0.651367E-12 0.341612E-11 0.175890E-10 0.886195E-10 0.436727E-09 0.210307E-08 0.987661E-08 0.452196E-07 0.201375E-06 0.870431E-06 0.364807E-05
0.000000E+00 0.140130E-44 0.154143E-43 0.116308E-42 0.901035E-42 0.693923E-41 0.530167E-40 0.401667E-39 0.301810E-38 0.224928E-37 0.166271E-36 0.121919E-35 0.886783E-35 0.639816E-34 0.457909E-33 0.325069E-32 0.228885E-31 0.159835E-30 0.110687E-29 0.760025E-29 0.517375E-28 0.349096E-27 0.233438E-26 0.154665E-25 0.101511E-24 0.659825E-24 0.424637E-23 0.270491E-22 0.170488E-21 0.106288E-20 0.655183E-20 0.399144E-19 0.240217E-18 0.142748E-17 0.837133E-17 0.484205E-16 0.276056E-15 0.155033E-14 0.856968E-14 0.465870E-13 0.248861E-12 0.130520E-11 0.671405E-11 0.338318E-10 0.166823E-09 0.804685E-09 0.378982E-08 0.174075E-07 0.778518E-07 0.338590E-06 0.142787E-05 0.582804E-05
0.140130E-44 0.560519E-44 0.448416E-43 0.354529E-42 0.273533E-41 0.209494E-40 0.159046E-39 0.119707E-38 0.893324E-38 0.661025E-37 0.485029E-36 0.352919E-35 0.254651E-34 0.182214E-33 0.129293E-32 0.909724E-32 0.634687E-31 0.439025E-30 0.301061E-29 0.204643E-28 0.137864E-27 0.920307E-27 0.608638E-26 0.398691E-25 0.258623E-24 0.166088E-23 0.105568E-22 0.663914E-22 0.412984E-21 0.254002E-20 0.154402E-19 0.927240E-19 0.549851E-18 0.321810E-17 0.185780E-16 0.105730E-15 0.592803E-15 0.327217E-14 0.177685E-13 0.948381E-13 0.497161E-12 0.255734E-11 0.128947E-10 0.636730E-10 0.307594E-09 0.145177E-08 0.668832E-08 0.300409E-07 0.131295E-06 0.557658E-06 0.229686E-05 0.914790E-05
0.280260E-44 0.168156E-43 0.137327E-42 0.105938E-41 0.813874E-41 0.619486E-40 0.467318E-39 0.349410E-38 0.258958E-37 0.190248E-36 0.138557E-35 0.100039E-34 0.716052E-34 0.508110E-33 0.357435E-32 0.249257E-31 0.172298E-30 0.118048E-29 0.801565E-29 0.539341E-28 0.359554E-27 0.237445E-26 0.155299E-25 0.100573E-24 0.644757E-24 0.409077E-23 0.256791E-22 0.159435E-21 0.978743E-21 0.593838E-20 0.355963E-19 0.210714E-18 0.123115E-17 0.709630E-17 0.403282E-16 0.225820E-15 0.124515E-14 0.675573E-14 0.360397E-13 0.188894E-12 0.971840E-12 0.490376E-11 0.242443E-10 0.117328E-09 0.555193E-09 0.256594E-08 0.115692E-07 0.508119E-07 0.217034E-06 0.899879E-06 0.361924E-05 0.140759E-04
0.700649E-44 0.518480E-43 0.403574E-42 0.310668E-41 0.237184E-40 0.179440E-39 0.134505E-38 0.999028E-38 0.735302E-37 0.536325E-36 0.387689E-35 0.277742E-34 0.197202E-33 0.138767E-32 0.967732E-32 0.668810E-31 0.458037E-30 0.310822E-29 0.208972E-28 0.139179E-27 0.918129E-27 0.599785E-26 0.387934E-25 0.248364E-24 0.157352E-23 0.986286E-23 0.611427E-22 0.374764E-21 0.227034E-20 0.135885E-19 0.803195E-19 0.468637E-18 0.269780E-17 0.153142E-16 0.856715E-16 0.472028E-15 0.255969E-14 0.136519E-13 0.715581E-13 0.368324E-12 0.186019E-11 0.920961E-11 0.446549E-10 0.211843E-09 0.982241E-09 0.444599E-08 0.196209E-07 0.843000E-07 0.352074E-06 0.142707E-05 0.560247E-05 0.212659E-04
0.196182E-43 0.149939E-42 0.116308E-41 0.892067E-41 0.677220E-40 0.509226E-39 0.379280E-38 0.279840E-37 0.204545E-36 0.148121E-35 0.106270E-34 0.755410E-34 0.532028E-33 0.371246E-32 0.256657E-31 0.175788E-30 0.119273E-29 0.801629E-29 0.533624E-28 0.351781E-27 0.229622E-26 0.148382E-25 0.949040E-25 0.600646E-24 0.376066E-23 0.232864E-22 0.142561E-21 0.862604E-21 0.515682E-20 0.304465E-19 0.177455E-18 0.102055E-17 0.578823E-17 0.323593E-16 0.178205E-15 0.966130E-15 0.515298E-14 0.270188E-13 0.139168E-12 0.703615E-12 0.348883E-11 0.169509E-10 0.806259E-10 0.375040E-09 0.170425E-08 0.755666E-08 0.326506E-07 0.137274E-06 0.560739E-06 0.222176E-05 0.852381E-05 0.316040E-04
0.560519E-43 0.427396E-42 0.329305E-41 0.251015E-40 0.189458E-39 0.141594E-38 0.104792E-37 0.768054E-37 0.557520E-36 0.400825E-35 0.285423E-34 0.201313E-33 0.140639E-32 0.973158E-32 0.666950E-31 0.452704E-30 0.304311E-29 0.202565E-28 0.133508E-27 0.871134E-27 0.562642E-26 0.359640E-25 0.227458E-24 0.142306E-23 0.880488E-23 0.538594E-22 0.325619E-21 0.194499E-20 0.114741E-19 0.668257E-19 0.384057E-18 0.217705E-17 0.121657E-16 0.669819E-16 0.363145E-15 0.193738E-14 0.101641E-13 0.524007E-13 0.265268E-12 0.131755E-11 0.641546E-11 0.305969E-10 0.142791E-09 0.651415E-09 0.290181E-08 0.126069E-07 0.533450E-07 0.219537E-06 0.877381E-06 0.339954E-05 0.127475E-04 0.461658E-04
0.156945E-42 0.119250E-41 0.913086E-41 0.692157E-40 0.519379E-39 0.385808E-38 0.283722E-37 0.206574E-36 0.148916E-35 0.106293E-34 0.751251E-34 0.525756E-33 0.364337E-32 0.249998E-31 0.169851E-30 0.114256E-29 0.760909E-29 0.501644E-28 0.327354E-27 0.211417E-26 0.135111E-25 0.854260E-25 0.534254E-24 0.330412E-23 0.202022E-22 0.122078E-21 0.728841E-21 0.429767E-20 0.250190E-19 0.143736E-18 0.814566E-18 0.455132E-17 0.250596E-16 0.135892E-15 0.725325E-15 0.380824E-14 0.196548E-13 0.996428E-13 0.495833E-12 0.241989E-11 0.115731E-10 0.541897E-10 0.248187E-09 0.111069E-08 0.485124E-08 0.206556E-07 0.856190E-07 0.345009E-06 0.134945E-05 0.511476E-05 0.187523E-04 0.663719E-04
0.430199E-42 0.325522E-41 0.248086E-40 0.187029E-39 0.139531E-38 0.103021E-37 0.752833E-37 0.544517E-36 0.389838E-35 0.276269E-34 0.193805E-33 0.134583E-32 0.925137E-32 0.629510E-31 0.424000E-30 0.282665E-29 0.186504E-28 0.121780E-27 0.786833E-27 0.502980E-26 0.318061E-25 0.198920E-24 0.123016E-23 0.752060E-23 0.454396E-22 0.271254E-21 0.159928E-20 0.930936E-20 0.534811E-19 0.303094E-18 0.169377E-17 0.932878E-17 0.506120E-16 0.270333E-15 0.142071E-14 0.734158E-14 0.372791E-13 0.185877E-12 0.909356E-12 0.436154E-11 0.204916E-10 0.942229E-10 0.423594E-09 0.185996E-08 0.796748E-08 0.332558E-07 0.135072E-06 0.533087E-06 0.204126E-05 0.757092E-05 0.271501E-04 0.939606E-04
0.115887E-41 0.871468E-41 0.660600E-40 0.495276E-39 0.367374E-38 0.269616E-37 0.195787E-36 0.140683E-35 0.100032E-34 0.703857E-34 0.490106E-33 0.337720E-32 0.230294E-31 0.155403E-30 0.103769E-29 0.685618E-29 0.448201E-28 0.289866E-27 0.185439E-26 0.117335E-25 0.734184E-25 0.454202E-24 0.277757E-23 0.167860E-22 0.100225E-21 0.591040E-21 0.344131E-20 0.197756E-19 0.112115E-18 0.626817E-18 0.345431E-17 0.187548E-16 0.100269E-15 0.527567E-15 0.273016E-14 0.138876E-13 0.693899E-13 0.340322E-12 0.163711E-11 0.771818E-11 0.356304E-10 0.160915E-09 0.710249E-09 0.306058E-08 0.128611E-07 0.526373E-07 0.209546E-06 0.810246E-06 0.303835E-05 0.110312E-04 0.387097E-04 0.131046E-03
0.305483E-41 0.228608E-40 0.172389E-39 0.128542E-38 0.948026E-38 0.691607E-37 0.499094E-36 0.356292E-35 0.251620E-34 0.175797E-33 0.121509E-32 0.830880E-32 0.562078E-31 0.376159E-30 0.249026E-29 0.163076E-28 0.105626E-27 0.676630E-27 0.428619E-26 0.268455E-25 0.166219E-24 0.101722E-23 0.615146E-23 0.367504E-22 0.216845E-21 0.126329E-20 0.726401E-20 0.412105E-19 0.230578E-18 0.127179E-17 0.691206E-17 0.369978E-16 0.194935E-15 0.101045E-14 0.514972E-14 0.257886E-13 0.126809E-12 0.611860E-12 0.289466E-11 0.134163E-10 0.608668E-10 0.270044E-09 0.117048E-08 0.495103E-08 0.204142E-07 0.819475E-07 0.319838E-06 0.121199E-05 0.445225E-05 0.158296E-04 0.543772E-04 0.180144E-03
