validation/guntur/guntur1840_topography.txt
ncols         75
nrows         75
xllcorner     784722.45160721
yllcorner     9177478.171977
cellsize      811
NODATA_value  -9999
[rows 0 to 44 of 75, columns 0 to 74 of 75]
783 785 792 787 783 789 774 766 744 782 774 776 793 832 830 873 886 998 996 947 1047 1233 1423 1408 1264 1052 967 951 935 935 875 908 928 902 910 885 832 778 748 737 708 786 774 822 772 695 509 539 641 503 721 799 526 769 777 621 511 500 620 564 634 570 434 467 429 325 252 242 259 241 219 233 209 227 318
758 757 763 767 771 764 743 730 715 709 737 730 775 755 784 792 815 856 879 908 975 1090 1116 1172 1087 966 931 889 858 876 879 876 877 880 879 805 834 872 851 859 883 893 832 902 769 587 618 603 695 531 658 740 711 637 846 732 609 638 613 712 643 609 509 438 394 298 250 274 258 237 248 240 218 263 258
742 747 736 744 746 741 732 712 705 699 701 700 697 733 731 706 748 758 757 819 882 931 992 1007 975 901 874 866 860 860 849 873 872 851 872 843 845 903 970 989 939 930 913 957 813 616 674 630 705 515 576 646 743 754 977 740 546 795 665 861 770 749 578 396 364 298 269 279 246 235 233 237 231 236 233
733 732 725 721 723 722 714 704 692 692 693 685 683 692 690 686 730 736 742 786 829 886 932 952 884 872 853 833 819 835 873 859 864 858 855 878 873 918 940 1038 1116 1102 1075 986 880 749 809 783 801 600 611 718 977 1059 870 716 644 947 847 1072 1021 770 699 488 425 326 298 271 264 246 238 258 266 282 294
725 725 719 715 717 711 706 697 692 687 690 683 683 689 687 679 691 697 713 756 805 830 863 847 835 831 823 808 787 826 848 865 873 880 876 878 896 974 1094 1197 1117 1319 1145 1176 950 911 899 996 859 750 616 632 753 1023 1071 902 668 828 1007 920 949 751 722 479 394 340 304 280 266 254 250 238 237 246 316
716 715 709 710 705 699 693 689 684 684 684 681 677 681 675 678 683 690 692 728 755 780 787 787 773 794 784 762 742 827 912 934 854 857 876 861 926 1043 1239 1336 1221 1442 1475 1322 1081 947 1211 1050 1016 784 764 902 836 1147 1026 948 863 1037 867 650 635 693 581 652 598 462 304 293 287 251 242 236 245 287 357
704 704 701 699 698 696 694 688 685 684 680 678 675 672 673 672 674 678 679 687 706 719 724 755 774 752 733 729 706 801 1084 1041 972 831 862 839 950 1063 1224 1393 1465 1443 1409 1289 1127 1031 1314 1191 879 803 839 936 825 1112 1177 883 941 961 818 759 684 833 688 495 461 520 408 307 274 249 239 240 260 247 315
695 694 694 690 692 690 688 685 679 683 686 674 677 674 673 673 670 666 670 671 686 703 707 738 738 720 720 717 697 815 1184 1182 952 856 822 820 921 1044 1312 1416 1609 1695 1341 1241 1219 1236 1288 1206 1106 1045 958 1155 907 1082 1209 1263 1185 1113 1198 1100 1023 822 826 730 562 456 354 324 285 249 260 271 254 278 283
692 692 692 688 690 688 686 683 678 677 679 673 675 672 671 668 670 667 666 668 673 669 676 681 699 699 684 681 686 759 948 879 865 775 760 792 900 1051 1191 1272 1302 1492 1414 1341 1303 1294 1212 1245 1325 1181 1010 1020 1082 1182 1391 1271 1273 1329 1125 1046 930 761 685 569 549 532 491 362 302 270 256 276 280 263 313
682 683 683 686 681 679 680 680 676 673 673 672 671 670 669 665 664 664 661 666 665 665 671 673 680 682 680 681 687 683 725 699 708 787 748 784 816 926 1032 1122 1189 1217 1243 1201 1162 1194 1216 1223 1272 1413 1222 1321 1162 1324 1386 1280 1219 1105 1076 929 897 818 699 677 615 484 413 340 300 286 273 270 281 294 334
677 675 676 678 674 664 676 671 674 672 672 671 669 668 667 665 665 664 666 666 663 663 665 665 673 676 675 674 680 673 676 679 683 684 689 711 801 853 961 1012 988 1026 1148 1110 1234 1243 1197 1189 1247 1355 1442 1331 1298 1496 1531 1334 1284 1102 972 885 862 752 749 585 527 670 486 313 300 301 386 331 311 371 332
670 669 669 667 666 666 663 669 673 665 668 664 667 665 664 663 664 666 662 665 662 666 663 672 673 671 672 674 673 678 675 678 679 689 693 710 774 842 886 891 932 1027 1083 1129 1242 1294 1354 1350 1278 1342 1488 1411 1453 1453 1315 1336 1266 1117 972 911 894 806 724 672 667 434 462 354 325 293 330 401 396 493 477
667 668 664 663 663 664 667 663 669 668 670 668 666 662 663 664 664 662 663 664 664 665 665 666 667 665 668 668 669 674 676 679 677 683 685 686 772 787 892 968 1000 1150 1249 1188 1213 1226 1311 1417 1377 1449 1251 1148 1073 1188 1277 1137 1198 1018 899 822 799 725 677 690 693 667 573 529 511 369 393 475 538 634 617
663 663 662 663 665 662 665 665 665 663 671 664 664 664 663 664 662 664 665 664 663 663 664 662 665 667 665 665 668 668 672 677 678 680 690 700 711 758 895 1032 1208 1413 1376 1303 1157 1097 1038 1089 1090 1336 998 1084 988 943 1114 1102 1013 910 811 722 703 711 676 628 645 697 621 450 429 347 450 545 590 630 667
661 662 664 661 659 661 662 663 670 667 661 659 663 667 665 662 663 665 661 662 663 662 663 663 666 664 666 666 665 669 671 673 672 680 692 709 707 731 798 851 1141 1069 1200 1152 1191 1145 945 896 922 1132 1080 896 935 896 1181 1037 962 875 849 741 782 627 650 596 549 670 668 393 514 446 528 563 703 688 672
665 662 665 663 665 660 664 662 664 660 662 664 662 662 662 662 661 666 664 669 663 662 665 664 664 666 664 665 667 668 672 671 675 683 690 706 725 741 839 832 961 976 1169 1201 1061 1161 986 930 847 815 855 803 862 761 976 966 941 969 828 703 655 663 565 569 455 539 448 599 653 617 503 590 752 774 795
666 663 664 662 664 666 662 662 665 662 654 663 662 661 663 663 666 664 665 663 663 665 666 667 666 663 665 666 669 665 668 669 672 685 708 715 718 762 813 795 853 967 974 981 968 1025 1084 1065 1067 949 838 750 689 682 737 774 773 691 644 582 570 572 557 568 568 490 573 610 632 683 681 733 689 773 893
663 664 666 662 664 719 665 674 661 663 660 662 663 662 663 662 665 664 667 664 665 665 665 668 667 669 670 671 665 667 669 670 669 701 723 746 762 774 830 823 854 840 851 891 991 883 920 936 924 898 852 790 751 708 601 666 691 823 687 551 556 554 573 467 454 427 571 612 625 689 699 740 808 872 918
667 668 665 667 700 815 799 819 725 669 668 663 663 664 665 664 669 669 669 664 668 668 667 667 672 667 669 668 669 667 671 669 674 696 756 788 804 818 842 853 856 840 850 967 985 1016 789 726 753 757 867 760 767 662 622 594 616 668 608 549 541 556 579 463 400 400 564 583 638 634 711 782 893 906 942
665 664 666 671 676 924 897 996 767 742 801 669 681 679 673 681 670 674 672 671 668 666 672 668 672 670 668 666 669 678 675 675 680 692 779 797 825 839 866 835 890 851 864 890 997 964 773 690 687 670 753 736 742 711 588 527 546 529 540 537 517 532 536 442 566 589 586 624 663 682 778 857 964 1018 1160
672 668 674 673 676 689 831 975 950 844 797 676 730 695 732 747 673 678 673 672 668 668 669 671 669 670 670 669 672 694 685 683 725 751 873 870 864 916 913 891 877 981 942 916 813 855 758 685 666 639 724 639 608 660 608 519 515 505 521 514 515 506 479 495 539 464 527 599 622 635 743 872 1048 1177 1297
671 670 674 676 749 692 750 755 1014 930 802 839 800 776 914 873 679 680 677 678 667 669 671 671 673 670 673 678 676 686 713 734 802 854 992 966 1003 981 1057 956 989 1027 989 865 793 704 735 669 656 644 638 562 552 549 555 513 518 523 480 490 507 455 474 484 522 557 540 556 562 597 679 854 1131 1118 1334
674 677 676 687 731 753 756 845 886 897 930 876 922 904 980 786 883 712 690 694 672 672 673 678 673 676 678 684 696 693 742 749 857 981 1021 1058 1093 1058 1241 1224 1245 1061 879 825 804 867 786 699 653 651 697 566 559 560 479 475 475 470 479 467 466 529 540 502 529 522 554 539 569 603 693 828 1043 1084 1377
671 682 701 718 737 784 835 876 895 923 913 876 840 817 816 825 877 714 718 711 699 705 684 679 673 678 682 687 709 733 753 780 869 1030 1074 1106 1090 1213 1387 1428 1369 1103 881 785 819 1092 815 659 649 619 632 587 595 549 516 541 497 519 527 535 528 536 538 542 572 561 622 578 562 577 650 784 1011 1179 1284
697 730 706 746 772 823 849 918 949 964 915 991 864 800 806 798 788 740 728 722 722 718 694 692 675 683 689 698 723 760 809 823 898 1057 1108 1137 1078 1156 1494 1405 1442 1021 940 822 766 982 778 643 638 694 704 684 605 544 496 517 515 534 571 589 647 628 580 585 651 630 604 658 611 593 651 734 835 921 1142
748 741 737 786 831 846 851 947 991 992 978 970 905 848 804 807 766 753 768 770 743 741 717 711 685 724 725 727 770 824 861 915 1030 1100 1109 1100 1100 1088 1530 1054 997 873 834 725 697 674 648 634 675 894 800 626 625 581 558 556 548 576 621 656 713 707 628 645 667 677 756 708 723 649 635 773 944 1009 1362
828 805 826 850 916 945 955 1011 1069 1070 1031 976 993 848 814 796 811 777 783 789 776 769 730 707 732 738 778 752 786 862 944 975 1186 1214 1200 1106 1157 1072 1021 974 921 755 742 704 699 682 663 652 731 970 892 632 603 588 570 579 581 567 644 686 718 740 673 687 706 689 763 735 703 653 641 791 988 1079 1460
891 901 930 941 995 1032 1016 1047 1128 1143 1077 1062 986 897 871 844 834 808 807 805 799 771 728 730 770 790 822 843 955 908 997 1078 1225 1187 1372 1158 1160 1069 942 832 800 734 720 704 698 686 664 655 665 890 740 617 592 593 581 573 577 570 647 765 834 835 864 782 742 782 846 820 794 789 728 833 1086 1250 1186
922 1007 1022 1065 1145 1166 1217 1235 1232 1206 1164 1121 1004 930 893 849 828 820 839 828 776 784 755 759 790 817 859 943 991 1013 1054 1199 1349 1327 1413 1360 1261 956 809 783 771 766 733 701 690 672 670 661 638 609 605 602 600 597 578 592 597 598 736 999 962 1046 1114 906 902 845 894 917 917 888 883 773 964 939 1031
960 1040 1073 1078 1182 1272 1319 1325 1310 1276 1268 1139 1077 990 952 860 860 843 839 812 837 843 797 792 847 890 874 928 1046 1114 1205 1213 1251 1362 1250 1538 1217 1109 890 844 839 804 739 698 685 688 681 689 653 615 614 608 607 606 608 612 610 624 749 1086 1101 1110 1285 1113 1121 1012 1000 1000 933 894 805 779 777 879 1060
1008 1080 1141 1199 1327 1430 1505 1599 1559 1494 1311 1259 1207 1077 948 924 911 880 893 854 873 876 844 858 917 964 1024 990 1068 1245 1390 1333 1348 1347 1274 1197 1176 1148 1088 946 897 823 772 711 699 691 685 690 672 650 658 622 608 618 638 631 635 660 819 1167 1358 1169 1288 1206 1221 1074 1073 1079 988 933 819 777 747 794 921
1025 1150 1274 1310 1560 1608 1889 1785 1673 1650 1501 1466 1344 1105 1035 1002 926 888 974 1092 985 930 980 964 1020 1062 1092 1147 1262 1432 1459 1471 1470 1536 1396 1231 1257 1153 1104 1115 911 862 768 722 714 730 719 679 667 657 652 637 640 623 638 655 651 654 933 1232 1334 1466 1515 1471 1490 1432 1273 1110 1014 983 928 797 775 780 714
1215 1342 1304 1575 1545 1924 1924 1791 2079 1703 1600 1549 1325 1204 1102 1049 980 932 965 1022 1020 963 1022 1003 1059 1114 1120 1239 1312 1506 1601 1595 1619 1794 1453 1365 1313 1219 1174 1080 979 894 801 748 742 745 702 693 681 639 626 617 646 636 630 671 668 678 811 1209 1477 1601 1383 1609 1494 1412 1259 1153 1080 1064 984 811 703 684 638
1158 1337 1461 1677 1781 1742 2006 2001 2078 1955 1612 1476 1298 1205 1121 1066 987 996 1067 1105 1147 1109 1141 1142 1177 1206 1329 1309 1441 1434 1658 1830 1847 1745 1637 1661 1621 1762 1532 1356 1165 1015 1003 844 868 871 707 678 696 663 638 640 631 637 655 668 674 681 762 1040 1301 1299 1222 1555 1367 1415 1419 1231 1210 1216 1009 784 737 683 608
1238 1351 1580 1769 2105 1752 2087 2216 2255 1895 1569 1488 1314 1225 1123 1094 1011 1076 1217 1269 1336 1325 1147 1273 1343 1371 1567 1449 1473 1561 1620 1826 1833 1794 1844 1791 1997 2083 1796 1657 1495 1215 978 895 937 866 673 680 660 681 631 651 653 669 664 672 669 676 696 812 946 1063 1184 1193 1303 1390 1365 1339 1191 1171 1020 794 735 631 606
1294 1476 1586 1691 1956 2071 2200 2287 2177 1854 1590 1604 1485 1353 1181 1143 1041 1084 1331 1397 1624 1656 1335 1273 1532 1415 1543 1486 1473 1540 1638 1809 1802 1846 1887 2161 2143 1971 1779 1911 1725 1280 901 828 832 825 777 649 697 707 661 671 667 677 650 662 674 680 692 779 865 924 1084 1038 1279 1239 1389 1354 1308 1228 1043 951 731 609 549
1388 1498 1770 1894 1978 2120 2306 2154 2197 1932 1829 1704 1567 1342 1273 1211 1148 1155 1270 1426 1767 1875 1516 1421 1695 1500 1533 1472 1473 1510 1592 1721 1695 1792 2095 2075 2144 1844 1661 1640 1569 1226 928 800 771 816 824 654 730 636 647 650 661 669 675 671 680 684 686 743 755 795 872 867 1091 1168 1151 1272 1450 1373 1368 1104 992 750 663
1406 1551 1748 1804 1941 2070 2157 2168 2237 2064 1839 1773 1545 1395 1291 1271 1247 1213 1251 1399 1422 1513 1466 1707 1687 1598 1480 1537 1485 1512 1501 1591 1578 1648 1787 1827 1790 1824 1467 1202 1094 1016 932 787 737 715 699 703 696 716 697 686 684 685 674 685 693 702 708 738 739 794 865 841 894 942 1069 1186 1483 1417 1209 978 841 717 661
1476 1471 1536 1630 1861 1961 2000 2071 2188 1999 1909 1706 1609 1474 1315 1330 1305 1226 1430 1468 1444 1580 1644 1546 1514 1533 1420 1432 1511 1487 1370 1471 1511 1576 1722 1455 1455 1434 1227 1003 929 822 768 717 734 742 733 704 685 689 687 699 690 667 689 700 722 729 741 771 801 817 844 949 991 1051 1130 1116 1307 1476 1461 1112 830 714 663
1435 1460 1528 1580 1792 1770 1897 1875 1962 2096 2026 1891 1733 1441 1436 1408 1238 1367 1400 1560 1743 1881 1690 1556 1568 1533 1468 1229 1289 1366 1378 1412 1497 1560 1366 1343 1290 1182 1030 893 856 802 747 722 709 716 726 714 690 689 693 697 677 684 696 716 731 743 769 781 811 841 893 937 1096 1093 1194 1253 1431 1383 1337 1105 952 800 699
1420 1466 1504 1539 1598 1676 1740 1747 1883 2002 1991 1831 1669 1502 1402 1380 1348 1397 1485 1668 1679 1781 1791 1484 1491 1601 1440 1310 1189 1315 1359 1336 1379 1255 1233 1339 1268 1294 990 854 790 772 740 713 705 698 698 690 692 692 688 688 691 695 712 740 757 771 806 840 881 879 1013 1175 1173 1254 1304 1360 1407 1202 1135 1022 889 787 765
1445 1458 1498 1530 1548 1587 1680 1694 1816 1841 1907 1830 1573 1490 1466 1437 1351 1406 1536 1653 1749 1689 1716 1448 1456 1387 1338 1301 1277 1146 1258 1248 1132 1079 1147 1171 1179 1061 892 840 764 755 741 716 701 696 686 683 692 692 694 701 707 712 736 760 791 811 851 881 927 1005 1138 1243 1283 1480 1687 1620 1539 1357 1307 1125 968 841 782
1437 1460 1501 1503 1524 1559 1644 1699 1830 1719 1753 1708 1536 1520 1489 1444 1479 1538 1567 1747 1753 1632 1519 1587 1534 1404 1268 1243 1224 1134 1100 1111 1166 1045 1038 989 963 901 833 783 766 761 746 718 711 695 697 691 697 708 711 721 726 737 746 778 817 841 890 937 1004 1033 1105 1282 1414 1617 1608 1717 1559 1371 1139 1032 945 836 835
1464 1499 1518 1530 1529 1601 1707 1763 2045 1692 1571 1555 1501 1483 1520 1526 1547 1683 1767 1849 1828 1679 1542 1599 1533 1392 1324 1256 1119 1089 1033 1027 1026 999 971 962 928 920 840 789 780 765 751 714 712 694 702 703 709 709 724 734 745 748 762 788 823 844 898 958 1000 1042 1142 1248 1397 1619 1635 1701 1590 1511 1314 1120 926 856 826
1483 1539 1521 1529 1543 1573 1756 1800 2055 1839 1589 1564 1570 1550 1564 1645 1678 1761 1932 1892 1896 1793 1597 1512 1421 1405 1338 1244 1189 1053 1023 1015 1011 992 969 952 929 925 850 790 770 757 750 716 706 706 705 709 711 722 754 763 783 797 849 847 862 840 930 995 1066 1075 1176 1289 1438 1615 1734 1646 1620 1608 1413 1155 958 848 825
