validation/guntur/guntur1840_topography.txt
ncols         151
nrows         151
xllcorner     714418.52549157
yllcorner     9106086.7932112
cellsize      1342
NODATA_value  -9999
[rows 40 to 79 of 151, columns 0 to 89 of 151]
1575 1522 1578 1791 1745 1324 1237 1144 1090 1030 888 801 794 837 826 803 656 626 486 404 405 414 391 404 368 232 247 216 216 216 216 216 238 270 296 347 391 428 477 524 636 608 721 691 715 743 838 917 946 1184 1105 1546 1725 1601 1649 1565 1303 1165 1079 978 835 789 680 639 625 628 543 459 421 392 403 389 392 513 559 504 457 350 320 349 475 518 599 644 760 659 408 335 350 295
2174 2250 2053 1824 1730 1517 1470 1250 1177 1021 962 889 1064 974 773 803 740 634 376 397 335 339 287 322 278 232 209 232 222 216 236 216 223 269 300 346 366 487 478 592 682 647 661 754 820 887 926 1009 1205 1397 1419 1768 1571 1710 1906 1892 1692 1336 1242 1156 935 786 676 713 892 839 527 504 494 471 431 418 402 487 538 590 514 382 334 414 508 646 721 838 1094 859 568 459 361 259
2561 2629 2506 1978 1897 1631 1505 1294 1207 1046 1196 1190 1059 947 787 740 538 460 458 363 294 330 296 277 245 249 244 216 216 267 253 241 215 249 309 374 383 429 486 488 597 622 627 769 901 947 1027 1109 1291 1717 1525 1766 1546 1697 1880 1884 1774 1379 1271 1279 979 982 886 998 919 944 711 833 908 754 715 483 512 529 526 532 444 412 362 442 579 630 934 1165 1434 1123 665 558 456 369
2111 2404 2639 2445 2337 1921 1695 1271 1196 986 943 913 993 788 659 693 789 622 448 345 300 295 276 267 264 270 216 250 216 295 440 296 278 282 292 309 349 400 552 681 549 577 693 696 907 923 1021 1086 1192 1519 1779 1742 1663 1636 1806 1833 1730 1444 1382 1346 1313 1216 838 1069 1074 911 762 882 1103 975 652 639 657 628 559 573 494 427 402 432 486 594 902 1100 1346 1275 658 559 470 367
2067 2543 2348 2771 2776 2016 1661 1248 1170 980 899 897 814 718 608 588 480 459 345 337 317 302 279 280 267 246 221 256 222 237 342 486 347 295 370 310 314 407 542 598 505 543 660 734 828 922 967 1051 1109 1263 1391 1395 1381 1497 1571 1591 1558 1422 1359 1277 1499 1342 1278 1300 1255 1201 1224 1274 1090 991 1213 923 824 825 968 642 643 570 493 551 564 600 677 853 928 807 606 591 473 366
1811 1891 2015 2574 2655 2053 1665 1314 1171 960 870 749 691 593 566 524 447 414 374 356 322 315 291 278 261 243 261 271 275 259 269 313 389 293 352 452 482 438 477 542 490 524 646 721 847 848 970 1068 1130 1201 1231 1225 1303 1373 1406 1394 1375 1387 1251 1249 1243 1367 1446 1481 1425 1410 1468 1529 1493 1404 1395 974 1189 1037 926 817 778 728 538 505 537 608 672 639 692 693 575 518 472 351
1565 1699 1856 2146 2251 1829 1569 1250 1167 943 857 724 668 593 551 518 461 436 384 365 328 313 296 281 236 262 268 273 269 270 261 276 308 304 299 337 387 438 459 548 536 518 593 598 669 748 898 943 1051 1135 1152 1229 1176 1246 1221 1224 1256 1178 1164 1161 1199 1158 1366 1410 1938 2070 1753 1866 1612 1459 1495 1610 1442 1137 903 720 706 874 723 563 549 546 553 538 536 525 462 431 383 342
1319 1376 1475 1715 1652 1418 1319 1061 1037 854 805 672 626 544 516 484 438 419 382 363 332 315 286 287 253 266 265 271 274 281 282 268 267 285 345 332 338 397 424 477 540 519 812 709 657 705 846 889 928 1093 1148 1222 1195 1247 1192 1243 1235 1197 1141 1163 1185 1216 1252 1380 1636 1678 1723 1607 1539 1499 1240 1307 1450 1051 890 831 727 673 751 528 532 535 528 527 503 473 432 377 315 264
1206 1288 1273 1399 1417 1321 1229 1055 958 827 774 648 602 519 493 477 427 410 377 363 337 328 302 287 275 283 277 282 286 292 300 245 295 314 340 348 361 460 518 541 709 748 741 759 695 711 757 836 879 917 986 1015 1045 1073 1069 1096 1174 1169 1194 1288 1341 1418 1581 1394 1429 1488 1737 1525 1420 1477 1150 1061 1117 882 864 825 832 611 589 477 473 474 429 484 531 435 396 335 270 317
1065 1142 1134 1164 1185 1223 1085 949 888 749 697 620 589 517 490 464 428 406 368 359 345 332 301 297 284 283 285 285 287 300 300 249 280 316 321 355 374 497 781 732 804 921 770 745 681 684 743 790 809 875 900 951 991 1026 1046 1024 1068 1110 962 1249 1331 1340 1396 1526 1575 1488 1586 1609 1268 1278 1084 1088 1041 847 867 794 811 628 519 467 465 461 465 420 373 359 380 385 324 342
1025 1030 1064 1079 1119 1091 1027 910 843 724 676 605 569 511 486 470 472 424 372 364 348 335 311 308 326 317 310 308 360 388 288 273 323 307 287 359 527 587 872 805 783 746 690 661 665 654 693 711 755 775 809 857 874 910 903 874 871 911 955 1104 1022 1121 1189 1167 1289 1376 1464 1296 1182 1156 1024 1029 1039 907 892 726 760 726 601 462 531 446 501 650 423 381 483 364 355 344
936 974 985 989 1030 979 965 871 825 720 663 587 561 508 488 470 490 455 389 376 358 350 316 321 323 321 314 371 441 480 312 390 537 342 433 515 690 784 885 715 690 687 658 658 656 667 697 718 752 760 780 818 832 864 867 816 840 836 908 936 932 1069 1052 1088 1190 1364 1479 1346 1083 1036 1000 1058 948 930 910 752 738 599 597 492 532 617 467 538 583 474 548 408 418 418
826 840 859 845 866 842 838 814 898 762 630 568 542 494 480 463 432 421 404 400 373 328 347 350 349 362 485 395 323 395 512 828 840 680 742 727 703 767 680 671 660 639 640 636 657 657 710 765 733 743 748 760 776 777 786 785 766 744 769 779 833 827 950 1097 1097 1342 1654 1233 1006 1001 903 908 907 903 915 824 782 740 723 579 664 597 478 548 621 680 486 542 523 448
761 783 789 799 810 788 780 917 1072 769 719 566 557 497 474 461 432 423 393 367 342 344 338 367 469 432 504 423 431 530 677 799 708 517 678 729 675 776 690 664 646 650 655 656 637 661 687 698 724 729 727 740 754 757 752 765 741 715 709 729 719 757 800 822 893 987 1151 1010 912 873 873 883 875 831 835 891 859 905 857 662 693 696 512 637 680 822 603 684 687 747
677 693 690 701 703 703 875 928 1084 887 757 676 625 685 564 488 437 436 410 397 392 407 400 558 611 602 565 581 601 834 962 709 728 726 695 676 680 638 638 637 652 653 657 638 659 659 667 730 712 708 704 734 738 733 741 736 728 700 695 690 691 718 734 754 838 879 976 921 872 838 842 869 863 877 832 891 1027 1053 1046 759 812 751 600 561 1020 1100 680 902 961 878
640 653 663 660 650 641 748 887 983 900 749 663 618 785 596 465 438 435 398 375 446 526 564 523 678 843 838 812 829 796 877 682 724 680 716 638 644 646 638 642 654 651 657 658 638 665 693 676 728 701 695 710 714 717 712 705 700 688 686 680 678 681 685 693 756 785 808 782 783 783 849 886 852 870 886 1138 1355 1494 1364 864 1165 979 695 756 1049 1105 766 1000 697 675
569 585 596 597 594 603 583 757 809 854 781 636 611 586 487 456 448 428 527 500 439 603 660 736 717 845 998 1005 809 730 747 770 759 799 700 639 693 695 708 637 646 638 657 656 663 669 666 670 692 690 690 699 703 706 701 699 695 688 683 681 674 673 677 683 711 733 768 784 742 715 848 1098 844 865 902 1217 1408 1439 1434 1091 1216 984 800 881 951 1106 1007 939 840 842
545 556 566 566 571 555 564 690 770 747 702 611 554 559 462 485 457 479 599 642 552 751 467 662 715 830 991 856 787 810 977 738 845 761 702 646 675 677 660 640 637 638 661 660 664 653 668 670 673 674 679 686 688 689 689 687 683 678 677 674 671 670 666 668 668 670 680 694 683 684 790 810 776 759 856 1058 1204 1437 1360 1302 1188 1353 1257 1083 1167 1443 1249 1273 1004 835
511 536 600 649 730 606 579 597 591 661 716 630 589 550 539 514 598 750 786 762 693 510 745 813 909 873 853 867 841 911 886 917 830 704 696 670 666 669 643 656 640 655 682 849 695 679 678 755 666 669 676 682 678 680 677 679 679 675 675 672 670 665 665 666 669 663 672 679 680 682 684 687 735 737 800 953 1078 1178 1222 1147 1163 1220 1393 1308 1281 1570 1242 1075 933 829
509 505 595 657 705 607 637 678 626 695 776 700 624 615 661 627 702 659 836 655 487 619 698 760 934 902 965 946 964 1077 1146 1063 1061 822 806 772 718 663 660 662 640 646 882 1053 1060 855 859 775 661 657 666 668 669 668 669 662 666 668 665 669 668 662 663 664 663 666 666 671 672 668 678 678 681 683 767 830 929 1158 1214 1274 1333 1354 1447 1146 1526 1379 1327 1134 935 842
644 623 618 601 644 667 669 680 784 899 857 920 710 833 795 808 775 845 762 615 556 830 876 802 890 893 908 968 1013 1043 1078 1168 1055 749 826 720 699 666 669 658 662 658 1018 1082 1077 1095 884 871 665 662 665 663 665 664 663 661 663 663 667 663 664 662 663 661 666 664 664 667 667 666 671 676 683 690 695 868 1024 1367 1353 1190 1122 1192 1355 1105 1044 1133 1040 949 754 703
586 623 788 716 920 941 769 826 755 932 930 920 757 905 978 1031 992 942 757 707 554 719 927 932 950 995 970 995 956 1153 1071 988 961 871 852 837 811 738 708 712 661 677 890 850 910 1002 706 690 668 661 666 661 660 661 662 662 664 664 666 659 663 662 661 666 664 664 665 665 667 666 670 670 683 686 710 754 873 1139 1174 1240 1000 1030 1051 881 921 980 1005 904 772 734
607 674 917 887 1085 1053 997 1050 1034 1023 1195 951 777 1024 1023 1121 1022 1082 803 828 759 955 985 962 943 951 974 957 957 1189 1007 987 886 903 948 887 846 813 749 688 669 773 769 846 919 1066 776 858 665 667 667 664 665 666 664 663 664 661 665 662 661 664 663 664 663 664 665 664 664 668 665 668 690 708 715 781 823 929 916 987 1004 1045 934 793 672 670 811 726 563 565
775 826 1095 1045 1014 1043 1091 1147 1186 1094 1159 996 1011 1000 1066 1161 1019 1004 972 983 792 811 936 902 938 935 1019 1121 1106 1004 1041 1050 995 1139 1285 1169 1000 783 815 728 900 940 943 1019 986 942 800 737 704 687 670 671 668 668 667 758 795 808 676 663 664 666 669 666 667 664 668 671 665 667 667 671 691 743 737 785 817 837 854 1006 823 903 904 789 712 675 637 719 553 537
849 900 1069 1033 1048 1118 1149 1135 1256 1190 1104 1132 1079 1035 1064 1023 1002 996 985 967 711 972 1068 1061 1017 988 1019 1093 1079 1066 1067 1082 1118 1197 1300 1187 1027 863 779 826 1117 1177 1013 978 1035 889 760 751 713 688 674 670 670 665 668 798 952 839 787 676 688 716 673 675 668 673 671 670 673 667 682 678 757 801 860 900 873 978 1000 899 876 661 663 715 725 588 510 516 525 510
973 1092 1012 1024 990 1038 1128 1139 1238 1123 1227 1228 1143 1085 1102 1109 1072 1023 906 843 835 956 1004 1020 1075 1119 1217 1263 1166 1178 1168 1080 1138 1370 1341 1338 1377 1114 1069 1223 1343 1205 1199 1189 1204 925 843 772 693 686 689 679 667 667 675 685 693 986 949 801 790 828 677 682 676 666 669 672 674 673 696 733 807 894 1004 1023 946 1058 992 783 686 660 642 574 550 555 520 508 506 512
989 1046 1038 1010 1003 1003 1122 1064 1164 1109 1125 1186 1219 1148 1134 1049 1093 1195 991 934 925 908 914 957 1147 1178 1204 1348 1411 1320 1306 1277 1115 1401 1442 1421 1403 1409 1326 1337 1300 1257 1318 1323 1203 1033 920 875 751 701 693 694 678 680 683 759 830 893 916 875 838 856 993 706 695 698 681 672 682 697 755 789 1017 1108 1118 1256 1533 1133 910 1049 1031 634 650 620 639 537 508 522 532 537
870 931 988 1019 1015 997 1010 1056 1109 1122 1066 1093 1086 1089 1117 966 995 1099 1067 1006 886 922 973 988 1178 1345 1394 1479 1579 1624 1592 1543 1276 1187 1210 1300 1291 1368 1317 1370 1163 1171 1215 1109 1177 952 1010 958 811 737 711 702 707 713 739 795 825 939 948 984 827 788 779 740 742 725 697 676 686 722 776 853 1021 1090 1086 1395 1416 1111 927 853 859 649 782 654 548 539 527 534 622 665
867 889 977 1019 1051 1049 986 1099 1146 1136 1065 1096 1007 1011 1023 956 920 1089 1080 981 875 939 1009 1101 1241 1409 1535 1599 1708 1741 1742 1431 1421 1281 1270 1317 1347 1380 1356 1260 1193 1167 1120 1068 983 1042 1193 1208 1050 802 745 764 798 825 853 952 944 1090 1086 959 974 810 811 782 772 777 704 727 787 788 921 951 1270 1214 1110 951 928 746 718 693 678 668 917 632 587 560 581 566 738 782
783 844 918 909 884 1016 1031 1028 1043 1031 1068 1007 1048 984 1010 881 958 1054 1174 1100 975 1098 1173 1202 1279 1526 1746 1788 1660 1871 1816 1588 1534 1394 1409 1460 1479 1471 1461 1321 1240 1210 1139 1076 1030 1096 1207 1196 1087 930 778 808 846 932 967 1062 1067 1140 1160 1005 901 823 828 815 796 749 740 784 845 915 973 1145 1207 1381 1006 884 812 757 728 684 667 707 622 608 603 589 588 597 961 1030
768 820 818 819 856 1013 1006 1051 1064 1026 984 1080 881 944 890 905 961 1006 1251 1222 1112 1092 1237 1394 1392 1470 1718 1700 1521 1528 1587 1738 1689 1579 1606 1925 1812 1501 1918 1403 1275 1257 1154 1106 1104 1118 1272 1392 1129 937 837 848 890 1075 1150 1330 1480 1496 1464 1158 1157 928 883 864 883 877 822 862 944 995 1293 1292 1304 1230 1155 1110 988 835 752 704 693 666 629 620 603 593 607 616 961 1008
712 737 754 732 841 870 907 931 889 926 952 840 858 930 948 926 983 1102 1190 1188 1302 1253 1244 1262 1408 1505 1540 1428 1475 1521 1559 1781 1703 1617 1616 1832 1730 1685 1613 1345 1355 1275 1195 1124 1110 1123 1199 1301 1143 909 859 875 904 1157 1224 1629 1719 1574 1602 1306 1208 974 939 1029 913 932 930 986 1100 1191 1380 1440 1458 1368 1213 1115 1042 951 785 755 724 681 667 620 606 649 653 664 1186 1375
711 729 758 724 805 846 855 824 814 887 889 788 879 925 943 944 889 840 790 786 996 1188 1291 1327 1221 1366 1595 1694 1683 1812 1783 1542 1499 1553 1638 1779 1924 1871 1597 1460 1378 1360 1292 1267 1226 1306 1207 1183 1104 1114 941 1017 1173 1318 1533 1618 1736 2176 2050 1446 1272 1059 1003 1128 1227 1197 1189 1224 1350 1339 1537 1803 1734 1653 1332 1411 1215 909 801 804 723 656 624 625 643 647 670 680 1208 1464
630 653 684 693 732 745 790 827 784 861 823 769 837 855 947 876 837 731 653 772 978 1074 1137 1167 1333 1370 1494 1444 1631 1659 1620 1436 1425 1560 1537 1827 1752 1729 1689 1522 1433 1468 1493 1393 1355 1362 1269 1293 1248 1176 1070 1096 1256 1393 1530 1850 2011 2245 1797 1421 1289 1104 1024 1259 1334 1356 1262 1397 1574 1485 1636 1726 1794 1849 1932 2117 1737 1263 981 888 715 648 655 652 658 675 668 678 812 934
600 623 662 688 669 679 668 673 796 766 728 804 795 843 825 712 713 577 656 720 896 992 1184 1273 1169 1151 1367 1319 1328 1420 1364 1376 1455 1531 1642 1694 1752 2187 2048 1760 1633 1674 1749 1706 1619 1554 1462 1583 1752 1434 1131 1270 1384 1522 1764 2010 2149 2197 1995 1616 1456 1233 1215 1224 1593 1724 1300 1575 1556 1476 1560 1723 1830 1959 2031 1770 1783 1229 906 777 891 655 635 649 659 663 673 692 754 782
542 487 581 579 632 612 574 654 705 749 776 791 808 741 780 589 521 554 621 613 851 943 1194 1202 1177 1272 1334 1285 1276 1351 1294 1378 1426 1557 1634 1798 1865 2393 2157 1974 1714 1886 1860 1805 1730 1777 1599 1824 1712 1518 1229 1271 1482 1490 1580 1921 1951 2226 2117 1645 1552 1311 1283 1293 1388 1480 1588 1553 1455 1517 1365 1474 1570 1760 1546 1468 1182 845 774 790 738 706 680 688 686 689 705 734 747 794
525 514 502 537 546 522 510 614 655 744 637 581 563 599 562 602 567 443 507 595 855 1099 1011 1133 1149 1187 1284 1256 1177 1253 1229 1258 1376 1491 1580 1683 1883 2301 2232 1981 1980 1944 2071 1936 2047 2070 1838 1636 1483 1412 1398 1363 1434 1464 1538 1807 1887 1975 2029 1736 1622 1400 1265 1378 1783 1734 1614 1527 1482 1333 1418 1418 1612 1407 1293 1150 883 801 747 723 737 690 702 703 679 712 722 782 795 836
471 453 416 478 508 490 547 688 729 780 611 537 569 583 468 531 472 442 540 594 827 1029 1112 1145 1085 1165 1229 1204 1076 1177 1245 1310 1324 1426 1490 1687 1838 2087 2103 1959 2006 1933 1958 1764 2124 1965 1767 1669 1451 1397 1441 1382 1442 1463 1485 1562 1640 1806 1806 1669 1530 1459 1387 1503 1675 1755 1626 1417 1360 1312 1194 1227 1071 1123 1027 959 761 759 742 702 695 685 694 703 707 752 783 865 917 949
364 428 319 370 366 499 464 511 478 531 497 483 469 454 477 405 374 525 672 657 914 1027 802 790 902 906 968 1043 1192 1312 1374 1503 1446 1476 1574 1699 1776 1930 1879 1775 1742 1827 1678 1572 1815 2033 1747 1631 1471 1454 1430 1433 1442 1466 1504 1544 1631 1884 1676 1612 1525 1421 1514 1580 1774 1682 1575 1552 1300 1239 1081 1040 1039 994 935 858 771 770 741 707 704 700 709 726 734 766 798 892 942 1022
320 369 253 252 393 365 392 408 440 505 480 459 464 458 363 386 368 473 550 784 888 845 787 833 1150 1126 1215 1264 1207 1185 1308 1471 1491 1674 1696 1613 1651 1715 1627 1667 1756 1897 1670 1432 1499 1710 1842 1698 1452 1423 1442 1457 1512 1537 1518 1554 1642 2153 1850 1574 1564 1618 1686 1985 1967 1637 1555 1478 1314 1236 1090 986 973 968 902 915 801 763 745 711 716 722 746 819 814 938 962 891 956 1073
