validation/guntur/guntur1840_topography.txt
ncols         151
nrows         151
xllcorner     714418.52549157
yllcorner     9106086.7932112
cellsize      1342
NODATA_value  -9999
[rows 80 to 119 of 151, columns 0 to 89 of 151]
203 216 216 156 327 213 330 251 287 404 423 403 507 364 403 437 431 514 538 519 698 678 859 1055 1053 1046 1062 1198 1034 1188 1261 1366 1345 1706 1764 1365 1508 1621 1535 1606 1630 1601 1668 1461 1460 1550 1815 1670 1489 1481 1456 1484 1552 1518 1527 1607 1712 1834 1688 1617 1630 1804 1927 2119 2034 1701 1623 1480 1247 1196 1102 1055 952 928 895 887 815 776 731 728 729 760 804 893 857 965 1040 1039 960 1123
194 135 190 154 317 197 253 214 224 305 331 353 362 510 428 387 431 478 488 459 545 724 877 1012 987 1036 1063 1123 974 1135 1292 1384 1456 1462 1298 1251 1343 1320 1586 1665 1626 1594 1451 1170 1169 1240 1588 1550 1523 1408 1429 1424 1399 1433 1483 1476 1561 1684 1626 1652 1714 1931 2193 2235 2112 1867 1644 1495 1224 1166 1055 1027 953 924 879 872 834 814 791 732 777 791 859 993 1000 1083 1141 1124 1011 1112
191 165 170 257 153 137 136 131 150 166 175 171 257 387 379 354 386 437 477 474 803 813 951 963 833 818 865 865 1137 1155 1247 1385 1373 1377 1212 1160 1064 1297 1554 1535 1592 1277 1331 1170 1153 1156 1381 1378 1510 1447 1190 1227 1379 1522 1439 1504 1525 1694 1637 1649 1719 2018 2284 2302 2164 1933 1796 1556 1304 1190 1095 1016 948 929 874 868 819 806 802 808 788 887 880 1043 1113 1366 1381 1503 1161 1060
223 145 154 156 127 126 132 153 140 160 183 169 185 242 290 358 301 441 626 675 845 856 669 730 681 713 885 1020 1108 1165 1188 1189 1248 1091 1018 846 1147 1623 1594 1419 1514 1209 1318 984 1110 1436 1319 1328 1247 1154 1274 1434 1499 1434 1555 1588 1574 1608 1618 1656 1747 1903 2008 2196 2216 2043 1800 1599 1310 1216 1062 1029 964 944 902 881 854 834 810 908 795 928 926 1121 1256 1503 1436 1372 1152 1089
243 160 113 151 160 141 172 181 155 179 286 245 253 279 329 285 370 449 743 819 811 848 656 599 690 948 954 973 1095 971 1155 1146 1165 1070 974 963 1119 1567 1496 1403 1384 1118 1134 937 1144 1325 1301 1179 1334 1115 1207 1304 1566 1542 1617 1554 1653 1619 1657 1706 1748 1815 1905 2080 2104 2274 2162 1675 1298 1181 1067 1029 968 977 994 1010 989 935 902 877 923 995 1022 1230 1367 1737 1660 1261 937 934
208 209 108 171 180 213 255 293 331 536 526 523 559 608 632 374 401 782 724 773 552 414 372 517 825 891 891 908 898 1041 1103 899 1186 622 731 1171 1186 1247 1270 1383 1222 868 757 794 1164 1163 875 857 951 976 996 1225 1574 1721 1712 1746 1736 1733 1686 1700 1687 1736 1808 2078 2118 2247 2034 1584 1319 1229 1097 1046 1057 1062 1087 1122 1057 1024 952 963 960 993 1031 1273 1398 1377 1365 1109 1001 814
207 160 161 202 246 369 369 352 389 398 509 495 546 569 571 606 611 701 747 533 593 380 446 563 516 736 741 820 799 1007 922 873 935 670 736 1098 1275 1120 1337 1386 1118 879 657 1040 1102 1006 717 835 897 774 1021 1167 1589 1739 1803 1802 1967 1859 1753 1668 1668 1788 1895 2060 2234 2148 1712 1614 1389 1312 1164 1075 1192 1266 1429 1418 1388 1265 1148 1065 996 965 1022 1104 1134 1173 1059 925 858 790
124 137 137 202 398 368 391 296 350 200 328 414 502 522 474 553 451 568 551 347 339 273 493 366 722 619 797 856 908 903 790 889 657 1022 1069 1170 1141 1277 1076 1182 1099 931 704 843 1000 677 693 692 967 1130 1322 1477 1449 1491 1846 1789 1919 1873 1799 1682 1650 1767 1842 2116 2239 2028 1857 1704 1393 1327 1175 1093 1316 1380 1651 1648 1624 1436 1205 1083 1007 937 1017 1079 1019 1016 943 837 823 736
70 86 143 313 372 343 294 338 394 187 404 446 462 488 407 505 408 519 480 308 283 238 385 610 482 690 759 646 830 840 740 644 483 984 977 1095 892 1209 1056 1139 967 844 624 767 851 706 733 982 1211 1245 1266 1378 1567 1626 1740 1668 1618 1588 1718 1708 1612 1733 1857 2324 2456 2426 2062 1763 1461 1348 1242 1186 1380 1511 2048 2477 2152 1920 1287 1180 1070 937 891 902 918 885 889 774 728 685
246 285 170 266 121 174 342 290 314 322 373 390 406 435 386 434 432 440 462 280 170 221 372 373 534 582 427 664 703 636 632 410 607 616 759 755 1081 855 1104 1092 852 1013 858 621 864 621 575 635 987 944 1160 1265 1539 1575 1585 1562 1473 1474 1733 1471 1503 1728 1884 2548 2505 2406 2020 1588 1428 1361 1226 1202 1408 1554 2046 2498 2287 1878 1374 1185 1105 985 848 843 844 823 800 745 729 648
129 175 167 138 203 124 164 185 158 315 314 373 353 384 397 382 397 423 422 419 252 187 308 468 534 576 429 384 728 516 583 508 589 654 559 933 919 838 955 1033 838 886 856 481 536 471 834 1072 958 1206 1411 1558 1283 1458 1392 1490 1487 1426 1576 1267 1388 1548 1714 2022 1997 1811 1698 1445 1356 1305 1201 1214 1348 1478 1745 1784 1759 1617 1356 1256 1147 967 936 843 751 755 717 677 651 589
158 39 130 32 130 119 85 118 120 125 238 216 168 343 338 199 311 271 297 384 387 391 341 492 475 277 357 503 583 345 358 567 660 730 685 780 725 784 960 1016 768 759 942 776 503 589 968 1198 1342 1229 1282 1440 1317 1299 1461 1423 1288 1415 1384 1242 1322 1443 1468 1759 1765 1612 1569 1400 1318 1276 1228 1243 1334 1412 1584 1653 1584 1519 1363 1179 1076 1076 932 780 772 657 698 643 614 558
44 64 102 27 31 128 188 154 203 102 84 142 114 147 168 203 129 343 319 189 242 158 409 412 430 365 354 420 433 576 348 477 475 572 462 614 590 759 576 784 906 714 788 407 461 666 786 973 1049 984 1350 1205 1243 1238 1464 1288 950 1136 1151 1201 1170 1114 1216 1319 1354 1380 1356 1334 1298 1285 1303 1332 1283 1304 1417 1391 1291 1277 1405 1412 1414 1049 947 899 772 721 622 590 565 523
61 29 51 16 127 151 141 177 95 147 154 70 25 63 64 35 60 207 264 211 200 274 360 226 348 217 234 330 369 316 295 606 514 535 411 531 453 752 526 880 879 725 987 364 400 582 675 900 968 1221 1260 943 1265 1148 1358 1307 845 1144 1042 1275 1120 948 1059 1171 1215 1265 1312 1382 1327 1379 1363 1424 1285 1289 1369 1223 1147 1317 1296 1419 1347 1158 1047 850 868 778 681 625 637 534
7 12 85 105 71 71 141 103 66 70 59 82 103 164 160 202 148 12 239 65 240 259 278 289 69 212 167 249 235 330 228 504 355 267 506 575 336 371 500 494 436 546 696 230 457 831 861 778 873 768 751 858 990 1125 1229 1044 750 1028 1149 1103 1067 877 900 908 1024 1143 1212 1533 1536 1569 1561 1569 1466 1344 1339 1232 965 1027 1106 1197 1173 1237 1098 1113 978 844 718 635 572 514
23 55 81 78 59 85 96 122 31 13 87 98 55 132 160 185 176 44 140 205 236 240 177 242 122 99 209 224 168 197 471 415 306 232 371 377 281 433 356 339 357 333 279 248 527 926 901 741 731 691 679 859 1130 1303 984 978 672 1003 988 775 761 817 812 922 887 1217 1272 1579 1659 1783 1615 1651 1451 1371 1363 1233 889 861 882 830 959 1082 1252 1050 904 795 684 758 784 728
49 24 42 35 22 53 73 84 56 78 70 61 52 23 111 131 79 11 101 173 174 172 152 48 45 169 77 147 189 228 314 258 325 256 284 285 289 420 470 299 126 182 334 543 805 800 630 566 491 628 977 941 949 888 783 636 666 963 1030 686 591 563 600 881 991 1129 1307 1485 1534 1572 1697 1547 1520 1379 1238 1103 959 947 765 767 875 988 1109 1062 985 724 663 577 626 743
17 20 12 12 11 25 33 44 33 46 40 68 37 60 83 80 9 97 102 146 131 153 10 83 158 157 162 185 152 216 228 225 142 202 290 245 234 315 276 228 89 236 285 527 746 532 381 520 617 787 797 843 736 681 578 583 703 822 718 720 602 612 807 924 865 963 1051 1172 1034 1299 1474 1295 1244 1248 980 878 855 785 809 699 786 866 954 1152 1093 917 769 673 563 474
-9999 -9999 -9999 -9999 25 19 16 12 23 28 15 39 16 5 3 39 23 67 60 64 86 8 68 89 101 98 135 80 139 182 130 254 160 209 119 136 241 270 218 173 150 226 167 440 565 570 584 638 603 500 689 734 616 500 438 458 686 856 702 619 528 629 749 807 753 1070 1067 933 959 1320 1454 1292 1125 1126 1086 1052 907 850 747 665 899 952 1009 1066 1021 964 798 645 588 474
-9999 -9999 -9999 -9999 -9999 -9999 -9999 -9999 -9999 -9999 -9999 -9999 4 9 7 8 7 24 53 46 37 66 28 38 38 55 84 140 137 130 196 99 164 97 145 169 176 253 249 66 165 275 242 372 249 596 555 555 508 384 555 669 592 508 424 392 779 754 649 438 362 559 510 701 739 655 816 910 1109 1314 1363 1305 1048 1142 1093 937 809 794 651 671 752 753 824 931 964 903 823 788 694 496
-9999 -9999 -9999 -9999 -9999 -9999 -9999 -9999 -9999 -9999 -9999 -9999 -9999 -9999 -9999 -9999 -9999 -9999 -9999 31 11 15 9 9 17 24 17 63 40 84 87 30 80 79 73 143 108 165 147 68 233 176 240 265 281 467 433 498 283 466 467 533 593 498 379 387 672 585 610 407 344 344 442 459 544 686 676 887 1279 1110 1251 1348 1051 1054 1122 1047 798 746 756 615 706 688 744 937 960 865 848 829 777 482
-9999 -9999 -9999 -9999 -9999 -9999 -9999 -9999 -9999 -9999 -9999 -9999 -9999 -9999 -9999 -9999 -9999 -9999 -9999 -9999 -9999 6 4 6 8 25 9 23 54 17 69 58 58 67 21 79 87 129 124 54 167 186 212 220 184 273 244 397 306 433 424 422 501 398 300 254 553 313 270 212 325 598 775 921 1005 942 887 1084 1069 951 1011 1286 1025 914 1009 1093 1108 977 744 641 593 626 731 845 842 870 902 789 849 777
-9999 -9999 -9999 -9999 -9999 -9999 -9999 -9999 -9999 -9999 -9999 -9999 -9999 -9999 -9999 -9999 -9999 -9999 -9999 -9999 -9999 -9999 -9999 -9999 -9999 -9999 -9999 -9999 -9999 -9999 -9999 -9999 1 17 53 55 52 71 86 55 112 161 151 56 220 235 289 358 391 238 415 296 471 425 233 315 325 312 323 355 482 578 839 901 945 878 798 914 1047 838 947 1175 1201 939 1010 905 1074 1075 728 652 572 583 642 774 706 826 710 765 756 817
-9999 -9999 -9999 -9999 -9999 -9999 -9999 -9999 -9999 -9999 -9999 -9999 -9999 -9999 -9999 -9999 -9999 -9999 -9999 -9999 -9999 -9999 -9999 -9999 -9999 -9999 -9999 -9999 -9999 -9999 -9999 -9999 -9999 -9999 -9999 -9999 -9999 -9999 -9999 1 30 44 30 83 174 263 117 100 119 243 202 247 303 282 312 253 175 286 496 645 613 699 775 486 640 634 643 965 913 849 973 952 978 855 645 728 859 957 980 830 636 580 823 880 870 662 681 784 762 799
-9999 -9999 -9999 -9999 -9999 -9999 -9999 -9999 -9999 -9999 -9999 -9999 -9999 -9999 -9999 -9999 -9999 -9999 -9999 -9999 -9999 -9999 -9999 -9999 -9999 -9999 -9999 -9999 -9999 -9999 -9999 -9999 -9999 -9999 -9999 -9999 -9999 -9999 -9999 -9999 -9999 -9999 3 67 86 160 231 189 321 380 138 308 242 146 266 338 206 310 475 493 598 566 593 541 698 583 743 851 688 878 951 781 753 830 578 583 693 820 1074 1002 629 566 763 886 813 792 650 783 783 609
-9999 -9999 -9999 -9999 -9999 -9999 -9999 -9999 -9999 -9999 -9999 -9999 -9999 -9999 -9999 -9999 -9999 -9999 -9999 -9999 -9999 -9999 -9999 -9999 -9999 -9999 -9999 -9999 -9999 -9999 -9999 -9999 -9999 -9999 -9999 -9999 -9999 -9999 -9999 -9999 -9999 -9999 -9999 -9999 24 69 32 42 108 139 53 233 143 200 152 72 353 338 245 271 448 538 443 531 545 708 750 470 818 693 722 673 527 560 405 532 582 859 942 817 627 620 788 822 844 777 696 714 636 662
-9999 -9999 -9999 -9999 -9999 -9999 -9999 -9999 -9999 -9999 -9999 -9999 -9999 -9999 -9999 -9999 -9999 -9999 -9999 -9999 -9999 -9999 -9999 -9999 -9999 -9999 -9999 -9999 -9999 -9999 -9999 -9999 -9999 -9999 -9999 -9999 -9999 -9999 -9999 -9999 -9999 -9999 -9999 -9999 34 -9999 23 16 53 81 122 121 232 38 57 306 279 276 339 390 446 473 446 504 480 547 675 507 666 835 538 555 445 477 359 301 595 764 796 710 464 516 936 790 672 767 649 624 574 424
-9999 -9999 -9999 -9999 -9999 -9999 -9999 -9999 -9999 -9999 -9999 -9999 -9999 -9999 -9999 -9999 -9999 -9999 -9999 -9999 -9999 -9999 -9999 -9999 -9999 -9999 -9999 -9999 -9999 -9999 -9999 -9999 -9999 -9999 -9999 -9999 -9999 -9999 -9999 -9999 -9999 -9999 -9999 -9999 -9999 -9999 -9999 -9999 -9999 -9999 32 8 74 13 144 196 107 189 229 263 348 214 342 332 243 501 668 453 514 530 468 547 454 354 455 296 772 668 764 731 443 552 890 744 691 761 710 740 708 687
-9999 -9999 -9999 -9999 -9999 -9999 -9999 -9999 -9999 -9999 -9999 -9999 -9999 -9999 -9999 -9999 -9999 -9999 -9999 -9999 -9999 -9999 -9999 -9999 -9999 -9999 -9999 -9999 -9999 -9999 -9999 -9999 -9999 -9999 -9999 -9999 -9999 -9999 -9999 -9999 -9999 -9999 -9999 -9999 -9999 -9999 -9999 -9999 -9999 -9999 -9999 -9999 4 39 90 99 139 239 188 283 242 306 364 190 407 462 536 298 465 288 361 581 514 460 272 384 719 741 527 649 419 681 756 727 726 721 682 618 540 420
-9999 -9999 -9999 -9999 -9999 -9999 -9999 -9999 -9999 -9999 -9999 -9999 -9999 -9999 -9999 -9999 -9999 -9999 -9999 -9999 -9999 -9999 -9999 -9999 -9999 -9999 -9999 -9999 -9999 -9999 -9999 -9999 -9999 -9999 -9999 -9999 -9999 -9999 -9999 -9999 -9999 -9999 -9999 -9999 -9999 -9999 -9999 -9999 -9999 -9999 -9999 -9999 -9999 -9999 -9999 30 125 154 236 251 209 344 232 252 427 419 503 252 486 306 691 515 418 493 363 422 497 682 415 654 398 492 672 690 698 478 638 540 493 599
-9999 -9999 -9999 -9999 -9999 -9999 -9999 -9999 -9999 -9999 -9999 -9999 -9999 -9999 -9999 -9999 -9999 -9999 -9999 -9999 -9999 -9999 -9999 -9999 -9999 -9999 -9999 -9999 -9999 -9999 -9999 -9999 -9999 -9999 -9999 -9999 -9999 -9999 -9999 -9999 -9999 -9999 -9999 -9999 -9999 -9999 -9999 -9999 -9999 -9999 -9999 -9999 -9999 -9999 -9999 -9999 34 16 142 205 177 125 271 393 349 261 213 306 191 343 437 321 401 509 162 257 616 666 282 413 416 344 533 670 667 523 394 562 516 584
-9999 -9999 -9999 -9999 -9999 -9999 -9999 -9999 -9999 -9999 -9999 -9999 -9999 -9999 -9999 -9999 -9999 -9999 -9999 -9999 -9999 -9999 -9999 -9999 -9999 -9999 -9999 -9999 -9999 -9999 -9999 -9999 -9999 -9999 -9999 -9999 -9999 -9999 -9999 -9999 -9999 -9999 -9999 -9999 -9999 -9999 -9999 -9999 -9999 -9999 -9999 -9999 -9999 -9999 -9999 -9999 28 29 85 109 184 76 242 269 205 98 177 261 176 319 417 317 466 357 137 336 475 555 399 380 285 467 535 628 612 443 491 413 409 357
-9999 -9999 -9999 -9999 -9999 -9999 -9999 -9999 -9999 -9999 -9999 -9999 -9999 -9999 -9999 -9999 -9999 -9999 -9999 -9999 -9999 -9999 -9999 -9999 -9999 -9999 -9999 -9999 -9999 -9999 -9999 -9999 -9999 -9999 -9999 -9999 -9999 -9999 -9999 -9999 -9999 -9999 -9999 -9999 -9999 -9999 -9999 -9999 -9999 -9999 -9999 -9999 -9999 -9999 -9999 -9999 -9999 -9999 -9999 37 50 98 104 162 210 151 198 144 254 236 394 382 282 200 190 322 444 457 220 392 208 406 437 579 497 449 429 492 521 494
-9999 -9999 -9999 -9999 -9999 -9999 -9999 -9999 -9999 -9999 -9999 -9999 -9999 -9999 -9999 -9999 -9999 -9999 -9999 -9999 -9999 -9999 -9999 -9999 -9999 -9999 -9999 -9999 -9999 -9999 -9999 -9999 -9999 -9999 -9999 -9999 -9999 -9999 -9999 -9999 -9999 -9999 -9999 -9999 -9999 -9999 -9999 -9999 -9999 -9999 -9999 -9999 -9999 -9999 -9999 -9999 -9999 -9999 -9999 -9999 41 31 87 142 188 163 54 206 323 259 353 313 292 137 178 238 462 457 250 538 203 265 331 399 479 501 496 355 390 480
-9999 -9999 -9999 -9999 -9999 -9999 -9999 -9999 -9999 -9999 -9999 -9999 -9999 -9999 -9999 -9999 -9999 -9999 -9999 -9999 -9999 -9999 -9999 -9999 -9999 -9999 -9999 -9999 -9999 -9999 -9999 -9999 -9999 -9999 -9999 -9999 -9999 -9999 -9999 -9999 -9999 -9999 -9999 -9999 -9999 -9999 -9999 -9999 -9999 -9999 -9999 -9999 -9999 -9999 -9999 -9999 -9999 -9999 -9999 -9999 -9999 12 11 16 36 21 50 69 139 226 218 167 181 70 180 114 280 304 274 351 123 199 483 436 342 490 506 425 239 325
-9999 -9999 -9999 -9999 -9999 -9999 -9999 -9999 -9999 -9999 -9999 -9999 -9999 -9999 -9999 -9999 -9999 -9999 -9999 -9999 -9999 -9999 -9999 -9999 -9999 -9999 -9999 -9999 -9999 -9999 -9999 -9999 -9999 -9999 -9999 -9999 -9999 -9999 -9999 -9999 -9999 -9999 -9999 -9999 -9999 -9999 -9999 -9999 -9999 -9999 -9999 -9999 -9999 -9999 -9999 -9999 -9999 -9999 -9999 -9999 -9999 10 8 10 11 19 24 82 133 122 156 223 213 86 98 151 168 94 288 436 164 181 318 433 455 404 381 389 392 154
-9999 -9999 -9999 -9999 -9999 -9999 -9999 -9999 -9999 -9999 -9999 -9999 -9999 -9999 -9999 -9999 -9999 -9999 -9999 -9999 -9999 -9999 -9999 -9999 -9999 -9999 -9999 -9999 -9999 -9999 -9999 -9999 -9999 -9999 -9999 -9999 -9999 -9999 -9999 -9999 -9999 -9999 -9999 -9999 -9999 -9999 -9999 -9999 -9999 -9999 -9999 -9999 -9999 -9999 -9999 -9999 -9999 -9999 -9999 -9999 -9999 5 11 10 6 11 5 21 57 101 45 149 65 28 148 181 53 206 308 374 146 116 263 358 377 407 400 360 283 173
-9999 -9999 -9999 -9999 -9999 -9999 -9999 -9999 -9999 -9999 -9999 -9999 -9999 -9999 -9999 -9999 -9999 -9999 -9999 -9999 -9999 -9999 -9999 -9999 -9999 -9999 -9999 -9999 -9999 -9999 -9999 -9999 -9999 -9999 -9999 -9999 -9999 -9999 -9999 -9999 -9999 -9999 -9999 -9999 -9999 -9999 -9999 -9999 -9999 -9999 -9999 -9999 -9999 -9999 -9999 -9999 -9999 -9999 -9999 -9999 -9999 -9999 -9999 -9999 -9999 -9999 4 6 8 35 40 61 81 77 163 74 132 238 294 269 128 114 262 234 290 274 262 210 299 177
-9999 -9999 -9999 -9999 -9999 -9999 -9999 -9999 -9999 -9999 -9999 -9999 -9999 -9999 -9999 -9999 -9999 -9999 -9999 -9999 -9999 -9999 -9999 -9999 -9999 -9999 -9999 -9999 -9999 -9999 -9999 -9999 -9999 -9999 -9999 -9999 -9999 -9999 -9999 -9999 -9999 -9999 -9999 -9999 -9999 -9999 -9999 -9999 -9999 -9999 -9999 -9999 -9999 -9999 -9999 -9999 -9999 -9999 -9999 -9999 -9999 -9999 -9999 -9999 -9999 -9999 -9999 -9999 -9999 4 29 61 55 55 99 35 177 237 298 301 119 98 249 160 144 178 270 274 224 217
-9999 -9999 -9999 -9999 -9999 -9999 -9999 -9999 -9999 -9999 -9999 -9999 -9999 -9999 -9999 -9999 -9999 -9999 -9999 -9999 -9999 -9999 -9999 -9999 -9999 -9999 -9999 -9999 -9999 -9999 -9999 -9999 -9999 -9999 -9999 -9999 -9999 -9999 -9999 -9999 -9999 -9999 -9999 -9999 -9999 -9999 -9999 -9999 -9999 -9999 -9999 -9999 -9999 -9999 -9999 -9999 -9999 -9999 -9999 -9999 -9999 -9999 -9999 -9999 -9999 -9999 -9999 -9999 -9999 -9999 -9999 -9999 -9999 27 21 103 176 223 218 212 129 139 234 226 177 160 72 184 88 85
