validation/guntur/guntur1840_topography.txt
ncols         151
nrows         151
xllcorner     714418.52549157
yllcorner     9106086.7932112
cellsize      1342
NODATA_value  -9999
[rows 0 to 39 of 151, columns 0 to 89 of 151]
-9999 17 22 26 21 29 25 25 23 19 20 19 14 14 16 17 19 18 13 11 11 8 10 12 11 10 8 13 10 8 7 6 6 6 11 9 7 7 6 5 1 1 4 2 3 4 2 4 9 5 4 5 7 8 7 2 -1 6 0 2 1 1 1 -2 -1 2 2 1 0 0 5 1 4 2 -5 5 5 7 5 3 1 2 -9999 -9999 -9999 -9999 -9999 -9999 -9999 -9999
-9999 19 27 26 25 26 22 20 24 27 24 22 22 17 23 20 18 18 14 16 15 15 14 15 14 14 11 14 10 7 7 7 11 6 12 10 7 9 4 5 4 8 7 3 6 3 5 5 6 9 9 8 7 6 6 5 6 -1 0 2 3 -1 1 -3 2 2 2 5 0 -1 0 2 3 3 2 3 3 7 3 5 2 4 2 3 2 -9999 -9999 -9999 -9999 -9999
-9999 23 22 27 30 23 31 25 26 22 19 19 24 23 24 21 26 20 16 15 9 12 12 14 12 12 11 16 10 9 9 10 13 11 8 9 8 9 8 8 7 7 5 10 10 6 9 9 9 9 10 10 8 8 9 7 6 6 4 2 1 2 1 5 2 1 1 1 1 1 4 3 3 5 9 4 6 7 7 5 5 1 4 6 4 3 3 -9999 -9999 -9999
-9999 37 35 35 29 26 31 29 31 30 28 29 34 25 28 26 22 24 18 17 18 14 14 16 14 12 12 12 14 12 11 9 13 13 9 15 11 10 7 13 5 6 6 7 9 8 12 9 12 10 12 9 10 9 11 6 10 6 4 2 3 3 3 6 4 1 1 1 1 2 2 6 7 9 6 6 4 10 11 5 9 8 4 5 3 4 3 2 -9999 -9999
-9999 43 28 35 33 27 27 33 39 35 36 31 34 28 29 30 29 26 18 15 23 18 18 15 15 14 11 15 14 16 15 12 10 16 13 20 18 14 13 10 11 14 9 10 12 11 13 23 12 10 13 13 15 12 11 13 10 8 7 7 6 8 7 8 3 4 7 6 6 9 5 8 6 6 9 7 8 8 7 8 7 9 5 5 5 4 8 2 3 -9999
-9999 48 43 42 44 38 35 44 36 40 34 42 36 43 25 40 33 22 18 17 18 21 15 15 15 13 13 15 16 17 16 19 11 13 12 13 12 14 13 18 11 13 15 11 13 15 12 19 17 14 14 14 12 13 17 14 12 10 10 11 9 8 8 6 6 5 5 8 6 8 8 6 7 12 11 7 10 9 8 8 7 7 10 9 9 13 6 8 4 2
-9999 43 47 51 48 41 31 34 42 40 43 35 43 46 52 49 37 28 31 32 25 20 19 18 18 16 18 16 13 13 14 12 19 16 20 17 21 17 14 16 10 15 12 16 19 17 16 19 18 17 18 18 20 17 16 16 13 12 12 11 8 13 9 11 8 8 11 9 9 8 8 11 6 9 9 12 12 14 10 13 9 11 10 10 7 8 8 6 4 2
-9999 41 57 51 49 34 40 40 44 35 46 38 49 26 44 50 33 30 34 36 24 23 22 14 20 19 19 20 20 16 17 18 17 17 20 17 21 20 19 17 15 20 13 20 15 19 17 20 19 23 20 21 20 17 19 16 14 14 11 14 15 8 7 9 7 10 11 10 12 9 9 8 8 10 10 9 13 16 10 11 10 8 14 10 10 11 10 7 6 3
-9999 59 42 63 50 56 47 51 43 52 44 31 52 54 42 59 30 51 52 44 40 48 30 24 27 29 38 39 39 41 18 14 19 18 21 27 23 21 21 20 17 18 18 22 16 17 20 28 23 24 23 23 23 24 19 19 18 15 16 15 13 10 9 10 13 13 10 12 11 9 10 13 9 13 10 11 15 15 10 10 10 9 11 11 12 10 9 7 6 4
-9999 67 48 60 51 46 57 51 50 41 46 51 45 51 51 62 54 45 44 47 48 30 22 24 30 42 50 39 47 36 29 24 18 21 26 26 26 23 25 19 23 27 22 18 25 22 21 24 24 29 26 25 25 25 19 20 17 18 18 15 12 10 14 7 6 17 11 15 14 13 14 19 11 15 11 12 12 17 11 12 13 11 13 16 12 14 12 13 8 6
-9999 62 52 66 57 55 52 58 53 49 35 51 53 54 59 45 54 42 74 66 26 46 20 25 52 77 91 56 54 46 34 37 25 23 23 25 34 32 23 23 26 29 26 29 22 24 26 26 31 32 24 27 29 27 23 20 19 16 15 12 18 13 11 9 6 13 13 20 15 15 17 13 12 13 14 13 16 15 15 17 16 14 15 14 14 11 12 10 8 6
-9999 47 72 62 69 54 62 58 57 57 42 48 53 53 52 40 53 50 42 29 26 22 23 29 62 50 64 80 65 39 51 42 32 29 15 17 35 36 33 27 26 30 30 34 24 27 30 29 33 34 31 31 29 27 24 20 18 16 16 19 18 14 16 5 18 21 13 19 18 22 18 14 14 14 16 15 15 19 15 16 19 19 17 12 14 12 11 9 13 7
-9999 54 81 70 68 70 72 63 65 63 59 61 58 49 48 50 55 38 27 24 39 31 25 27 37 76 71 82 39 76 64 55 38 24 22 24 40 52 43 48 33 35 34 42 31 35 30 34 36 38 30 31 29 28 24 24 22 19 17 20 21 21 21 15 19 21 19 24 27 20 20 15 18 19 14 17 16 17 19 18 18 21 20 19 14 11 12 9 9 8
-9999 73 73 78 72 78 71 57 63 62 57 58 55 52 48 47 50 35 26 28 39 37 62 29 47 70 88 56 80 100 92 68 44 32 24 22 23 22 56 56 72 50 44 51 55 51 41 37 38 35 33 31 30 28 26 26 24 24 27 20 22 29 30 19 22 22 31 25 25 25 27 18 18 18 17 20 18 18 21 19 19 17 16 17 16 14 12 11 11 10
-9999 87 85 82 69 63 72 61 60 57 60 59 53 44 36 34 31 28 45 51 38 33 30 28 31 49 59 72 54 115 84 75 43 40 48 32 28 24 57 59 77 69 58 50 58 48 39 43 39 35 36 34 31 30 26 31 27 26 27 27 21 31 27 26 25 31 30 28 25 26 28 22 17 18 18 18 20 21 23 23 20 18 17 17 13 15 14 16 14 10
-9999 94 78 87 83 68 68 69 60 61 61 66 43 42 36 34 30 31 62 53 44 61 44 53 64 68 82 80 74 85 98 62 52 63 55 51 24 26 46 58 74 81 60 63 66 64 52 56 42 44 47 36 34 46 34 38 33 28 35 41 27 42 30 34 39 42 41 35 31 25 31 22 24 26 22 20 19 19 22 23 21 20 18 19 16 18 18 15 17 11
-9999 96 82 81 77 76 67 59 63 61 57 67 60 67 38 47 31 46 59 39 62 73 32 79 93 103 159 86 96 84 100 67 58 53 47 63 52 36 42 45 58 94 65 72 79 61 53 60 45 45 40 39 42 40 43 33 34 36 53 48 47 38 46 44 37 42 43 35 33 30 30 29 30 20 32 20 21 20 24 23 23 25 21 18 21 20 17 17 15 15
-9999 92 88 85 78 76 71 69 69 98 79 75 78 86 53 49 47 54 72 72 50 27 60 54 40 59 75 132 175 209 215 91 98 54 63 43 35 48 58 70 61 73 77 77 76 51 83 71 66 53 55 55 53 51 44 45 53 60 55 71 55 66 54 47 44 53 42 43 33 39 41 29 26 26 25 22 24 21 27 25 25 28 20 19 21 20 21 17 19 18
-9999 152 110 92 82 112 80 96 74 121 114 93 93 62 61 42 58 63 63 64 51 48 30 59 65 50 67 61 92 110 123 71 60 94 42 32 57 70 42 58 91 90 105 95 69 51 99 63 64 61 50 55 55 53 46 56 50 67 66 63 75 74 60 49 60 45 50 48 40 42 39 35 34 32 30 27 26 22 29 25 27 25 22 27 22 22 21 22 21 18
-9999 318 250 207 147 101 182 124 179 152 116 105 145 93 57 65 68 66 42 37 48 68 60 61 76 59 71 73 59 94 92 178 207 227 53 45 30 37 56 74 79 92 103 91 81 64 90 64 56 67 74 51 61 58 59 63 54 86 97 73 87 61 52 62 64 54 44 47 48 43 39 37 37 35 27 27 28 26 29 31 28 28 27 30 23 25 23 24 21 20
-9999 353 341 360 189 128 211 208 190 149 128 120 190 125 77 70 64 58 41 44 44 74 80 68 69 78 67 69 64 87 99 103 136 222 244 62 45 28 77 63 62 91 83 84 86 79 76 61 50 54 59 63 65 63 68 54 74 70 100 75 93 95 82 87 80 62 64 57 53 46 44 47 43 43 40 38 41 35 29 43 29 37 29 26 27 29 31 30 20 27
-9999 423 386 526 387 293 270 208 179 147 175 262 250 166 107 102 57 63 46 68 57 93 105 92 102 165 269 100 115 286 203 101 101 101 101 104 148 39 46 33 76 66 101 110 62 70 61 58 52 58 59 72 74 54 61 77 107 84 118 98 105 103 93 94 60 69 65 63 59 47 50 54 45 46 41 39 34 30 28 43 30 38 27 26 35 29 38 25 34 30
-9999 465 509 592 401 257 236 198 209 183 276 273 265 129 133 120 63 78 70 81 88 70 84 114 125 225 218 134 226 173 428 120 101 101 101 101 140 55 69 47 81 88 95 100 69 71 67 75 82 106 103 74 67 108 78 105 70 89 104 109 106 107 98 74 91 71 80 71 68 62 64 59 54 50 42 35 34 31 42 35 32 39 32 37 32 35 33 28 32 31
-9999 238 264 452 515 286 254 242 291 398 346 334 256 236 194 179 85 83 107 117 322 182 114 179 151 309 412 593 307 100 101 101 101 101 101 101 101 101 98 119 79 90 103 82 86 94 104 89 138 96 119 56 64 115 96 107 76 92 107 113 114 106 92 92 92 86 83 76 80 68 62 62 61 51 51 36 39 33 42 39 49 37 32 34 48 54 34 33 37 32
-9999 275 301 497 481 273 240 211 480 422 409 273 311 296 169 87 104 84 111 170 319 253 267 338 271 388 519 448 166 101 101 101 105 101 101 101 101 101 103 94 66 83 89 89 92 100 141 203 212 136 90 61 74 178 163 182 123 125 122 106 84 101 112 121 100 97 87 85 80 76 82 66 61 57 49 44 40 50 46 32 54 47 44 59 42 42 41 41 35 39
-9999 354 315 415 365 286 392 330 505 488 351 347 365 334 246 207 100 78 218 395 247 419 421 366 210 408 672 385 178 101 101 101 171 214 101 101 101 101 135 104 80 80 84 96 110 170 173 269 166 90 85 67 94 203 190 185 148 145 102 98 102 112 112 93 95 97 87 86 87 84 77 72 64 56 39 39 48 50 41 40 42 46 43 45 47 46 42 42 37 41
-9999 418 487 463 400 329 344 428 546 393 454 414 385 324 220 203 107 96 149 174 272 473 711 500 352 760 589 345 338 101 101 162 237 478 180 147 234 233 118 119 119 107 109 153 109 96 115 119 147 142 114 73 102 85 127 203 147 122 128 91 235 134 153 149 135 117 111 93 89 82 83 67 62 42 68 45 43 46 50 49 60 61 63 57 62 46 46 45 41 39
-9999 489 638 619 828 492 428 497 632 470 480 354 376 298 166 122 100 94 295 293 384 526 701 819 552 936 653 385 266 101 101 186 312 297 275 237 195 111 103 171 168 144 131 146 132 118 118 129 137 183 104 115 88 110 98 145 159 138 113 107 203 160 189 216 125 159 188 114 97 81 78 55 69 79 85 50 73 51 55 58 49 48 57 57 56 58 56 50 50 43
-9999 615 719 663 838 570 519 397 507 589 506 407 276 211 134 116 128 126 162 176 430 912 928 1152 955 480 315 210 154 101 121 248 399 596 383 291 251 192 248 226 225 123 158 169 225 170 164 190 191 222 164 211 96 136 133 140 192 125 150 156 187 247 199 164 162 204 140 191 157 89 87 161 88 65 92 98 120 88 84 66 68 66 62 63 52 57 58 55 53 53
-9999 754 816 804 1034 666 567 459 501 511 543 433 367 299 154 129 128 144 150 179 358 597 732 1000 990 431 322 177 164 101 135 306 463 554 485 477 255 217 230 238 287 243 112 169 218 183 273 234 237 210 261 194 150 120 151 185 228 168 190 191 159 263 255 219 228 182 174 142 102 97 100 95 101 71 65 67 120 124 139 143 61 64 68 59 78 64 69 63 62 65
-9999 1281 1104 1190 1030 766 719 548 685 595 657 941 553 393 155 157 167 155 145 165 215 283 418 475 433 334 296 179 110 101 113 281 365 622 575 444 316 226 215 246 270 328 148 163 232 284 295 354 400 318 304 322 273 218 340 205 281 385 436 494 348 306 219 247 204 206 138 107 123 145 190 102 75 83 73 97 85 129 140 95 76 116 69 74 74 74 80 72 70 68
-9999 1268 1279 1194 1005 887 833 758 650 714 786 479 381 332 288 282 196 178 160 210 299 256 394 547 391 300 195 154 124 101 101 289 345 410 422 435 261 302 223 258 249 216 150 164 212 265 302 485 518 405 415 409 334 324 386 276 399 463 506 388 287 325 385 423 311 303 209 242 230 172 198 245 146 157 96 81 170 184 113 104 99 105 65 55 70 84 78 81 75 67
-9999 1221 1333 1534 1413 1240 1025 891 822 806 853 712 709 641 764 745 510 422 227 286 657 511 321 273 298 314 281 208 104 117 126 197 255 267 277 273 269 264 276 294 429 312 205 316 347 316 282 421 561 484 447 455 418 454 466 382 374 501 425 416 438 517 475 625 420 362 320 471 398 246 280 454 237 244 203 148 214 130 114 108 105 94 87 68 97 106 84 83 72 79
-9999 1383 1554 1689 1512 1373 1229 876 798 679 760 652 582 615 600 462 316 236 272 330 525 479 435 375 472 610 415 203 148 111 108 237 238 257 263 266 269 270 312 371 506 376 254 400 465 428 354 433 449 595 593 570 528 518 549 586 599 460 471 470 403 488 506 478 457 567 497 441 498 323 572 447 440 262 202 120 145 176 129 170 83 79 72 98 86 132 205 232 138 90
872 1031 1232 1451 1662 1286 1121 1096 915 676 640 468 394 361 404 307 270 332 518 566 800 538 716 568 421 475 349 472 366 332 204 169 207 275 256 261 276 282 329 425 398 460 317 505 542 459 422 515 601 623 622 560 568 630 602 621 525 488 515 457 467 483 494 492 493 540 569 452 493 413 352 347 416 334 162 337 320 172 132 88 92 95 82 111 123 86 160 201 247 175
861 969 1158 1377 1451 1389 1336 1163 1081 823 700 539 445 437 435 367 456 510 650 720 641 543 552 541 451 298 294 407 348 302 305 336 106 160 152 163 276 298 376 478 481 544 560 612 646 654 642 672 659 592 596 647 701 705 671 593 556 563 579 563 591 568 534 510 519 505 462 559 488 458 491 544 533 407 266 499 498 198 156 108 227 217 111 211 128 99 152 142 165 92
977 983 1032 1229 1431 1658 1306 1082 964 915 953 752 697 605 507 500 514 587 422 474 410 417 388 453 418 316 255 375 593 300 288 279 281 424 230 105 292 313 343 405 538 574 623 646 657 673 705 716 693 641 663 715 748 730 720 650 656 637 616 611 614 605 556 515 504 501 441 452 423 422 379 370 281 343 589 589 463 208 157 116 181 177 162 241 153 118 161 132 130 130
1035 1052 1091 1241 1422 1314 1266 1017 990 905 879 889 915 741 624 643 648 594 558 384 333 409 257 247 241 345 415 245 221 321 302 244 216 315 259 240 374 374 459 562 561 588 679 636 685 744 766 755 758 699 698 860 946 908 908 862 808 741 748 752 708 693 564 546 467 474 443 367 335 330 331 394 437 461 393 556 573 369 349 164 273 276 307 286 277 141 167 164 119 134
1174 1260 1289 1520 1539 1225 1174 1077 1026 903 882 827 783 843 721 664 680 570 523 411 336 337 277 261 246 302 210 234 258 216 267 215 216 309 320 348 395 397 532 573 612 632 679 658 680 776 773 764 806 771 794 1066 1169 1226 1135 998 871 855 825 824 783 718 608 572 500 468 437 395 369 327 366 356 416 450 447 541 593 418 359 212 305 321 386 374 360 340 294 310 170 140
1337 1291 1620 1660 1658 1256 1227 1108 1049 942 843 797 766 840 845 826 620 589 478 413 308 298 324 323 354 288 216 216 216 216 216 216 233 276 287 319 381 419 503 560 600 669 661 706 714 741 788 838 911 960 1106 1390 1584 1795 1735 1244 1123 1055 1012 962 804 749 672 665 603 511 478 411 366 359 353 366 397 414 483 607 597 442 370 264 325 437 429 402 335 369 284 304 255 163
