testing/galunggung_topography.txt
ncols         151
nrows         151
xllcorner     74160.22045357
yllcorner     9095476.9145407
cellsize      1342
NODATA_value  -9999
[rows 44 to 87 of 151, columns 0 to 95 of 151]
187 162 205 147 131 163 154 183 184 232 242 0 154 206 29 187 220 190 183 245 69 115 161 149 135 140 182 160 168 208 217 181 174 179 179 170 173 101 143 104 79 83 145 218 178 148 194 239 31 89 17 125 190 123 155 186 90 120 47 218 246 83 223 35 197 249 126 104 148 29 246 6 131 239 122 133 210 156 208 241 231 219 30 226 179 69 240 81 48 188 95 230 253 165 184 191
149 158 183 149 179 165 197 160 167 122 19 176 249 249 234 0 104 173 112 163 109 160 108 123 176 209 183 174 193 254 230 157 178 169 183 168 178 179 152 150 170 81 92 80 144 214 93 101 154 149 88 151 124 157 140 196 95 44 116 16 198 206 119 226 254 186 0 198 174 0 0 210 207 82 100 184 175 187 153 166 162 154 52 46 187 187 244 215 141 144 188 195 50 58 243 213
152 127 184 155 214 215 192 199 245 250 238 184 168 240 205 209 192 116 217 193 102 166 126 180 144 183 181 184 188 215 104 185 169 176 170 172 175 163 158 162 168 184 177 187 121 119 137 193 176 129 144 137 144 99 168 112 216 221 180 244 198 238 80 183 133 191 226 245 0 234 20 141 0 161 113 157 133 187 208 191 195 185 235 5 13 160 46 74 174 70 72 25 68 105 218 103
176 180 169 241 242 239 202 97 61 234 225 241 233 13 144 199 232 192 232 180 195 221 195 174 177 182 173 194 175 178 104 0 164 188 183 184 180 179 171 167 175 179 174 169 181 167 176 209 189 155 166 182 134 137 165 148 187 228 234 113 61 182 240 250 70 57 169 251 0 140 208 99 0 0 224 173 190 174 200 165 170 137 81 147 170 14 175 25 118 233 230 221 172 230 150 160
161 160 222 246 17 0 183 211 214 250 238 87 186 28 187 102 172 51 180 198 180 213 197 192 184 184 173 180 188 196 217 165 189 188 175 174 177 169 180 176 171 175 187 186 175 171 171 136 158 163 169 174 142 164 39 155 217 236 182 229 223 27 139 178 231 109 8 119 79 202 244 182 25 222 228 64 174 202 198 150 144 210 162 187 148 211 21 85 234 223 164 116 146 191 211 243
163 249 42 192 240 104 218 246 137 237 81 81 243 224 35 230 252 138 168 176 248 121 180 182 199 192 212 195 181 216 50 204 177 186 179 181 172 175 170 181 177 179 174 179 180 174 171 173 168 147 164 156 181 117 112 121 89 133 152 72 0 100 155 80 148 154 173 253 240 140 132 131 24 117 246 251 219 176 213 170 227 213 200 246 94 73 140 219 20 100 84 135 184 152 197 252
144 181 142 124 81 0 244 226 92 193 204 209 249 0 203 227 105 207 186 215 197 93 164 190 166 189 236 183 191 193 194 192 182 188 186 176 178 176 188 171 184 187 178 173 182 177 171 179 189 176 170 168 178 184 11 73 198 163 134 18 105 110 251 250 144 146 70 210 79 191 167 46 154 186 23 164 131 246 245 209 141 243 149 161 223 122 188 201 164 198 120 210 51 80 222 109
93 237 104 0 90 219 24 235 97 86 24 250 247 193 0 180 92 89 225 105 158 186 174 169 211 239 38 164 158 197 201 181 177 174 176 180 173 177 174 182 184 180 170 175 164 185 189 183 183 187 182 183 198 189 194 189 209 178 196 23 188 221 201 216 165 214 91 74 96 39 86 141 159 163 75 74 182 158 244 146 240 231 223 154 186 203 208 240 239 132 175 182 152 214 179 153
248 176 39 0 233 203 239 68 162 113 169 129 102 207 75 102 29 14 18 166 181 189 112 137 190 213 219 241 251 140 218 175 175 174 175 175 165 183 180 199 195 186 176 189 187 180 180 181 177 176 173 175 182 174 182 177 189 74 224 120 200 235 105 66 3 0 129 64 36 133 45 121 154 171 106 166 179 88 216 201 242 226 245 48 102 225 172 157 94 203 198 244 177 243 203 245
162 45 250 250 151 239 39 198 196 214 175 162 98 218 108 23 205 123 71 167 211 208 164 154 201 221 51 82 0 96 153 181 190 184 177 174 190 168 185 178 185 190 162 180 177 183 173 177 177 176 181 177 182 190 180 183 187 164 215 117 9 21 132 0 8 31 107 135 73 17 96 82 40 138 129 132 221 237 208 208 96 137 69 140 203 219 90 141 206 176 175 222 245 1 198 53
188 112 133 13 234 222 115 151 198 199 203 238 250 121 116 49 97 65 233 199 203 106 149 201 248 75 54 251 178 35 185 174 172 183 172 178 181 180 185 179 184 184 169 177 184 170 179 180 185 179 184 181 181 169 179 181 205 160 208 228 110 43 202 124 172 182 143 124 60 131 0 111 131 176 143 241 166 170 222 247 243 125 246 123 237 230 239 136 193 193 189 197 148 53 198 176
34 96 59 176 5 88 104 105 69 184 198 253 203 203 167 178 147 158 175 193 189 241 251 95 198 0 106 213 86 62 0 178 172 186 178 180 183 174 209 187 173 170 181 179 183 177 187 182 183 185 179 189 183 179 182 187 194 235 174 212 187 244 250 104 51 117 72 6 82 155 73 170 210 180 194 173 141 145 236 161 214 250 240 110 235 174 245 29 165 128 198 153 206 238 209 123
203 212 203 213 227 248 106 41 229 128 231 249 194 235 218 197 247 233 208 75 140 251 184 245 243 245 28 231 187 0 151 160 170 183 181 184 183 214 175 249 215 187 183 191 183 184 175 184 181 188 175 181 186 192 175 197 202 210 156 213 186 187 243 22 104 139 114 128 212 154 162 169 186 163 207 151 191 180 205 246 109 246 228 10 243 52 209 85 210 206 225 237 220 206 245 196
147 201 216 76 174 209 127 165 213 81 235 153 128 213 173 216 230 135 199 150 206 122 187 155 161 213 235 240 53 204 158 174 143 182 183 175 176 180 121 138 236 0 241 74 251 126 185 180 188 186 183 174 182 164 207 198 204 106 239 189 205 1 25 37 187 54 40 130 215 163 181 197 139 139 239 180 150 177 202 236 94 254 228 47 64 188 46 163 190 203 204 149 232 235 223 145
97 124 0 200 51 182 213 116 206 249 201 235 143 157 192 215 174 170 134 182 229 195 248 163 201 157 212 0 130 145 224 237 182 190 179 180 180 198 226 191 217 139 93 192 186 254 197 161 172 177 181 177 190 203 248 232 199 67 176 0 55 127 0 159 113 47 173 181 73 178 151 196 158 153 195 164 189 186 211 204 13 35 42 83 81 202 141 104 149 194 135 182 218 243 134 166
147 105 66 253 4 197 87 184 86 141 197 100 197 3 64 132 244 168 205 217 182 251 184 95 74 67 64 111 111 187 147 0 177 149 173 205 209 173 190 229 183 184 195 205 168 150 218 209 195 188 189 201 186 218 239 210 205 93 184 0 162 141 156 0 152 75 83 126 170 192 211 239 105 171 214 120 209 191 197 235 241 0 4 0 0 13 0 127 201 161 209 243 207 241 111 217
251 11 167 220 229 248 228 133 192 225 201 247 220 254 176 190 170 78 136 102 220 206 140 97 216 0 181 74 24 217 188 252 146 187 194 200 221 207 220 223 216 204 176 211 167 125 195 143 171 156 202 217 219 234 226 162 247 233 116 9 30 185 180 188 201 139 95 135 184 205 181 173 209 176 178 254 237 168 235 239 174 242 62 65 243 215 77 71 86 212 108 20 73 135 54 139
131 205 115 108 235 175 141 161 212 168 201 181 232 141 247 247 246 110 161 198 182 207 56 118 152 169 229 210 149 228 54 0 66 207 228 220 211 225 187 242 211 95 150 202 213 211 186 158 71 224 213 213 251 196 220 176 248 247 26 133 184 158 159 179 162 170 173 182 92 190 251 222 188 196 167 210 169 219 108 138 105 26 36 171 178 0 65 144 169 191 88 210 114 176 111 227
237 234 68 181 177 208 211 210 193 246 0 203 164 216 195 219 217 200 213 168 120 198 117 65 135 34 163 177 181 227 140 28 92 180 210 209 226 235 229 242 197 200 100 61 71 216 184 218 219 209 226 235 223 190 157 233 207 0 217 184 183 153 167 179 122 197 178 180 157 182 243 250 248 144 80 157 195 75 170 169 0 33 48 119 105 126 80 171 248 215 66 218 218 182 126 232
230 197 215 218 115 202 236 1 110 233 0 160 22 165 56 74 177 204 57 207 0 0 0 231 150 131 219 60 201 184 63 72 165 201 202 251 201 239 231 243 227 142 73 51 165 213 158 213 200 167 249 241 231 251 229 249 6 179 161 170 151 178 163 222 143 189 212 210 167 218 242 202 40 94 194 165 106 55 124 169 121 44 147 63 162 58 23 85 216 109 224 197 158 168 109 132
0 1 0 0 64 2 200 124 0 0 204 227 199 207 27 72 94 0 107 248 166 190 100 187 163 201 204 239 217 98 223 224 227 219 208 192 163 234 225 0 235 170 107 11 135 196 217 65 199 241 249 215 243 151 227 100 154 17 186 220 218 144 234 245 196 180 143 182 194 198 198 0 155 103 64 183 116 65 0 187 152 170 163 167 159 211 187 152 208 120 207 222 176 109 169 138
0 2 8 254 149 201 223 35 247 115 189 0 221 52 100 65 227 205 178 0 238 84 200 184 238 212 153 207 251 177 122 163 140 163 198 232 137 216 230 184 220 1 0 117 165 119 226 202 125 246 119 159 218 196 214 1 238 224 148 150 161 0 45 32 120 154 90 204 177 191 187 190 0 143 113 37 236 87 131 126 226 159 169 166 187 169 170 184 186 191 201 168 160 93 219 105
0 226 178 182 121 166 207 213 78 48 251 90 68 102 86 206 205 226 236 183 205 199 21 216 216 205 156 223 249 92 185 146 86 235 210 229 230 241 178 244 87 175 200 140 175 135 141 201 11 233 157 175 176 178 87 134 128 49 89 5 0 173 98 101 222 226 203 209 210 197 193 169 172 64 172 31 155 162 167 112 46 176 181 178 161 184 185 180 254 237 254 227 213 181 229 215
0 178 70 155 214 235 249 90 123 226 171 255 199 190 228 201 183 158 174 243 170 150 130 219 209 214 179 73 191 250 243 254 53 69 185 213 254 139 104 97 202 167 118 157 246 224 93 0 144 242 244 163 134 146 87 168 117 56 0 0 0 0 152 83 145 178 172 197 192 196 197 151 227 211 243 172 253 239 0 34 131 149 171 221 178 174 149 251 191 196 65 253 252 231 217 64
0 180 173 242 220 142 172 78 98 189 99 129 185 190 193 212 120 164 217 147 244 65 131 49 228 117 0 192 254 126 119 75 34 57 233 210 164 131 0 202 116 33 127 92 178 182 206 212 253 0 196 157 118 211 210 248 0 22 0 55 97 146 180 141 166 207 173 144 193 200 200 205 182 228 220 232 232 131 117 65 35 143 212 195 186 202 178 236 234 213 112 82 221 82 252 172
0 145 237 215 189 6 0 199 227 195 110 239 26 136 185 115 180 156 114 226 151 0 86 235 149 232 142 211 30 80 88 157 175 204 169 110 223 181 134 27 155 74 20 0 41 200 191 187 58 37 99 24 139 138 141 91 224 77 45 127 177 167 172 177 177 195 195 177 196 199 212 176 216 240 81 238 222 0 166 60 127 173 187 168 172 176 178 77 168 86 181 107 229 56 244 115
0 213 244 18 183 108 0 110 191 123 0 203 180 208 134 224 202 238 138 119 221 0 3 178 66 137 162 134 159 46 97 120 113 180 169 182 206 205 200 245 233 51 0 155 55 227 166 235 9 249 97 136 76 139 168 0 134 135 119 171 176 169 163 179 185 205 200 198 205 200 198 214 229 246 181 177 176 176 78 17 161 156 115 149 153 164 176 179 39 9 172 0 0 20 0 1
0 183 0 245 225 57 201 213 88 130 125 210 253 227 122 247 216 248 208 215 61 0 13 90 231 176 85 111 206 146 43 124 166 180 210 195 175 191 204 206 101 83 157 197 213 245 223 215 152 182 48 150 119 176 180 160 156 119 152 171 165 187 170 188 193 203 217 189 235 229 221 227 228 229 213 251 132 34 0 105 98 237 162 144 151 153 170 229 50 47 220 0 214 14 0 5
0 0 110 1 126 102 226 234 220 95 65 137 105 202 4 30 105 248 0 248 0 168 33 250 246 0 103 218 207 29 23 65 109 146 193 229 150 185 224 238 0 58 193 200 233 238 249 226 7 167 67 195 137 145 175 118 192 167 172 152 110 143 178 177 202 224 235 205 211 250 191 216 162 187 242 42 118 0 0 108 189 182 145 76 159 166 170 230 242 207 0 217 173 2 37 0
0 251 0 81 217 227 230 98 96 242 124 192 252 232 144 112 155 0 43 202 62 194 84 234 47 34 76 231 15 223 129 252 114 191 131 109 221 216 48 141 0 172 194 215 235 239 0 100 133 89 49 118 192 103 189 184 158 167 179 123 155 172 205 202 199 155 213 206 184 221 125 199 216 197 208 232 8 18 18 26 117 158 91 76 147 163 160 237 215 191 0 0 19 166 32 129
0 130 197 0 189 200 247 184 221 246 191 66 211 128 237 96 114 1 154 11 18 176 113 31 30 78 71 169 17 82 74 146 22 146 32 0 220 39 153 198 186 143 190 135 225 239 0 38 165 61 0 154 240 173 164 209 158 155 172 156 158 110 150 186 146 190 160 153 181 11 126 94 106 168 240 242 13 16 47 79 125 127 216 145 165 190 148 133 46 244 241 39 16 212 16 25
0 241 222 246 238 199 0 94 80 129 230 122 85 243 34 56 226 105 185 94 253 163 61 233 222 53 96 0 243 0 40 159 0 183 121 185 196 141 182 147 201 176 217 233 254 239 201 47 80 111 49 36 123 158 153 169 195 185 157 186 170 196 248 144 111 156 120 254 204 73 82 125 180 224 226 0 135 49 125 162 80 86 147 166 171 157 223 148 168 247 177 0 33 157 44 54
0 240 32 194 141 103 174 123 36 223 220 247 60 146 0 122 22 115 161 251 183 225 67 194 0 115 29 0 232 245 48 157 0 186 148 201 141 192 208 204 172 204 188 249 224 173 42 4 201 25 149 102 166 120 190 149 192 226 238 211 117 172 184 109 209 249 231 166 237 219 39 163 100 124 154 120 79 59 144 128 154 121 159 152 193 158 201 183 7 48 74 31 159 148 105 65
0 239 146 161 0 85 214 229 189 0 0 253 62 167 0 241 195 55 241 230 59 58 127 0 121 113 51 204 217 21 111 157 102 150 244 108 175 142 133 238 230 196 200 148 147 127 202 225 193 1 27 138 167 146 138 237 238 188 184 69 222 170 236 206 185 247 239 200 25 36 103 75 30 128 96 99 37 36 71 147 150 170 164 166 205 148 161 150 172 168 126 178 197 111 199 152
0 168 164 52 0 79 151 199 162 221 244 173 197 246 88 63 27 210 187 173 100 161 116 108 122 20 204 173 162 0 119 209 104 24 221 219 213 193 92 159 108 217 192 166 184 223 90 254 0 0 2 136 91 177 226 184 228 198 179 187 232 226 197 212 148 97 233 119 82 0 46 144 124 46 96 84 116 125 85 139 158 170 176 168 175 150 156 179 182 176 176 120 237 193 214 132
0 226 162 0 217 239 151 83 219 218 193 241 94 0 237 0 169 204 248 125 19 241 0 0 70 5 136 137 0 164 245 23 190 244 251 198 232 89 234 243 219 105 69 120 206 217 229 249 0 232 112 77 95 139 186 243 248 237 236 176 159 204 124 107 200 105 83 233 170 146 154 151 105 164 153 125 129 123 119 121 160 181 176 182 156 202 181 180 180 174 166 175 166 150 170 160
0 155 219 128 169 153 0 227 0 152 160 13 235 0 254 104 207 230 251 0 251 0 78 29 0 40 56 234 35 227 232 209 254 233 232 208 252 144 0 104 197 232 1 169 232 216 234 113 83 201 113 121 147 149 217 224 240 165 222 131 223 152 154 178 86 118 217 67 85 141 195 80 112 132 116 141 165 153 130 159 170 169 175 174 173 177 182 176 162 176 186 176 166 141 181 170
0 47 3 169 213 40 212 108 183 222 180 250 137 163 0 239 147 38 162 41 186 0 238 72 34 127 168 134 17 215 0 190 34 62 202 235 243 118 208 24 0 160 70 182 147 51 168 156 214 0 61 103 133 170 189 232 251 224 166 141 0 178 96 33 245 199 166 145 129 113 133 156 147 158 193 199 167 166 168 164 168 188 171 188 176 198 175 179 181 170 174 167 99 184 172 86
0 0 131 109 132 214 0 76 61 198 171 251 218 29 48 124 48 249 0 231 1 229 129 0 159 21 125 193 115 7 234 231 213 209 162 237 105 42 24 92 232 0 22 7 191 95 0 71 33 53 70 122 158 103 190 182 130 250 82 40 9 66 113 109 185 68 58 191 107 97 153 199 71 160 119 164 170 162 173 176 168 173 174 151 150 128 173 191 176 180 181 194 145 165 199 140
0 209 115 83 145 0 1 149 0 0 81 200 44 243 143 214 0 27 144 6 189 166 0 0 144 165 0 118 235 230 201 197 234 245 210 2 68 66 216 0 210 67 79 167 27 173 169 1 0 82 91 115 135 200 206 184 154 156 47 0 54 126 105 94 155 111 127 224 243 113 157 175 229 161 155 157 164 170 173 176 170 166 181 163 189 165 186 185 181 172 174 173 196 194 172 166
0 124 241 199 247 251 250 158 36 0 0 241 195 0 201 40 227 77 131 45 173 49 254 192 197 212 13 0 251 247 187 0 246 128 231 0 161 45 114 136 215 130 169 123 108 107 70 35 63 121 98 144 213 179 210 192 183 230 129 18 12 57 217 187 52 213 223 143 156 138 117 165 102 138 178 239 182 139 118 201 171 174 161 169 161 156 174 178 189 184 175 190 186 161 181 175
0 179 175 19 8 204 9 210 193 5 240 0 50 224 26 231 205 0 222 70 246 192 212 220 0 246 103 35 144 30 251 84 90 251 1 177 77 190 39 98 215 130 65 0 156 121 156 94 20 123 154 150 196 249 197 101 184 125 175 0 0 0 248 130 86 59 57 0 128 202 206 212 181 180 138 234 226 141 160 196 137 162 152 158 162 177 169 188 187 196 162 215 178 177 194 176
0 137 0 232 186 175 57 174 195 209 12 218 0 227 167 4 0 19 208 215 174 21 174 34 0 72 160 221 235 235 58 240 66 146 47 198 244 122 58 83 77 124 136 80 0 163 105 100 71 199 184 216 251 133 203 48 118 0 40 0 119 126 92 40 110 197 0 233 135 137 151 71 199 197 116 144 150 83 151 189 199 154 166 149 179 149 185 185 217 168 172 202 201 226 229 191
0 180 77 62 145 207 175 177 243 105 190 252 114 251 102 105 41 72 239 150 0 51 135 108 240 93 0 108 248 161 42 165 48 14 188 204 156 53 0 101 186 75 32 0 115 104 125 62 89 175 237 154 203 99 216 171 150 204 148 128 119 75 88 236 27 41 65 160 0 126 60 95 233 252 199 120 105 59 129 143 191 139 159 165 50 105 195 199 225 178 206 200 214 212 182 218
