testing/galunggung_topography.txt
ncols         115
nrows         112
xllcorner     121639.01841475
yllcorner     9138292.4400407
cellsize      1000
NODATA_value  -9999
[rows 0 to 40 of 112, columns 0 to 91 of 115]
-9999 -9999 -9999 -9999 -9999 -9999 -9999 -9999 -9999 -9999 -9999 -9999 -9999 -9999 -9999 -9999 -9999 -9999 -9999 -9999 -9999 -9999 -9999 -9999 -9999 -9999 -9999 720 667 706 587 508 539 534 481 404 563 571 631 711 860 1117 1061 934 774 631 568 540 442 333 209 164 218 207 199 78 58 47 61 63 52 52 51 52 41 40 48 54 53 59 55 48 87 89 74 70 72 72 79 81 102 106 120 136 153 169 204 221 220 156 152 151
1464 1549 1574 1527 1557 1545 1460 1354 1284 1271 1414 1289 1194 1147 1239 1255 1211 1238 1195 1274 1365 1099 1127 1197 741 737 919 804 853 909 642 594 733 560 494 436 601 565 611 658 687 893 935 865 731 608 555 498 459 285 238 204 136 165 157 115 59 47 56 48 41 75 76 62 52 45 55 63 61 62 73 54 69 87 76 80 81 83 88 86 103 118 132 155 167 175 226 247 233 211 212 213
1366 1418 1409 1410 1406 1463 1530 1254 1262 1199 1294 1420 1366 1460 1478 1435 1322 1500 1402 1425 1446 1323 1381 1316 816 866 988 1075 1000 875 771 689 782 653 579 458 576 556 590 622 646 731 769 713 616 555 500 476 446 314 280 194 114 90 102 59 69 54 57 63 65 66 58 39 45 55 62 59 56 74 76 79 67 118 112 112 92 105 108 109 138 140 167 193 215 241 323 330 344 304 361 336
1345 1345 1323 1302 1316 1355 1511 1219 1222 1194 1254 1363 1378 1467 1631 1709 1716 1654 1613 1625 1665 1588 1523 1439 1308 1378 1383 1088 990 943 736 843 801 805 621 549 591 563 587 572 595 557 610 591 553 512 476 420 395 307 187 230 299 241 195 122 76 77 95 109 85 63 50 42 57 57 64 68 64 75 102 88 71 90 105 103 92 118 130 191 212 236 215 270 279 272 375 413 425 454 427 492
1243 1239 1228 1227 1244 1203 1188 1165 1165 1147 1186 1165 1199 1326 1416 1514 2052 1830 1846 1821 1739 1551 1405 1396 1613 1597 1525 1193 976 911 761 687 837 855 754 560 549 553 569 557 574 537 537 538 488 447 437 343 357 266 291 265 336 336 268 130 109 156 80 93 83 171 78 57 45 63 49 56 73 102 101 107 89 105 115 106 110 131 148 228 261 292 249 303 366 386 399 457 438 535 488 579
1264 1241 1204 1183 1235 1226 1203 1166 1155 1162 1206 1214 1234 1275 1404 1629 1729 1698 1699 1625 1606 1539 1430 1330 1404 1371 1398 1165 950 845 827 764 621 693 747 544 522 545 566 513 551 531 512 486 449 435 390 360 282 261 271 377 425 427 397 240 284 264 80 107 107 84 88 61 57 57 57 79 62 88 96 110 128 129 135 154 169 195 212 212 327 381 397 496 490 525 504 592 625 688 759 783
1146 1178 1212 1191 1220 1282 1236 1166 1190 1176 1227 1234 1259 1312 1350 1379 1451 1567 1710 1546 1402 1608 1495 1306 1108 1195 1066 938 865 833 813 854 701 552 517 500 474 480 474 487 474 565 496 469 448 336 343 287 292 320 307 319 337 389 457 323 425 362 123 127 135 141 259 152 71 71 76 111 85 98 102 116 135 144 153 181 219 271 285 288 329 425 441 546 565 585 589 658 736 873 830 953
1054 1053 1058 1077 1091 1120 1120 1153 1085 1232 1369 1439 1372 1620 1446 1403 1472 1565 1613 1531 1422 1399 1364 1244 1169 1086 989 953 942 857 794 865 773 652 575 479 469 474 472 440 425 472 464 428 371 372 348 303 305 318 303 292 353 364 405 402 353 202 206 187 171 204 204 155 121 152 120 175 202 99 108 113 143 154 165 231 242 290 345 345 352 383 425 548 596 658 747 726 823 958 1225 1246
989 1010 1016 1037 1058 1012 1063 1092 1181 1210 1288 1261 1272 1476 1526 1629 1523 1572 1637 1589 1416 1323 1256 1183 1120 1077 1018 890 830 814 815 801 810 629 565 474 464 465 465 461 463 420 365 367 340 481 383 328 351 334 328 330 357 340 371 310 267 201 282 394 307 265 259 214 188 108 70 81 211 210 197 191 161 184 209 254 284 319 364 387 478 462 477 596 703 846 971 1016 1066 1248 1376 1401
944 953 943 978 931 941 970 976 1033 1097 1090 1109 1165 1241 1273 1362 1340 1402 1535 1339 1317 1131 1118 1093 1016 1058 1045 978 882 833 834 654 776 744 651 472 490 505 504 452 537 400 475 464 409 504 367 339 363 363 328 337 370 318 247 275 268 168 272 302 345 355 286 321 135 153 196 117 117 169 197 283 184 229 222 280 347 362 395 432 539 543 527 621 762 1021 1047 1152 1214 1398 1534 1600
871 883 848 868 881 885 851 940 962 990 1022 1071 1054 1090 1189 1257 1301 1504 1591 1362 1247 1141 1102 1016 1018 1040 1010 1027 889 871 819 809 652 556 516 529 473 514 526 476 550 483 438 449 518 497 522 362 405 399 361 346 388 396 275 208 194 193 253 272 362 458 443 339 323 239 266 140 90 211 408 329 253 226 223 332 353 357 423 450 507 578 730 756 844 1122 1218 1381 1459 1878 2050 2052
839 847 828 824 833 811 811 898 895 912 946 1015 920 1025 1132 1077 1292 1490 1591 1347 1139 1079 1058 959 977 1022 955 948 908 875 770 740 693 666 708 570 586 480 639 494 510 540 533 659 686 498 561 542 482 473 391 474 326 270 252 240 225 213 223 265 327 327 447 515 337 425 302 214 154 276 292 305 292 346 352 326 398 446 463 502 561 652 704 861 933 1101 1304 1407 1586 2099 2242 2328
782 776 784 760 779 761 748 778 748 777 815 828 844 920 965 936 1064 1200 1382 1244 1039 912 948 901 898 872 927 898 879 813 778 741 808 802 797 735 665 528 657 494 595 685 534 679 616 560 504 565 595 534 450 481 286 242 248 239 224 250 240 236 270 406 420 436 413 464 397 250 143 231 201 280 402 404 478 514 539 470 481 529 572 662 717 891 1094 1286 1313 1429 1588 2292 2622 2619
753 758 765 769 762 732 714 720 718 728 731 771 791 847 872 862 999 1085 1129 1076 972 897 856 876 893 880 859 863 796 828 881 853 858 864 831 863 614 665 673 527 646 853 696 665 757 622 661 665 644 724 593 431 304 277 262 238 220 231 233 225 255 295 341 402 471 619 453 373 326 203 220 360 497 451 580 594 562 535 518 592 629 676 745 963 1142 1213 1294 1355 1538 2310 2519 2811
745 742 746 733 742 717 706 696 704 720 734 745 722 779 774 788 906 965 1016 1011 930 884 869 844 870 855 871 842 840 851 952 1010 1108 1122 1075 1031 728 843 756 717 591 867 944 1033 768 640 860 847 1094 918 669 503 328 296 287 251 246 237 283 292 324 303 373 463 609 513 328 449 370 249 192 234 385 358 375 423 490 530 565 586 637 670 722 911 1116 1206 1245 1398 1553 2150 2390 2522
727 722 715 714 712 700 693 691 685 682 686 685 678 698 702 735 800 841 850 846 841 816 805 834 878 870 876 859 878 879 1022 1170 1073 1297 1151 1102 844 994 907 735 625 685 832 1026 864 654 749 1041 967 899 715 505 339 310 289 258 249 241 264 264 320 301 405 470 522 445 473 326 271 378 273 304 271 283 294 320 402 424 622 619 657 648 706 905 1046 1028 1183 1316 1556 2011 2169 2304
719 716 709 709 701 691 688 684 682 679 678 679 678 686 697 717 758 804 808 783 803 799 796 785 894 869 872 873 882 907 1125 1239 1356 1439 1339 1200 909 1148 932 810 705 776 938 1116 864 747 957 772 739 687 495 496 486 312 308 261 248 237 236 268 371 377 384 412 518 503 438 520 514 458 317 314 380 310 374 537 625 581 533 655 724 974 781 1007 997 1123 1308 1454 1680 2046 1924 1851
711 705 702 704 695 690 684 683 681 679 676 673 673 679 683 702 735 754 759 790 777 767 718 741 1141 1079 948 823 835 900 1143 1336 1572 1626 1362 1216 1199 1240 1172 1006 875 971 991 1126 1179 1180 1079 1012 1034 906 774 712 552 388 352 261 243 243 285 285 280 291 319 388 496 527 492 393 373 291 256 367 636 592 454 436 475 599 648 660 696 882 953 976 1040 1090 1229 1390 1575 1891 1927 1815
694 694 690 690 690 685 684 681 678 676 673 670 670 670 669 669 675 679 693 706 703 699 684 706 1104 1049 906 785 829 922 1099 1270 1495 1547 1464 1344 1278 1279 1398 1145 985 1059 1103 1114 1353 1338 1307 1118 1009 928 628 595 566 473 348 309 253 251 265 268 271 331 329 338 380 445 501 319 295 356 452 523 665 637 540 453 529 551 638 654 693 825 902 983 1004 1052 1167 1225 1514 1690 1764 1782
686 688 686 684 684 684 680 677 674 675 670 671 666 665 666 666 668 667 674 685 693 685 684 690 811 847 788 738 799 895 1056 1154 1210 1365 1325 1238 1226 1197 1268 1322 1250 1096 1124 1382 1293 1223 1215 1071 985 844 802 716 702 518 512 290 349 304 293 310 330 478 500 450 404 398 437 353 329 322 343 304 293 309 337 453 630 564 501 567 632 747 795 902 1010 1069 1109 1146 1256 1412 1474 1369
682 680 682 675 679 677 675 675 671 670 669 669 665 664 662 663 664 663 665 672 675 673 678 673 677 683 685 687 729 785 915 981 966 1044 1143 1153 1241 1249 1211 1287 1379 1586 1554 1533 1420 1339 1216 983 906 849 781 729 542 423 422 285 327 342 416 402 412 515 576 532 474 470 462 410 376 357 321 314 353 337 317 367 423 487 538 598 638 679 730 856 943 995 1102 1100 1249 1323 1333 1304
670 673 669 665 668 670 665 669 666 668 665 666 666 665 661 661 663 665 668 669 669 673 674 671 676 684 684 686 707 757 817 839 915 1101 1135 1137 1318 1392 1375 1344 1416 1251 1333 1429 1321 1263 1139 922 877 812 707 710 608 411 516 309 333 343 431 528 475 518 661 645 542 506 468 456 411 402 348 332 368 356 319 366 394 414 500 583 608 656 691 833 865 959 1032 1037 1103 1119 1165 1152
665 668 665 660 662 663 668 665 666 666 663 662 661 662 661 662 662 662 665 668 667 667 669 672 678 680 680 683 687 802 833 958 1049 1224 1254 1222 1207 1279 1380 1424 1292 1105 1121 1179 1185 1167 1072 845 811 685 678 621 611 629 424 478 379 497 644 676 674 727 796 854 790 680 725 613 540 468 437 363 346 356 447 504 425 463 553 563 574 636 642 738 769 810 842 836 946 940 929 1026
662 662 663 660 664 662 667 660 662 661 663 662 663 663 661 662 662 664 663 665 663 664 664 665 669 672 672 684 695 700 752 865 1027 1115 1179 1162 1109 963 961 1093 1034 885 947 856 1111 1003 913 776 773 732 637 648 546 654 467 507 544 571 663 681 693 762 803 872 811 673 836 725 608 502 447 391 355 371 489 629 585 541 505 580 591 637 664 655 734 780 845 794 845 893 905 934
660 658 661 661 661 661 662 661 662 663 662 663 662 661 663 664 661 666 665 665 664 666 667 665 667 671 676 685 705 723 745 825 884 1036 1166 1115 1186 1010 932 796 827 808 855 769 955 935 906 802 696 663 559 591 450 514 554 669 632 639 729 791 796 816 852 879 747 821 861 786 620 454 411 424 378 427 386 603 683 607 554 522 580 585 614 678 631 624 640 683 757 838 823 740
664 664 661 667 661 661 661 664 658 661 663 662 662 662 664 664 662 663 662 663 663 663 665 672 668 670 673 696 713 734 782 816 846 1016 1053 1014 1036 1044 1125 983 898 844 771 656 648 720 837 593 551 556 554 547 540 576 613 662 670 713 763 790 931 984 965 1003 949 932 934 868 816 620 594 534 471 427 453 532 641 746 650 593 592 578 577 581 593 601 610 652 724 777 757 718
663 661 661 666 695 682 666 664 661 661 662 663 664 666 667 665 664 666 669 668 669 667 665 665 666 669 672 733 761 772 784 837 854 843 849 880 1036 814 829 819 884 784 748 680 590 616 686 590 543 545 577 472 408 549 563 616 711 763 876 919 941 1105 1064 1036 1004 988 957 861 878 852 586 547 458 488 521 510 563 636 678 621 705 584 580 578 578 578 593 621 643 837 720 702
667 667 673 665 740 844 741 718 662 663 662 663 665 671 669 667 669 666 668 667 667 668 667 667 669 670 679 755 788 810 821 829 873 850 851 879 999 939 686 720 737 755 668 658 541 554 543 537 529 526 467 420 532 562 599 625 686 800 933 1052 1106 1213 1192 1196 1080 1024 941 867 851 814 648 558 483 546 525 513 622 600 805 711 656 596 623 636 581 581 583 585 617 678 760 751
665 663 672 686 833 1013 938 752 678 668 678 676 684 671 673 673 666 667 669 671 667 671 667 668 676 686 710 783 823 835 894 852 883 905 975 915 823 748 677 655 595 611 579 602 543 544 524 516 500 506 467 445 520 504 544 602 655 750 1004 1284 1257 1515 1311 1369 1175 1080 979 847 828 763 737 647 631 614 613 632 666 649 817 875 726 654 692 663 587 582 581 586 589 669 750 736
669 670 676 723 713 743 897 1081 922 832 811 817 882 680 684 680 668 669 670 672 672 671 675 683 704 756 817 936 999 1066 1087 994 967 1041 957 889 710 730 699 646 606 658 553 550 506 504 503 501 460 512 512 509 528 557 532 562 636 722 1046 1161 1263 1525 1579 1408 1267 1096 1012 874 837 819 759 696 684 659 705 696 703 697 974 1027 820 745 680 639 597 589 592 589 594 727 750 754
672 676 689 728 750 819 917 974 952 887 913 1024 790 751 692 689 675 671 668 673 674 676 675 706 711 787 882 964 1093 1114 1171 1203 1166 1040 891 856 842 803 751 654 635 687 553 557 494 490 478 481 508 501 546 514 543 606 555 545 628 702 995 1234 1407 1331 1514 1554 1217 1096 990 863 927 837 825 859 868 833 822 844 851 898 936 1067 969 1131 963 891 725 670 539 625 657 747 760 796
673 680 689 732 766 855 867 912 912 881 827 855 864 816 716 708 698 699 673 671 677 677 704 718 736 787 914 1048 1127 1092 1397 1558 1392 1002 939 881 940 868 690 669 724 714 565 545 525 516 530 580 608 647 573 596 636 597 644 649 616 675 823 972 1139 1212 1137 1298 1254 1094 987 864 828 773 833 831 926 943 930 983 913 949 1098 1153 1107 1221 1300 1082 818 711 587 480 541 643 749 773
708 741 773 804 826 901 956 991 976 965 901 799 806 774 750 766 735 733 709 684 702 722 751 796 793 907 1139 1093 1123 1072 1315 1466 1091 939 838 814 703 692 634 754 895 714 610 583 545 541 543 630 658 703 608 635 649 724 723 764 611 650 872 1033 1315 1183 1010 1045 1207 1104 963 796 806 764 780 745 956 1046 1094 1060 1093 1045 1034 1055 1100 1204 1222 1321 937 816 577 554 505 526 670 718
808 777 831 852 889 966 1023 1061 1013 966 933 805 788 787 777 781 761 763 727 714 724 759 770 829 857 984 1129 1138 1103 1082 1072 1192 1074 828 742 704 692 666 646 813 1185 852 593 588 533 570 556 690 690 719 687 710 681 748 773 748 641 689 952 1126 1203 1136 1243 1094 923 1082 957 820 697 669 609 636 828 894 909 928 919 890 879 904 870 968 962 1063 1001 975 703 592 496 436 403 461
868 837 885 936 967 968 1058 1120 1031 986 974 830 822 803 791 796 784 760 747 744 807 811 945 942 936 1242 1347 1211 1264 1180 888 803 826 752 727 712 679 664 657 688 611 607 597 590 588 586 592 781 911 1021 1023 869 903 841 865 882 862 779 965 1055 1031 983 1134 1075 821 1129 968 736 728 658 607 570 708 833 873 905 838 828 832 839 827 862 892 959 920 870 862 652 515 527 458 423
943 1005 1068 1126 1168 1244 1212 1230 1167 1042 1019 945 900 845 829 836 828 819 799 787 864 850 950 1066 1096 1195 1427 1439 1327 1342 849 830 814 776 742 709 669 680 678 652 611 604 606 607 599 600 605 822 1010 946 1199 1056 1021 911 980 962 862 771 802 882 1014 852 905 872 703 947 915 685 631 597 564 589 623 761 851 864 825 819 814 816 857 800 841 812 811 762 762 611 528 496 590 502
987 1058 1114 1219 1311 1408 1369 1332 1284 1163 1117 948 873 886 851 825 841 858 817 845 889 902 988 1134 1255 1297 1260 1300 1323 1332 1210 928 890 811 769 699 693 685 688 631 617 622 621 624 583 610 623 918 1042 1232 1296 1195 1430 1236 1126 1059 919 796 779 728 769 785 756 718 565 577 599 603 554 650 507 564 618 627 684 845 873 848 820 749 724 735 825 873 911 731 618 569 526 556 537 500
1004 1098 1225 1333 1404 1560 1628 1398 1319 1241 1246 999 922 951 906 1066 964 922 976 997 1034 1068 1240 1325 1447 1465 1487 1514 1257 1233 1130 1073 1080 906 780 732 738 704 716 686 668 637 627 640 638 654 663 990 1136 1467 1619 1501 1615 1381 1168 1072 993 859 791 704 635 663 576 618 546 543 522 527 482 494 479 572 592 566 575 777 815 920 797 667 628 649 695 712 772 784 798 746 662 655 630 508
1184 1241 1472 1454 1624 1759 1738 2007 1517 1454 1343 1151 1057 966 948 968 1045 986 1040 1081 1072 1137 1267 1421 1568 1644 1659 1757 1388 1339 1311 1220 1080 879 804 755 816 750 722 646 623 645 622 640 647 669 676 956 1281 1447 1334 1535 1515 1293 1199 1142 1057 943 786 644 609 554 532 517 512 514 510 480 475 485 503 484 499 555 588 746 741 768 740 660 606 584 579 608 668 682 693 669 703 659 624 541
1179 1334 1709 1870 1570 1951 2220 1994 1627 1416 1302 1146 1071 1012 1043 1089 1218 1101 1145 1176 1235 1262 1392 1383 1509 1819 1872 1754 1695 1624 1637 1444 1330 998 1007 815 891 696 673 672 629 637 635 635 657 669 671 816 902 998 1258 1294 1230 1447 1337 1354 1165 908 808 671 594 483 483 478 480 477 491 487 486 480 460 461 478 535 621 643 727 725 699 679 626 567 522 523 493 541 588 641 691 639 639 589
1240 1329 1580 2092 1729 2142 2209 2102 1579 1484 1432 1178 1123 1068 1191 1250 1369 1507 1291 1539 1369 1447 1484 1516 1587 1855 1761 1838 1958 2069 2031 1854 1902 1282 960 816 814 705 659 722 633 660 671 680 649 668 677 701 784 860 1030 1010 1162 1355 1269 1383 1178 1022 950 640 559 489 483 477 471 469 469 465 460 463 458 462 526 571 613 693 699 706 663 672 655 518 487 514 448 504 501 570 574 647 631 627
