testing/galunggung_topography.txt
ncols         151
nrows         151
xllcorner     73273
yllcorner     9095473
cellsize      1342
NODATA_value  -9999
[rows 41 to 81 of 151, columns 0 to 92 of 151]
415 385 376 356 329 315 304 290 277 273 282 287 295 299 231 236 288 323 336 354 444 586 603 773 778 863 766 698 690 711 754 824 891 934 967 980 1030 1022 1051 1071 1086 1140 1105 1328 1386 1410 1535 1470 1493 1596 1567 1414 1399 1223 1102 1015 917 910 878 816 727 605 510 467 473 458 419 461 365 348 359 302 337 313 304 339 386 406 221 234 270 128 254 141 136 165 131 203 114 130 154 166 240
398 381 367 353 337 314 321 280 287 290 286 294 299 303 273 241 288 302 345 347 496 750 779 832 692 691 717 665 660 673 704 737 778 820 883 883 931 965 952 918 893 1035 1068 1214 1142 1287 1332 1458 1462 1523 1451 1306 1179 1101 1063 1049 930 890 861 721 764 649 478 529 460 479 643 395 511 385 439 364 354 330 329 342 364 272 244 277 308 412 229 233 108 158 89 223 132 314 183 208 257
426 388 387 363 354 333 325 312 326 313 302 346 466 350 283 275 310 376 388 367 547 900 837 799 803 658 667 657 662 683 694 736 751 802 822 850 875 878 867 873 853 868 931 942 1088 1053 1040 1230 1293 1514 1440 1177 1087 1000 965 951 1020 938 856 774 585 548 548 484 458 524 525 462 507 578 507 406 399 373 350 371 298 217 215 207 280 403 428 290 329 349 218 110 395 280 233 229 293
455 413 392 382 357 335 329 335 329 326 342 458 403 292 389 492 347 565 700 644 769 726 769 701 675 646 638 651 658 672 688 778 746 760 795 807 834 844 815 823 837 846 873 873 998 929 1054 1084 1237 1639 1339 1050 964 961 933 926 934 889 850 756 630 760 726 633 487 522 641 507 769 751 519 504 546 411 447 364 250 249 219 218 245 372 335 446 364 520 231 229 282 306 311 466 345
419 411 401 371 355 342 346 432 351 484 421 334 436 484 653 825 483 718 743 729 752 729 663 662 650 638 638 646 642 662 731 729 733 743 755 763 776 774 775 766 733 753 733 792 814 840 908 930 1032 1276 1156 979 907 894 887 893 859 866 775 781 788 824 782 705 600 595 674 741 691 804 614 671 758 662 441 314 261 232 221 254 237 271 312 376 513 555 461 333 173 417 534 507 597
430 424 383 367 344 378 373 375 564 537 487 522 602 665 937 742 701 595 573 799 711 665 659 649 638 657 656 657 650 660 807 730 721 718 732 743 742 734 725 738 705 700 700 694 729 730 750 783 864 966 994 888 860 850 865 863 864 853 895 973 1005 991 862 705 718 738 577 842 898 699 683 740 988 530 511 345 294 248 237 236 239 257 309 690 539 428 336 405 206 228 312 330 357
433 403 378 374 368 387 431 386 673 530 626 622 859 894 838 742 714 687 765 638 638 649 638 644 650 653 656 638 666 663 666 726 704 699 712 718 723 713 709 705 701 691 685 681 684 685 695 718 786 838 807 812 798 799 871 871 865 873 948 1161 1135 1253 1012 845 981 815 613 823 1042 838 768 937 824 707 590 401 293 277 239 231 254 311 368 496 472 493 378 258 307 374 316 348 409
426 422 390 384 496 397 465 630 615 749 911 943 828 756 741 697 695 661 676 638 638 638 649 652 643 652 654 662 662 663 673 702 690 688 698 703 707 701 702 694 691 682 681 677 674 676 679 686 721 751 783 767 740 723 968 921 846 841 1014 1335 1321 1481 1189 1032 1236 955 825 831 1012 1064 1068 856 812 632 613 591 375 281 238 240 255 288 309 440 539 458 495 445 335 463 369 335 492
421 428 579 461 514 477 684 636 776 939 1020 861 762 721 798 698 849 711 662 638 660 673 638 638 638 638 638 638 664 670 656 669 686 685 693 693 699 697 696 693 690 684 678 676 672 666 669 666 673 685 698 699 687 692 923 923 765 818 948 1224 1374 1412 1331 1329 1234 1226 992 1078 1146 1359 1342 1129 892 660 624 692 447 296 252 254 262 306 370 382 405 464 389 277 346 519 564 505 502
462 506 620 697 704 762 468 466 783 800 944 779 865 927 779 776 965 679 647 670 683 688 646 638 638 638 665 773 668 667 672 691 663 677 682 683 685 685 686 684 685 678 682 673 672 667 664 667 666 673 686 688 680 689 753 755 740 780 927 998 1122 1180 1164 1145 1213 1301 1368 1310 1423 1375 1150 944 852 728 604 671 407 322 342 299 340 372 486 474 426 422 362 321 368 286 296 323 410
704 613 804 750 577 590 780 869 887 811 849 924 991 1033 1016 809 825 687 749 703 685 643 644 638 656 681 907 1050 824 746 712 770 660 671 676 676 679 674 674 677 672 669 670 669 666 663 662 666 663 666 673 670 675 677 674 682 688 701 824 959 967 1109 1128 1269 1269 1271 1498 1537 1505 1471 1232 976 870 790 728 574 489 387 338 423 599 520 691 704 545 484 484 405 372 320 346 317 348
651 770 835 691 546 591 661 855 889 898 983 1026 1035 1106 1136 1133 824 814 844 701 715 668 666 665 656 799 1031 1122 988 942 887 697 665 661 667 667 664 664 661 665 666 670 666 664 663 664 662 659 664 663 667 668 665 668 675 680 690 688 829 867 1075 1280 1239 1193 1274 1383 1312 1018 1046 1206 1039 849 773 768 644 656 607 437 425 441 654 682 746 854 798 560 533 473 376 331 332 452 557
888 885 713 573 605 862 849 894 894 903 955 993 992 1029 1163 1066 850 829 854 779 695 671 669 668 667 699 996 945 945 886 747 762 670 663 664 660 659 662 661 662 666 657 663 663 662 662 663 663 664 664 664 664 664 666 675 673 683 704 710 794 1205 1159 1160 1160 950 994 1048 851 837 1161 939 796 772 620 623 643 536 583 599 528 724 782 777 877 857 867 792 569 459 401 363 383 600
1017 858 743 666 623 761 924 950 940 983 972 969 992 1123 1052 999 848 877 812 831 783 740 713 672 649 775 989 795 1124 892 707 678 667 663 668 662 663 663 664 662 662 663 661 662 661 661 663 662 665 665 665 665 666 670 666 672 695 712 749 811 863 994 994 1019 1200 1013 829 676 682 772 720 631 559 571 566 551 586 649 668 722 764 830 927 886 898 903 865 660 547 484 454 435 503
1016 1014 910 852 864 852 974 946 936 939 950 965 1013 1134 1006 958 1033 981 929 903 914 838 820 732 703 840 828 1131 956 878 903 708 672 668 669 669 666 663 665 665 664 662 662 662 662 663 664 665 665 665 664 667 668 666 670 673 685 757 791 841 834 848 861 1068 747 802 871 741 658 563 615 597 536 559 448 401 577 646 719 779 915 1039 1101 1082 1037 970 850 881 641 508 478 517 448
986 994 980 986 681 893 894 954 960 971 1027 1119 1002 1015 1032 1077 1059 1273 1236 1165 956 789 760 835 922 954 984 931 1001 912 803 714 702 670 670 665 668 668 665 833 835 715 665 666 668 665 671 669 673 669 668 668 668 666 671 679 686 798 822 863 855 854 867 1011 737 681 784 720 693 594 520 532 519 503 424 498 548 633 787 836 1093 1235 1291 1211 1194 1053 858 857 663 576 547 617 597
1023 981 967 992 696 994 979 1037 1038 1169 1106 1151 1131 1105 1079 1104 1188 1246 1340 1283 1136 894 845 957 1112 1052 1049 1135 995 818 811 732 705 676 673 671 670 672 676 724 748 1010 717 770 807 781 676 679 671 670 673 670 669 672 702 740 765 939 873 985 999 1010 908 747 666 659 720 626 567 555 536 507 499 496 443 561 543 591 724 855 1165 1509 1353 1343 1313 1039 869 816 800 693 703 686 697
1006 994 900 946 871 952 979 1035 1038 1197 1225 1177 1194 1167 1154 1112 1226 1305 1368 1381 1320 1160 1280 1165 1410 1269 1258 1288 1018 863 887 821 694 690 690 677 673 678 718 773 800 937 934 911 1024 817 795 690 680 676 675 676 680 692 755 855 981 1031 1062 1251 1369 906 847 867 779 649 681 581 560 528 480 499 509 536 546 548 585 562 670 767 1095 1422 1348 1445 1234 1011 885 865 789 797 764 763 767
1167 1104 937 914 939 877 901 960 1180 1179 1216 1467 1368 1280 1347 1226 1219 1374 1398 1397 1377 1458 1341 1332 1277 1213 1302 1357 1121 951 884 905 787 720 718 709 679 717 767 816 880 934 950 925 794 793 797 723 732 710 676 678 695 734 798 926 974 1106 1088 1480 1323 947 886 878 697 664 709 695 551 537 536 583 664 668 591 653 638 632 611 724 1018 1262 1111 1491 1294 1037 878 790 831 871 962 942 1033
1115 1126 1033 917 880 948 923 1059 1181 1337 1338 1556 1585 1586 1517 1472 1193 1181 1246 1255 1307 1346 1332 1334 1182 1201 1208 1083 1108 963 1068 987 859 742 708 735 742 729 783 844 914 998 985 914 803 796 770 784 772 737 718 727 762 838 936 1138 1199 1120 1053 1072 872 748 707 690 653 759 956 678 588 551 557 662 691 763 716 714 803 751 681 793 1165 1244 1178 903 1017 1052 816 703 680 797 864 969 950
1193 1088 1031 924 977 966 1049 1120 1365 1460 1619 1690 1730 1783 1702 1560 1483 1315 1337 1399 1397 1411 1387 1337 1198 1154 1111 1036 1007 1080 1222 1034 900 756 757 790 882 863 954 986 988 1122 1053 971 843 832 789 803 789 740 751 756 790 850 974 1042 1127 1220 1034 805 764 737 715 677 663 679 607 606 603 593 593 753 892 1040 921 838 879 893 879 759 983 986 993 851 735 1031 754 689 587 562 692 828 913
1024 1097 1134 1001 1025 1131 1142 1202 1310 1622 1737 1578 1621 1647 1745 1650 1491 1467 1546 1554 1633 1432 1434 1460 1266 1201 1103 1064 1054 1064 1237 1224 1031 806 804 851 943 1044 1132 1188 1284 1242 1195 1044 961 898 862 839 808 798 776 847 889 1046 1134 1355 1419 1284 1069 842 824 755 720 673 677 647 608 606 605 596 602 809 1057 1166 1350 1105 1066 981 886 783 793 1090 849 714 610 711 690 626 547 557 598 702 832
983 1064 1185 1123 1044 1145 1215 1401 1399 1553 1774 1507 1474 1504 1698 1770 1609 1632 1563 1835 1799 1543 1545 1400 1312 1228 1157 1138 1139 1109 1241 1321 1102 843 844 862 990 1146 1336 1438 1622 1424 1355 1269 998 945 882 924 910 867 885 946 1040 1152 1408 1372 1371 1217 1171 1046 891 822 734 698 687 678 657 636 622 639 646 889 1294 1423 1381 1444 1181 990 946 796 750 816 650 638 588 553 641 624 547 583 573 567 764
-9999 1134 1113 1250 1217 1286 1267 1359 1460 1400 1381 1420 1527 1541 1657 1704 1552 1596 1604 1696 1736 1722 1519 1406 1343 1282 1200 1204 1158 1204 1195 1173 1046 950 936 970 1178 1281 1579 1619 1835 2035 1581 1347 1125 1083 943 995 1057 1052 1034 1112 1156 1387 1662 1739 1776 1473 1402 1256 1107 925 761 812 689 632 652 671 637 653 678 858 1344 1592 1438 1475 1273 1136 1070 783 649 596 541 501 509 515 493 475 487 467 487 600 699
-9999 932 834 846 1023 1262 1275 1276 1216 1437 1623 1703 1635 1804 1751 1490 1436 1530 1646 1815 1962 1788 1520 1473 1362 1390 1289 1246 1223 1259 1220 1237 1099 1004 954 1032 1159 1494 1968 1774 2167 2240 1620 1320 1155 1098 984 1199 1355 1186 1309 1261 1515 1517 1634 1833 1858 1886 1886 1783 1418 1214 835 897 758 650 630 693 670 657 670 742 937 1067 1303 1364 1340 1251 1190 834 687 560 483 478 473 477 475 482 465 462 495 647 702
-9999 729 677 801 1000 1078 1212 1293 1313 1329 1403 1417 1614 1671 1445 1424 1468 1472 1620 1752 1775 1743 1770 1574 1540 1600 1530 1420 1439 1415 1309 1343 1488 1176 1040 1162 1325 1512 1844 1993 2230 2162 1658 1463 1220 1141 1045 1311 1520 1359 1253 1432 1530 1476 1575 1698 1681 2000 2033 1656 1508 1260 820 763 750 696 646 652 669 666 682 689 740 783 892 1147 1162 1447 1381 1186 820 623 485 481 481 467 459 458 480 516 647 665 745
-9999 550 649 703 937 1116 1165 1280 1188 1254 1371 1290 1371 1367 1431 1400 1494 1539 1658 1698 1902 2125 2081 1838 1669 1812 1712 1604 1664 1540 1480 1617 1739 1417 1178 1338 1386 1684 1944 2009 2155 2131 1873 1563 1302 1232 1125 1254 1456 1593 1467 1607 1497 1482 1497 1604 1619 1895 1942 1449 1231 1058 930 721 698 690 700 688 685 689 714 735 755 812 893 979 1096 1300 1522 1154 864 626 534 499 488 476 472 457 628 758 1018 892 937
-9999 548 617 647 907 1159 1183 1132 1203 1275 1198 1337 1313 1205 1326 1347 1421 1507 1589 1815 1919 2217 2158 1953 1791 1920 1877 1857 1880 1852 1665 1538 1506 1475 1259 1371 1462 1533 1809 1869 1967 2018 1821 1607 1458 1384 1211 1455 1645 1838 1638 1626 1385 1406 1333 1496 1610 1390 1345 1092 886 821 742 749 721 691 691 696 683 704 734 770 779 838 903 1108 1250 1423 1368 1122 872 623 607 580 539 484 472 475 769 1096 1301 1216 1180
-9999 464 496 606 885 1131 1084 1132 1178 1161 1293 1289 1166 1252 1259 1302 1556 1563 1704 1696 2014 2249 2216 2020 2150 1902 2011 1866 2017 1970 1762 1531 1447 1454 1413 1363 1420 1487 1580 1613 1743 1876 1980 1690 1551 1399 1355 1499 1691 1714 1515 1499 1339 1204 1308 1290 1142 1248 1231 932 764 752 724 700 694 691 690 690 704 735 781 841 849 944 1205 1271 1523 1419 1412 1116 912 707 648 625 556 501 465 505 747 983 1334 1355 1430
-9999 401 551 824 900 1074 1004 933 1068 1192 1241 1160 1092 1242 1339 1322 1395 1415 1531 1683 1970 2138 2076 1955 1915 1896 1920 1796 2001 1949 1737 1568 1460 1451 1423 1425 1441 1493 1518 1547 1666 1781 1736 1534 1520 1407 1486 1579 1720 1529 1573 1462 1250 1162 1121 1050 1051 1017 933 825 769 767 728 703 697 700 713 720 736 767 820 900 935 1056 1189 1458 1632 1540 1437 1090 903 784 690 652 575 515 472 490 606 790 1156 1579 1453
-9999 456 660 769 985 1012 833 831 834 881 949 1028 1126 1271 1411 1506 1394 1445 1547 1702 1894 1948 1859 1864 1791 1850 1584 1678 1576 1914 1835 1601 1455 1423 1442 1458 1474 1515 1536 1588 1731 1889 1576 1502 1479 1558 1671 1898 1823 1559 1509 1448 1290 1090 1005 1008 989 956 912 859 782 760 718 697 711 707 758 773 811 905 872 946 1009 1097 1301 1616 1752 1608 1706 1095 888 790 743 702 585 527 477 461 660 700 896 1434 1093
-9999 475 682 795 836 789 791 836 1118 1156 1220 1241 1271 1151 1276 1375 1417 1665 1704 1509 1767 1653 1587 1607 1650 1764 1539 1349 1352 1671 1822 1633 1492 1458 1452 1470 1553 1516 1548 1553 1758 2002 1711 1597 1596 1654 1797 2007 1877 1669 1590 1408 1264 1166 1065 990 977 961 899 879 810 766 730 728 737 776 826 891 885 973 1034 1021 969 1195 1388 1839 1820 1697 1617 1091 916 814 731 694 568 515 473 450 622 713 967 813 1075
-9999 486 644 751 660 716 830 1064 1053 1056 1100 1199 1087 1180 1291 1483 1547 1638 1554 1233 1522 1475 1543 1593 1730 1650 1343 1265 1413 1402 1705 1599 1512 1436 1496 1482 1479 1515 1535 1544 1958 1701 1624 1659 1728 1923 2147 2167 2030 1839 1626 1382 1235 1146 1029 1020 956 930 895 849 805 798 724 738 745 800 841 986 945 1104 1086 1078 1011 1166 1304 1665 2072 1627 1352 992 795 776 684 691 527 487 454 455 555 656 828 1009 1127
-9999 491 518 520 543 739 846 1007 993 1007 1131 1137 1052 1188 1284 1432 1400 1419 1190 1217 1176 1492 1628 1675 1589 1424 1321 1281 1123 1289 1463 1445 1536 1454 1347 1335 1369 1428 1460 1487 1563 1698 1628 1672 1727 2023 2400 2275 2047 1867 1709 1419 1217 1151 1065 1028 955 907 884 862 827 791 786 774 790 849 897 1016 1125 1283 1348 1284 1201 1106 1300 1693 2068 1555 1330 1028 866 734 688 672 498 475 450 473 597 604 674 898 781
-9999 381 480 742 871 930 918 824 797 818 882 993 1079 1148 1265 1349 1303 1358 1109 1104 1035 1342 1515 1529 1640 1523 1124 1089 984 1329 1434 1232 1491 1223 1355 1433 1377 1543 1540 1535 1589 1633 1621 1702 1802 2023 2082 2357 2231 1981 1810 1494 1300 1136 1047 1005 962 932 902 867 852 840 868 887 845 915 947 1090 1385 1491 1457 1416 1167 1021 1209 1728 1301 1115 953 870 785 663 620 578 507 464 442 449 516 499 594 799 700
-9999 427 688 789 856 874 704 691 700 747 844 961 1093 1157 1212 1164 1275 1105 991 843 1242 1635 1602 1374 1551 1248 1140 945 1030 1349 1349 1142 1320 1170 1233 1515 1507 1508 1561 1546 1578 1660 1669 1691 1758 1797 2012 2090 2178 2176 2057 1528 1247 1128 1046 1022 971 951 953 968 929 926 871 909 922 968 1033 1256 1571 1555 1397 1091 1000 901 1078 1324 1522 1511 823 714 651 572 515 515 501 459 427 426 447 524 552 612 602
-9999 517 780 808 764 725 678 474 847 968 830 841 1080 1109 1129 1114 1192 1093 829 1062 1422 1466 1428 1293 1419 1073 988 802 1112 1303 1222 984 1256 1239 1026 1403 1602 1589 1703 1618 1687 1600 1660 1728 1791 1786 1927 2033 2052 2184 1870 1559 1305 1175 1084 1037 1042 1061 1103 1131 1105 1058 992 1009 975 1004 1087 1202 1377 1355 1215 1037 954 858 850 945 1030 1017 916 693 575 539 510 489 481 453 425 397 405 382 416 470 439
-9999 753 774 753 502 458 412 512 832 784 754 895 885 1036 1086 940 984 618 761 1177 1228 1336 1278 1392 1243 958 751 842 1138 961 876 880 922 977 980 1325 1597 1808 1801 1767 1762 1737 1722 1697 1701 1734 1817 2079 2184 2206 1733 1470 1315 1187 1091 1029 1097 1199 1247 1235 1309 1158 1063 1094 989 1035 1033 1119 1197 1158 1098 926 882 814 690 764 771 761 722 632 542 507 487 480 476 436 445 398 379 357 353 363 366
-9999 690 734 682 416 328 424 576 709 698 657 719 928 968 795 985 689 693 1097 1191 1285 1123 1206 1391 1059 909 710 901 1004 838 696 947 751 973 1132 1377 1416 1745 1894 1784 2096 1874 1808 1636 1668 1767 1938 2035 2240 2096 1823 1614 1391 1232 1136 1109 1236 1375 1588 1579 1643 1388 1234 1063 960 955 1083 1024 1111 1064 956 845 815 743 700 691 686 674 648 589 549 499 471 461 453 440 419 391 375 360 337 338 331
-9999 576 587 366 453 292 507 519 783 628 822 898 958 777 762 749 566 915 987 1180 995 1117 1072 1200 971 895 547 718 994 592 739 877 989 1150 1366 1522 1403 1612 1844 1750 1683 1682 1717 1554 1670 1707 1912 2155 2168 2115 1996 1658 1434 1276 1172 1192 1358 1559 1897 2209 2131 1661 1292 1112 1021 909 891 927 945 940 841 765 759 699 611 575 579 552 543 531 487 472 456 453 457 426 402 382 372 355 343 305 319
-9999 498 538 320 220 296 380 556 499 643 745 633 794 874 689 565 454 999 830 1064 1063 1215 1067 1145 906 869 572 628 831 499 746 1077 915 966 1168 1344 1569 1609 1565 1566 1448 1668 1564 1507 1447 1704 2049 2564 2451 2565 2026 1668 1412 1313 1191 1202 1371 1630 2071 2630 2255 1877 1438 1202 1031 963 863 840 865 800 819 766 722 707 620 546 531 517 493 482 461 443 448 444 444 422 387 376 364 357 345 339 321
