testing/galunggung_topography.txt
ncols         151
nrows         151
xllcorner     73273
yllcorner     9095473
cellsize      1342
NODATA_value  -9999
[rows 82 to 122 of 151, columns 0 to 92 of 151]
-9999 432 466 296 221 249 357 503 604 619 604 637 681 766 646 541 750 773 780 655 1111 927 1115 1028 844 1061 697 514 737 601 566 771 814 1063 1217 1336 1446 1461 1490 1545 1382 1659 1629 1528 1512 1580 1917 2230 2211 1987 1770 1537 1373 1257 1228 1230 1346 1528 1840 2021 1890 1726 1436 1241 1086 994 899 752 799 791 709 729 649 626 587 528 488 477 466 454 441 424 444 420 411 416 397 369 366 352 339 333 320
-9999 422 384 423 434 259 222 560 541 512 522 407 691 426 664 491 833 574 697 915 746 770 1031 888 727 889 838 723 448 677 828 1198 989 1189 1409 1539 1321 1398 1414 1548 1353 1415 1462 1275 1371 1499 1706 1957 1977 1837 1675 1497 1336 1246 1236 1236 1322 1506 1703 1626 1672 1530 1391 1152 1050 1040 910 802 725 671 677 660 617 547 560 525 475 441 445 431 415 407 399 395 386 389 379 364 358 364 355 336 335
-9999 347 378 391 403 389 204 477 483 461 374 497 450 322 308 529 705 680 512 697 608 870 708 906 747 671 942 752 456 479 906 1305 1136 1315 1190 1412 1212 1358 1389 1279 1075 1252 1270 1230 1256 1208 1415 1534 1549 1541 1443 1401 1299 1250 1239 1242 1266 1358 1499 1543 1602 1499 1314 1230 1209 1105 919 884 851 669 610 641 621 574 553 514 468 476 438 411 404 394 393 378 368 387 357 346 342 357 352 369 347
-9999 338 330 356 348 144 408 436 432 439 334 405 563 391 261 421 378 459 339 510 634 548 511 801 875 706 900 500 333 685 720 984 875 1138 1366 988 1291 1304 1437 1274 983 1072 1320 1248 1100 1093 1138 1241 1307 1337 1338 1343 1303 1318 1307 1345 1278 1292 1392 1351 1296 1240 1368 1387 1325 1003 959 875 714 657 605 613 627 569 549 509 491 478 448 406 410 384 388 377 357 346 340 323 327 336 375 365 353
-9999 118 290 175 152 318 342 216 361 363 145 309 374 267 238 397 369 457 322 531 520 748 455 822 740 771 807 475 469 646 731 694 887 1081 984 804 979 1330 1403 1217 816 1130 1075 1212 1129 897 1025 1056 1139 1179 1230 1418 1447 1519 1433 1509 1335 1297 1367 1104 1148 1022 1044 1206 1122 1151 1120 1197 945 852 700 669 576 533 506 497 488 489 438 447 426 388 384 351 328 302 295 316 329 339 376 381 366
-9999 12 241 64 177 275 284 292 100 165 180 218 285 239 291 550 270 348 567 630 483 480 483 577 453 608 780 504 496 840 841 664 775 786 766 855 1020 1096 1311 1050 822 1202 951 913 916 839 845 932 1044 1134 1251 1475 1660 1615 1610 1627 1531 1333 1414 1103 919 855 847 875 939 1068 1394 1085 907 762 654 749 713 691 638 574 471 451 411 413 419 418 333 373 342 338 284 345 385 401 408 384 389
-9999 53 110 142 220 215 71 116 40 219 134 167 252 176 426 297 291 248 318 350 497 491 277 382 312 341 223 304 439 911 814 660 641 684 703 1219 1137 1278 1036 905 686 1009 769 670 685 639 770 907 909 1040 1292 1392 1453 1487 1650 1529 1473 1254 1170 1004 939 966 790 763 850 909 1111 1091 917 750 671 651 584 699 675 558 512 496 426 430 357 321 318 321 350 323 258 307 294 356 410 437 410
-9999 15 26 150 165 169 61 16 48 187 84 151 232 302 332 277 258 321 240 270 305 280 445 396 103 182 272 470 764 849 612 447 465 635 946 866 920 805 819 622 633 1066 799 692 542 519 698 896 987 1084 1161 1289 1231 1412 1502 1420 1342 1200 1042 886 880 976 871 711 763 874 1018 1204 1074 908 780 725 602 490 585 574 463 478 492 522 430 388 389 340 279 278 237 314 341 361 348 401 407
-9999 82 8 145 143 139 17 111 152 119 171 181 137 212 209 244 279 157 286 246 236 195 327 357 132 265 331 392 585 498 395 556 608 741 682 816 780 575 564 512 616 751 620 619 553 603 817 840 781 1000 1086 1077 967 1400 1487 1225 1193 1201 1064 1017 995 785 779 688 799 934 1045 1051 1064 1059 739 718 607 482 488 554 557 458 420 525 468 405 382 350 402 377 218 267 308 278 341 460 378
-9999 65 74 93 123 101 70 69 84 66 136 123 65 156 165 238 261 199 203 226 233 219 224 253 193 243 185 425 512 544 595 619 624 429 659 794 577 500 465 468 716 892 593 421 371 614 674 635 660 857 961 882 1021 1237 1434 1318 1058 1114 1177 884 917 858 659 722 738 837 891 964 952 953 782 734 642 446 487 480 434 397 314 490 422 417 296 330 424 359 257 232 283 345 435 388 383
-9999 18 50 33 45 41 20 70 35 65 95 140 160 124 152 168 160 107 167 174 168 229 252 203 202 236 185 293 274 653 550 560 485 465 448 597 606 522 416 416 616 670 487 432 404 350 447 493 539 576 684 810 1398 1150 1143 1338 1048 1045 1152 1081 841 711 778 613 736 729 777 947 962 872 841 819 766 493 497 357 350 451 311 252 405 367 355 306 419 397 258 183 223 292 285 327 306
-9999 4 48 48 29 21 32 22 45 22 74 96 42 116 103 122 109 74 91 140 119 128 193 47 250 214 305 326 210 373 386 451 347 426 406 600 612 511 400 350 635 598 394 314 315 439 733 939 975 972 961 1113 1115 1013 975 1325 1119 912 1034 1106 1114 945 757 688 661 614 817 877 828 865 901 843 859 731 689 454 493 585 423 349 194 307 342 224 395 370 302 274 264 416 431 464 452
-9999 -9999 -9999 -9999 -9999 -9999 5 5 6 10 8 24 38 6 29 13 56 59 29 72 87 100 115 104 161 147 189 228 91 299 247 347 249 321 405 421 454 390 298 277 543 218 194 264 385 595 918 911 986 999 897 1028 1047 953 949 1374 1091 941 1040 888 980 1091 753 626 589 577 654 804 705 813 810 800 750 804 814 651 705 693 503 358 302 199 192 283 208 357 320 153 232 361 389 565 525
-9999 -9999 -9999 -9999 -9999 -9999 -9999 -9999 -9999 -9999 -9999 -9999 0 4 4 2 8 3 21 19 15 27 42 69 82 71 55 37 160 200 275 274 380 149 377 338 350 415 249 451 236 148 296 399 508 609 851 698 728 814 710 873 1017 816 879 1199 1227 875 837 785 919 1137 923 674 589 560 683 864 705 672 678 835 739 825 790 690 595 605 550 395 466 294 305 211 171 218 210 174 278 275 334 519 384
-9999 -9999 -9999 -9999 -9999 -9999 -9999 -9999 -9999 -9999 -9999 -9999 -9999 -9999 -9999 -9999 -9999 -9999 -9999 -9999 -9999 -9999 -9999 -9999 -9999 13 38 56 148 186 58 133 94 383 197 296 281 187 197 285 133 335 405 530 666 597 646 561 723 579 659 989 796 921 998 808 859 793 626 651 684 893 1077 972 622 550 799 843 827 825 696 762 798 604 736 564 672 520 624 464 502 344 333 265 219 191 162 156 237 379 464 391 372
-9999 -9999 -9999 -9999 -9999 -9999 -9999 -9999 -9999 -9999 -9999 -9999 -9999 -9999 -9999 -9999 -9999 -9999 -9999 -9999 -9999 -9999 -9999 -9999 -9999 -9999 -9999 -9999 36 82 106 127 155 302 138 296 187 313 294 156 297 412 394 387 433 525 438 489 669 653 862 721 708 905 901 712 654 569 430 529 586 846 974 765 665 524 770 778 777 765 715 684 635 777 494 514 591 426 489 538 507 482 457 374 307 281 141 156 278 423 402 328 423
-9999 -9999 -9999 -9999 -9999 -9999 -9999 -9999 -9999 -9999 -9999 -9999 -9999 -9999 -9999 -9999 -9999 -9999 -9999 -9999 -9999 -9999 -9999 -9999 -9999 -9999 -9999 -9999 25 46 47 56 87 162 113 282 142 230 294 161 331 275 181 357 439 488 324 585 484 553 652 416 697 856 592 609 457 549 534 306 549 800 700 812 522 504 685 749 735 767 685 690 601 482 508 386 521 428 479 403 466 439 419 494 521 394 140 224 371 436 351 303 350
-9999 -9999 -9999 -9999 -9999 -9999 -9999 -9999 -9999 -9999 -9999 -9999 -9999 -9999 -9999 -9999 -9999 -9999 -9999 -9999 -9999 -9999 -9999 -9999 -9999 -9999 -9999 -9999 -9999 -9999 0 12 40 86 83 117 153 34 52 319 298 256 220 318 375 442 262 566 373 479 610 344 622 772 487 480 480 331 408 262 503 687 611 689 413 543 685 773 603 747 687 628 706 558 531 516 446 366 448 350 475 474 440 415 506 470 193 129 323 298 372 262 258
-9999 -9999 -9999 -9999 -9999 -9999 -9999 -9999 -9999 -9999 -9999 -9999 -9999 -9999 -9999 -9999 -9999 -9999 -9999 -9999 -9999 -9999 -9999 -9999 -9999 -9999 -9999 -9999 -9999 -9999 -9999 -9999 -9999 -9999 28 34 31 15 110 207 172 256 260 214 351 231 453 337 230 401 509 273 486 605 315 425 495 350 297 292 746 893 580 817 518 475 724 741 638 670 686 662 607 458 508 680 677 443 326 361 477 398 385 321 394 438 322 112 196 186 448 247 244
-9999 -9999 -9999 -9999 -9999 -9999 -9999 -9999 -9999 -9999 -9999 -9999 -9999 -9999 -9999 -9999 -9999 -9999 -9999 -9999 -9999 -9999 -9999 -9999 -9999 -9999 -9999 -9999 -9999 -9999 -9999 -9999 -9999 -9999 -9999 -9999 -9999 5 37 95 108 131 159 236 198 263 194 269 398 423 507 202 487 336 399 519 482 434 339 485 489 657 411 622 495 465 780 675 637 607 631 616 506 672 470 610 559 377 302 298 369 428 294 349 340 317 418 337 230 123 283 280 233
-9999 -9999 -9999 -9999 -9999 -9999 -9999 -9999 -9999 -9999 -9999 -9999 -9999 -9999 -9999 -9999 -9999 -9999 -9999 -9999 -9999 -9999 -9999 -9999 -9999 -9999 -9999 -9999 -9999 -9999 -9999 -9999 -9999 -9999 -9999 -9999 -9999 -9999 -9999 24 56 65 147 178 123 277 172 357 432 266 266 211 257 186 458 578 414 470 274 328 414 721 336 523 594 340 550 696 623 596 446 636 609 534 450 485 471 503 331 289 261 306 266 278 301 375 365 355 230 129 115 168 317
-9999 -9999 -9999 -9999 -9999 -9999 -9999 -9999 -9999 -9999 -9999 -9999 -9999 -9999 -9999 -9999 -9999 -9999 -9999 -9999 -9999 -9999 -9999 -9999 -9999 -9999 -9999 -9999 -9999 -9999 -9999 -9999 -9999 -9999 -9999 -9999 -9999 -9999 -9999 -9999 34 38 35 120 203 50 254 277 282 188 126 382 202 314 446 416 377 287 138 265 556 624 447 421 271 369 638 619 638 419 498 507 384 416 447 422 358 449 498 385 262 263 268 263 275 364 317 353 332 326 239 179 298
-9999 -9999 -9999 -9999 -9999 -9999 -9999 -9999 -9999 -9999 -9999 -9999 -9999 -9999 -9999 -9999 -9999 -9999 -9999 -9999 -9999 -9999 -9999 -9999 -9999 -9999 -9999 -9999 -9999 -9999 -9999 -9999 -9999 -9999 -9999 -9999 -9999 -9999 -9999 -9999 5 15 45 54 156 158 79 121 240 123 265 102 259 371 379 271 347 264 190 282 294 522 296 391 291 323 606 551 624 401 451 433 539 499 386 454 364 369 396 394 296 256 341 271 279 251 168 232 273 311 86 288 273
-9999 -9999 -9999 -9999 -9999 -9999 -9999 -9999 -9999 -9999 -9999 -9999 -9999 -9999 -9999 -9999 -9999 -9999 -9999 -9999 -9999 -9999 -9999 -9999 -9999 -9999 -9999 -9999 -9999 -9999 -9999 -9999 -9999 -9999 -9999 -9999 -9999 -9999 -9999 -9999 -9999 -9999 -9999 26 25 87 104 102 204 64 227 117 339 262 380 221 282 182 185 272 332 461 174 515 283 217 554 498 473 514 429 249 412 474 363 342 341 418 297 269 249 248 268 260 274 224 99 96 137 181 150 291 263
-9999 -9999 -9999 -9999 -9999 -9999 -9999 -9999 -9999 -9999 -9999 -9999 -9999 -9999 -9999 -9999 -9999 -9999 -9999 -9999 -9999 -9999 -9999 -9999 -9999 -9999 -9999 -9999 -9999 -9999 -9999 -9999 -9999 -9999 -9999 -9999 -9999 -9999 -9999 -9999 -9999 -9999 -9999 -9999 7 24 35 51 135 68 61 166 124 209 301 144 178 83 147 215 353 374 218 465 304 213 512 332 435 500 506 487 286 237 421 264 273 323 250 254 245 251 258 262 258 268 164 84 86 121 84 193 246
-9999 -9999 -9999 -9999 -9999 -9999 -9999 -9999 -9999 -9999 -9999 -9999 -9999 -9999 -9999 -9999 -9999 -9999 -9999 -9999 -9999 -9999 -9999 -9999 -9999 -9999 -9999 -9999 -9999 -9999 -9999 -9999 -9999 -9999 -9999 -9999 -9999 -9999 -9999 -9999 -9999 -9999 -9999 -9999 -9999 7 13 11 17 39 85 183 159 69 232 111 279 106 199 114 370 162 224 344 258 160 403 422 289 470 427 463 385 206 401 260 315 233 236 241 241 243 256 273 255 275 263 158 137 87 146 145 209
-9999 -9999 -9999 -9999 -9999 -9999 -9999 -9999 -9999 -9999 -9999 -9999 -9999 -9999 -9999 -9999 -9999 -9999 -9999 -9999 -9999 -9999 -9999 -9999 -9999 -9999 -9999 -9999 -9999 -9999 -9999 -9999 -9999 -9999 -9999 -9999 -9999 -9999 -9999 -9999 -9999 -9999 -9999 -9999 -9999 -9999 10 7 8 15 22 47 93 53 153 174 80 86 98 196 134 182 341 344 230 110 323 376 361 415 395 239 304 231 188 261 229 207 221 207 250 279 252 241 248 230 236 241 174 143 303 277 276
-9999 -9999 -9999 -9999 -9999 -9999 -9999 -9999 -9999 -9999 -9999 -9999 -9999 -9999 -9999 -9999 -9999 -9999 -9999 -9999 -9999 -9999 -9999 -9999 -9999 -9999 -9999 -9999 -9999 -9999 -9999 -9999 -9999 -9999 -9999 -9999 -9999 -9999 -9999 -9999 -9999 -9999 -9999 -9999 -9999 -9999 10 16 18 7 9 13 22 26 33 39 20 92 93 159 77 279 271 316 321 79 271 311 216 281 285 206 324 226 246 241 241 223 215 222 246 268 269 231 226 165 112 44 175 269 273 243 266
-9999 -9999 -9999 -9999 -9999 -9999 -9999 -9999 -9999 -9999 -9999 -9999 -9999 -9999 -9999 -9999 -9999 -9999 -9999 -9999 -9999 -9999 -9999 -9999 -9999 -9999 -9999 -9999 -9999 -9999 -9999 -9999 -9999 -9999 -9999 -9999 -9999 -9999 -9999 -9999 -9999 -9999 -9999 -9999 -9999 -9999 -9999 -9999 -9999 -9999 0 2 5 -9999 5 10 69 71 74 39 137 218 286 297 280 70 186 220 101 137 287 183 230 247 179 223 180 247 173 193 252 270 302 252 126 200 206 200 226 293 151 144 255
-9999 -9999 -9999 -9999 -9999 -9999 -9999 -9999 -9999 -9999 -9999 -9999 -9999 -9999 -9999 -9999 -9999 -9999 -9999 -9999 -9999 -9999 -9999 -9999 -9999 -9999 -9999 -9999 -9999 -9999 -9999 -9999 -9999 -9999 -9999 -9999 -9999 -9999 -9999 -9999 -9999 -9999 -9999 -9999 -9999 -9999 -9999 -9999 -9999 -9999 -9999 -9999 -9999 -9999 -9999 3 26 56 66 29 96 202 268 272 207 91 101 230 87 189 104 162 87 111 141 165 205 149 204 221 266 266 245 166 207 193 249 237 190 262 238 157 160
-9999 -9999 -9999 -9999 -9999 -9999 -9999 -9999 -9999 -9999 -9999 -9999 -9999 -9999 -9999 -9999 -9999 -9999 -9999 -9999 -9999 -9999 -9999 -9999 -9999 -9999 -9999 -9999 -9999 -9999 -9999 -9999 -9999 -9999 -9999 -9999 -9999 -9999 -9999 -9999 -9999 -9999 -9999 -9999 -9999 -9999 -9999 -9999 -9999 -9999 -9999 -9999 -9999 -9999 -9999 -9999 -9999 11 10 96 144 195 227 192 151 22 136 210 89 148 199 80 71 97 122 180 180 174 209 174 238 163 163 125 166 173 169 188 213 225 197 106 139
-9999 -9999 -9999 -9999 -9999 -9999 -9999 -9999 -9999 -9999 -9999 -9999 -9999 -9999 -9999 -9999 -9999 -9999 -9999 -9999 -9999 -9999 -9999 -9999 -9999 -9999 -9999 -9999 -9999 -9999 -9999 -9999 -9999 -9999 -9999 -9999 -9999 -9999 -9999 -9999 -9999 -9999 -9999 -9999 -9999 -9999 -9999 -9999 -9999 -9999 -9999 -9999 -9999 -9999 -9999 -9999 -9999 -9999 16 58 135 135 158 167 95 187 54 11 45 73 85 82 94 31 122 102 169 148 182 126 164 96 148 140 93 160 173 155 160 162 159 216 169
-9999 -9999 -9999 -9999 -9999 -9999 -9999 -9999 -9999 -9999 -9999 -9999 -9999 -9999 -9999 -9999 -9999 -9999 -9999 -9999 -9999 -9999 -9999 -9999 -9999 -9999 -9999 -9999 -9999 -9999 -9999 -9999 -9999 -9999 -9999 -9999 -9999 -9999 -9999 -9999 -9999 -9999 -9999 -9999 -9999 -9999 -9999 -9999 -9999 -9999 -9999 -9999 -9999 -9999 -9999 -9999 -9999 -9999 24 56 52 74 91 102 8 92 28 13 13 65 34 28 75 54 64 87 120 105 136 105 130 131 114 79 126 132 140 166 167 156 99 103 181
-9999 -9999 -9999 -9999 -9999 -9999 -9999 -9999 -9999 -9999 -9999 -9999 -9999 -9999 -9999 -9999 -9999 -9999 -9999 -9999 -9999 -9999 -9999 -9999 -9999 -9999 -9999 -9999 -9999 -9999 -9999 -9999 -9999 -9999 -9999 -9999 -9999 -9999 -9999 -9999 -9999 -9999 -9999 -9999 -9999 -9999 -9999 -9999 -9999 -9999 -9999 -9999 -9999 -9999 -9999 -9999 -9999 -9999 -9999 -9999 0 13 -9999 13 -9999 -9999 -9999 -9999 -9999 6 10 11 15 37 46 53 81 69 90 76 104 93 57 45 104 122 109 144 143 108 90 74 55
-9999 -9999 -9999 -9999 -9999 -9999 -9999 -9999 -9999 -9999 -9999 -9999 -9999 -9999 -9999 -9999 -9999 -9999 -9999 -9999 -9999 -9999 -9999 -9999 -9999 -9999 -9999 -9999 -9999 -9999 -9999 -9999 -9999 -9999 -9999 -9999 -9999 -9999 -9999 -9999 -9999 -9999 -9999 -9999 -9999 -9999 -9999 -9999 -9999 -9999 -9999 -9999 -9999 -9999 -9999 -9999 -9999 -9999 -9999 -9999 -9999 -9999 -9999 -9999 -9999 -9999 -9999 -9999 -9999 -9999 -9999 -9999 -9999 0 11 24 42 57 48 76 10 19 101 126 89 62 53 107 86 58 51 28 27
-9999 -9999 -9999 -9999 -9999 -9999 -9999 -9999 -9999 -9999 -9999 -9999 -9999 -9999 -9999 -9999 -9999 -9999 -9999 -9999 -9999 -9999 -9999 -9999 -9999 -9999 -9999 -9999 -9999 -9999 -9999 -9999 -9999 -9999 -9999 -9999 -9999 -9999 -9999 -9999 -9999 -9999 -9999 -9999 -9999 -9999 -9999 -9999 -9999 -9999 -9999 -9999 -9999 -9999 -9999 -9999 -9999 -9999 -9999 -9999 -9999 -9999 -9999 -9999 -9999 -9999 -9999 -9999 -9999 -9999 -9999 -9999 -9999 -9999 -9999 -9999 -9999 14 22 24 26 19 12 41 18 23 17 56 51 69 52 59 48
-9999 -9999 -9999 -9999 -9999 -9999 -9999 -9999 -9999 -9999 -9999 -9999 -9999 -9999 -9999 -9999 -9999 -9999 -9999 -9999 -9999 -9999 -9999 -9999 -9999 -9999 -9999 -9999 -9999 -9999 -9999 -9999 -9999 -9999 -9999 -9999 -9999 -9999 -9999 -9999 -9999 -9999 -9999 -9999 -9999 -9999 -9999 -9999 -9999 -9999 -9999 -9999 -9999 -9999 -9999 -9999 -9999 -9999 -9999 -9999 -9999 -9999 -9999 -9999 -9999 -9999 -9999 -9999 -9999 -9999 -9999 -9999 -9999 -9999 -9999 -9999 -9999 -9999 7 -9999 13 11 9 25 21 30 9 24 32 20 27 17 29
-9999 -9999 -9999 -9999 -9999 -9999 -9999 -9999 -9999 -9999 -9999 -9999 -9999 -9999 -9999 -9999 -9999 -9999 -9999 -9999 -9999 -9999 -9999 -9999 -9999 -9999 -9999 -9999 -9999 -9999 -9999 -9999 -9999 -9999 -9999 -9999 -9999 -9999 -9999 -9999 -9999 -9999 -9999 -9999 -9999 -9999 -9999 -9999 -9999 -9999 -9999 -9999 -9999 -9999 -9999 -9999 -9999 -9999 -9999 -9999 -9999 -9999 -9999 -9999 -9999 -9999 -9999 -9999 -9999 -9999 -9999 -9999 -9999 -9999 -9999 -9999 -9999 -9999 -9999 -9999 -9999 -9999 -9999 4 9 9 17 26 34 25 32 9 20
-9999 -9999 -9999 -9999 -9999 -9999 -9999 -9999 -9999 -9999 -9999 -9999 -9999 -9999 -9999 -9999 -9999 -9999 -9999 -9999 -9999 -9999 -9999 -9999 -9999 -9999 -9999 -9999 -9999 -9999 -9999 -9999 -9999 -9999 -9999 -9999 -9999 -9999 -9999 -9999 -9999 -9999 -9999 -9999 -9999 -9999 -9999 -9999 -9999 -9999 -9999 -9999 -9999 -9999 -9999 -9999 -9999 -9999 -9999 -9999 -9999 -9999 -9999 -9999 -9999 -9999 -9999 -9999 -9999 -9999 -9999 -9999 -9999 -9999 -9999 -9999 -9999 -9999 -9999 -9999 -9999 -9999 -9999 -9999 -9999 -9999 -9999 -9999 -9999 -9999 10 22 11
-9999 -9999 -9999 -9999 -9999 -9999 -9999 -9999 -9999 -9999 -9999 -9999 -9999 -9999 -9999 -9999 -9999 -9999 -9999 -9999 -9999 -9999 -9999 -9999 -9999 -9999 -9999 -9999 -9999 -9999 -9999 -9999 -9999 -9999 -9999 -9999 -9999 -9999 -9999 -9999 -9999 -9999 -9999 -9999 -9999 -9999 -9999 -9999 -9999 -9999 -9999 -9999 -9999 -9999 -9999 -9999 -9999 -9999 -9999 -9999 -9999 -9999 -9999 -9999 -9999 -9999 -9999 -9999 -9999 -9999 -9999 -9999 -9999 -9999 -9999 -9999 -9999 -9999 -9999 -9999 -9999 -9999 -9999 -9999 -9999 -9999 -9999 -9999 -9999 -9999 -9999 -9999 -9999
-9999 -9999 -9999 -9999 -9999 -9999 -9999 -9999 -9999 -9999 -9999 -9999 -9999 -9999 -9999 -9999 -9999 -9999 -9999 -9999 -9999 -9999 -9999 -9999 -9999 -9999 -9999 -9999 -9999 -9999 -9999 -9999 -9999 -9999 -9999 -9999 -9999 -9999 -9999 -9999 -9999 -9999 -9999 -9999 -9999 -9999 -9999 -9999 -9999 -9999 -9999 -9999 -9999 -9999 -9999 -9999 -9999 -9999 -9999 -9999 -9999 -9999 -9999 -9999 -9999 -9999 -9999 -9999 -9999 -9999 -9999 -9999 -9999 -9999 -9999 -9999 -9999 -9999 -9999 -9999 -9999 -9999 -9999 -9999 -9999 -9999 -9999 -9999 -9999 -9999 -9999 -9999 -9999
