testing/galunggung_topography.txt
ncols         151
nrows         151
xllcorner     73273
yllcorner     9095473
cellsize      1342
NODATA_value  -9999
[rows 0 to 40 of 151, columns 0 to 92 of 151]
-9999 -9999 -9999 -9999 -9999 -9999 -9999 -9999 -9999 -9999 -9999 -9999 -9999 -9999 -9999 -9999 -9999 -9999 -9999 -9999 -9999 -9999 -9999 -9999 -9999 -9999 -9999 -9999 -9999 -9999 -9999 -9999 -9999 -9999 -9999 -9999 -9999 -9999 -9999 -9999 -9999 -9999 -9999 -9999 -9999 -9999 -9999 -9999 -9999 -9999 -9999 12 13 12 11 12 11 11 12 17 15 11 10 10 12 12 12 11 9 10 7 9 5 4 3 3 1 0 2 4 1 1 1 0 1 1 -2 1 -1 1 7 3 6
43 38 43 43 26 24 22 29 36 49 33 38 42 19 14 16 23 20 27 23 19 21 20 21 21 20 21 17 21 18 24 26 24 27 23 24 25 18 17 20 14 15 14 10 9 7 6 11 10 13 11 20 16 13 14 17 12 10 19 16 12 12 10 13 9 16 14 11 12 10 12 9 5 3 2 3 3 2 1 2 1 2 0 3 1 3 1 0 1 0 1 -4 1
53 50 52 53 32 25 24 45 63 57 56 56 28 27 41 34 18 18 31 29 25 28 24 22 26 26 22 18 20 24 26 28 31 29 29 26 24 21 20 18 15 15 13 14 12 17 8 15 18 15 16 15 15 16 18 13 14 11 12 12 13 15 13 16 15 13 13 16 12 10 13 6 6 4 2 2 2 3 3 2 6 2 1 5 0 1 1 3 0 2 1 2 2
46 69 66 27 41 23 26 39 77 74 57 72 31 31 41 28 25 20 30 35 35 30 25 27 25 32 33 24 26 25 31 31 34 31 29 28 25 23 20 18 21 17 13 21 11 8 7 19 12 17 17 19 18 18 16 15 13 15 14 19 16 18 15 15 18 15 15 17 12 9 8 9 8 8 5 3 3 3 2 1 0 1 2 0 0 1 0 -1 1 2 3 2 5
52 44 31 22 24 36 23 64 59 72 78 52 40 50 42 32 23 26 20 35 44 43 36 26 31 32 33 26 27 31 33 35 33 31 31 29 26 22 23 21 20 18 19 15 21 20 13 16 21 28 26 29 22 19 17 20 16 16 18 17 17 22 17 18 18 20 17 17 12 11 8 8 7 6 9 8 6 3 7 4 3 1 4 6 0 5 2 5 1 1 2 1 3
36 28 25 39 27 27 32 41 86 96 80 49 81 56 49 36 30 23 21 34 50 34 56 49 35 42 48 42 49 32 34 38 39 32 31 30 28 24 24 22 20 21 18 15 30 27 16 25 25 30 25 27 24 27 18 26 17 16 19 18 19 19 20 16 16 17 16 17 15 13 10 11 9 9 8 9 10 6 7 6 6 4 4 4 1 2 1 1 3 7 7 10 5
45 28 32 60 25 27 51 40 60 83 82 69 99 81 88 53 28 36 21 19 26 33 58 68 63 55 55 55 56 37 38 39 34 33 36 27 26 23 28 24 28 26 20 29 32 31 30 21 30 25 30 25 25 21 25 23 20 17 21 19 19 23 19 22 19 17 18 15 15 16 18 14 13 13 11 13 10 10 8 8 7 7 5 5 8 2 2 4 3 8 3 8 7
30 30 58 52 43 37 40 34 47 71 88 71 86 104 72 44 69 57 23 23 26 38 39 79 74 55 65 65 58 68 39 40 47 38 34 29 35 31 32 25 28 26 27 39 38 29 35 29 33 34 36 31 32 23 20 24 26 16 19 20 21 20 21 21 20 18 15 17 16 16 16 13 12 10 11 11 11 13 12 8 9 7 7 7 5 4 3 4 3 3 4 6 5
31 43 61 48 48 48 53 47 93 111 91 87 81 103 63 48 71 45 50 31 31 32 42 56 78 62 70 75 71 63 71 50 43 45 40 37 40 34 36 31 37 36 38 43 39 39 44 43 38 40 36 33 27 23 25 27 23 22 24 21 22 22 24 23 20 20 21 18 20 17 19 15 14 13 17 15 13 13 16 10 11 9 7 6 9 5 4 5 4 4 7 9 6
48 60 45 69 71 35 134 78 107 129 87 99 98 95 66 64 60 72 74 39 37 35 58 68 85 74 74 94 67 79 60 56 48 51 47 47 45 39 37 44 49 56 59 53 49 49 50 48 45 34 41 35 35 29 30 31 34 25 24 28 22 25 26 25 28 27 25 26 21 19 20 23 16 16 13 17 14 13 14 12 10 9 12 9 10 5 5 6 5 3 8 5 5
40 79 73 39 37 50 53 38 69 113 84 179 211 193 144 98 52 61 41 40 35 50 61 72 71 91 90 74 53 89 77 51 59 52 54 54 53 45 65 60 68 62 78 74 72 59 61 61 49 47 47 44 43 36 35 32 30 25 26 25 25 26 30 28 27 24 25 24 23 23 21 22 16 21 17 19 17 16 15 16 11 13 9 8 10 9 7 6 6 6 6 6 6
76 70 42 56 32 54 67 57 49 56 57 59 92 102 68 67 78 42 32 61 70 62 80 61 86 107 89 82 60 90 66 55 58 59 62 53 55 54 52 64 77 76 73 83 74 69 62 66 57 48 51 44 48 40 41 41 36 32 30 29 34 28 24 27 28 29 28 26 24 23 23 23 19 21 20 21 21 18 20 15 15 16 11 15 10 9 7 8 9 8 6 6 7
61 53 39 56 74 88 63 66 74 63 58 59 78 94 136 197 277 164 53 39 70 47 58 81 79 87 87 87 57 71 67 53 55 67 57 62 54 54 73 84 69 91 95 91 75 69 71 80 56 56 58 52 48 43 38 42 39 32 31 34 29 29 35 27 30 30 26 31 28 31 33 26 31 29 23 26 21 19 18 17 16 19 16 16 12 11 10 9 7 9 8 9 9
48 48 66 70 64 80 81 103 111 100 75 97 73 101 101 101 101 159 216 66 30 42 69 59 94 89 91 97 72 62 55 56 63 52 56 69 56 61 63 103 108 118 96 105 103 82 83 54 57 66 61 56 49 51 44 43 42 42 35 33 30 30 40 31 28 34 26 31 29 32 36 39 30 25 26 27 24 22 21 18 18 19 22 15 13 13 12 11 14 12 12 9 10
71 71 68 75 77 91 90 101 251 151 110 140 156 132 101 101 101 101 101 135 102 67 37 78 70 93 100 63 72 62 63 58 79 82 62 65 95 96 85 84 115 116 108 114 103 93 64 72 74 76 64 59 62 52 54 60 51 43 35 35 37 44 33 35 38 34 37 31 34 33 30 33 29 28 26 26 42 27 26 23 20 23 26 18 14 12 17 16 23 15 10 11 11
92 94 92 76 71 84 109 137 258 207 123 310 182 257 191 101 101 101 101 114 119 116 95 59 86 87 88 68 83 87 85 150 74 102 62 81 105 104 122 79 110 103 113 113 95 78 92 97 92 81 74 72 68 61 64 63 54 47 38 41 34 43 36 49 44 38 34 43 43 40 38 39 35 33 30 32 27 29 29 24 25 23 20 20 25 17 23 21 21 15 15 13 10
89 94 116 155 225 107 237 151 301 416 297 401 142 101 101 101 101 101 101 101 167 227 93 45 96 100 85 79 90 130 169 107 143 82 59 98 131 95 153 122 113 114 106 104 99 102 115 82 93 90 83 79 76 74 67 66 50 45 41 41 37 46 44 34 51 57 39 45 42 42 36 35 39 33 34 34 31 33 32 27 25 23 30 19 30 25 23 18 18 19 21 13 16
84 121 282 327 282 398 314 203 340 694 625 168 101 101 101 107 143 101 101 101 101 112 120 79 83 86 89 112 123 176 236 196 112 69 59 91 176 188 185 144 156 117 95 81 98 113 92 84 99 96 81 83 77 79 72 61 58 47 43 49 46 31 48 44 49 43 45 54 43 43 41 42 44 36 42 39 41 42 36 29 27 30 25 35 29 20 26 23 27 25 16 18 12
83 115 350 225 317 449 418 316 554 585 498 252 146 128 182 180 624 149 101 347 101 101 90 79 81 84 89 115 95 87 111 115 135 125 74 72 82 131 187 148 169 127 90 154 131 200 152 105 108 103 83 89 83 74 60 49 43 50 64 64 54 45 50 51 53 55 58 47 45 44 44 39 42 39 39 46 39 39 38 49 33 52 28 31 34 36 25 34 26 25 21 14 16
93 127 190 297 304 663 604 406 705 502 420 266 101 101 200 242 408 279 169 202 123 101 128 194 129 95 159 165 88 108 110 122 166 108 124 120 96 132 128 180 110 95 95 204 143 187 185 125 110 162 131 91 80 81 77 89 55 74 49 58 46 49 50 47 51 50 59 54 57 56 47 48 47 44 46 46 49 40 42 45 36 54 30 36 38 32 27 30 26 25 20 16 19
103 117 173 408 522 803 822 731 695 638 429 362 101 101 200 243 448 298 178 184 182 139 198 238 118 143 151 187 116 136 173 145 166 170 121 122 155 140 160 160 153 136 108 263 236 250 194 131 130 173 135 86 88 86 77 82 56 93 96 102 111 86 60 71 69 53 68 57 58 60 58 56 55 58 57 56 51 49 47 36 35 44 35 39 36 39 45 31 38 23 21 18 19
130 115 170 369 605 1002 1112 1024 453 342 294 149 101 132 238 313 488 441 301 263 276 262 242 254 145 150 165 195 140 174 171 171 154 199 230 114 124 154 153 215 168 181 177 147 256 247 191 206 192 186 137 82 95 90 116 103 79 75 63 90 91 137 138 56 66 60 56 66 67 69 69 59 65 62 63 62 52 50 43 48 39 47 38 40 40 39 46 36 33 23 24 22 17
146 131 218 299 432 589 755 661 494 375 282 131 101 152 279 361 668 615 545 276 218 226 257 281 234 187 115 207 239 307 281 250 281 287 260 233 173 206 186 209 235 236 205 157 296 204 237 210 201 196 107 114 145 267 134 106 74 95 74 88 119 137 83 100 130 58 81 68 81 80 64 71 69 62 67 63 55 49 53 47 40 41 40 34 47 45 48 34 28 24 25 21 21
167 184 205 232 265 355 426 377 284 287 247 124 101 204 228 345 424 513 451 300 286 234 246 307 316 196 139 152 293 305 393 444 382 336 368 309 253 310 264 296 451 563 469 386 282 317 240 284 264 188 184 244 130 183 146 127 102 90 75 93 117 116 108 79 76 74 61 94 89 71 71 76 68 73 54 68 63 62 52 50 46 42 45 34 47 44 44 33 24 19 19 18 18
199 221 216 435 418 404 412 333 170 227 200 159 136 114 190 254 336 311 286 276 251 228 320 331 275 173 277 259 246 335 422 555 533 446 436 424 450 503 434 374 541 432 370 312 523 441 568 459 341 327 351 385 249 257 395 245 257 176 121 200 133 136 92 110 103 72 69 77 103 89 79 75 77 75 71 68 64 58 53 49 51 43 37 39 38 43 41 23 22 20 20 24 22
415 309 280 492 567 414 299 252 253 251 175 130 101 101 206 248 261 268 269 266 271 277 334 411 347 258 293 326 333 296 430 459 583 582 618 481 480 532 545 490 418 429 466 445 467 519 512 458 436 508 487 438 343 397 453 424 421 171 116 161 163 163 136 111 97 90 99 102 143 232 220 137 86 68 68 62 64 59 52 48 47 45 38 39 37 41 38 22 22 21 16 19 19
239 317 333 498 525 447 403 451 577 425 296 203 145 100 176 247 259 260 265 267 268 273 366 420 378 352 306 413 460 365 513 558 578 614 597 593 664 605 602 558 505 515 483 446 497 496 489 478 514 497 435 462 425 342 360 410 427 131 146 306 218 124 96 92 107 82 109 109 89 132 165 248 193 99 71 63 55 57 51 51 43 41 43 38 41 25 29 25 28 14 24 24 22
283 428 504 557 819 493 583 442 530 422 488 393 277 143 174 182 279 258 267 272 294 302 390 419 465 466 468 580 588 451 638 636 582 615 644 627 692 649 662 543 512 526 527 492 552 535 508 515 515 501 551 545 486 494 553 571 534 293 509 518 293 142 109 182 209 104 207 163 98 117 154 132 95 173 168 94 56 54 47 47 43 40 42 42 41 38 24 24 24 21 24 25 24
522 564 698 546 488 495 498 498 334 274 344 407 317 294 307 312 349 108 139 278 297 363 448 511 561 585 617 625 658 656 687 666 590 641 663 757 722 695 641 566 595 604 567 598 586 556 513 517 504 487 536 455 420 425 418 532 370 415 482 554 341 192 150 158 222 199 234 184 123 136 139 151 135 115 185 223 119 52 49 45 45 44 36 48 39 27 27 24 29 22 26 27 26
588 463 466 417 375 372 311 286 323 408 378 260 324 280 276 216 216 216 187 257 307 350 469 489 625 614 651 718 700 692 758 741 684 657 780 923 857 793 826 675 711 666 675 641 641 576 540 513 486 442 406 392 346 387 290 449 452 460 547 554 281 220 169 205 230 235 280 238 149 172 183 168 141 120 192 170 112 83 57 42 39 38 35 42 29 27 28 32 26 28 30 31 30
619 631 384 378 392 276 255 247 292 418 249 313 216 290 293 216 216 314 349 309 383 431 599 610 621 642 633 668 735 769 766 784 754 753 961 1078 1248 1071 1058 867 820 796 776 763 694 601 538 522 488 448 416 378 365 359 322 406 449 440 463 554 525 404 248 293 292 368 354 348 265 281 283 186 142 202 287 246 91 81 44 39 43 37 35 31 30 27 28 29 28 30 34 35 32
652 512 438 462 331 297 268 240 268 216 216 216 216 243 252 216 219 303 338 342 412 484 575 605 660 679 680 667 715 752 800 857 872 974 1140 1483 1606 1607 1332 1130 972 963 907 845 763 672 623 581 455 563 446 384 341 375 362 384 435 504 542 651 504 360 235 335 390 424 419 351 366 287 304 287 192 214 209 155 65 88 52 51 41 35 33 32 30 32 30 31 31 30 36 40 40
609 495 409 348 301 300 299 352 286 235 216 216 216 216 216 216 252 295 333 375 405 482 557 615 666 646 677 684 744 771 797 854 925 1074 1366 1679 1824 1623 1515 1268 1194 1125 977 882 789 675 642 725 584 539 500 388 405 391 382 409 477 588 629 443 364 349 360 457 493 555 591 714 601 503 356 359 303 173 144 157 100 61 77 78 78 42 32 31 30 28 29 30 32 38 39 40 47
722 510 390 374 371 384 361 310 259 241 219 216 216 216 216 216 271 292 323 328 418 449 539 649 634 620 764 847 793 803 855 953 1065 1410 1620 1589 1590 1659 1740 1512 1328 1221 1026 845 750 705 630 714 793 589 483 444 534 470 424 406 444 600 653 600 437 345 384 458 626 790 888 1181 958 779 545 400 268 160 122 102 77 102 98 82 67 45 34 37 37 31 33 32 34 42 43 46 48
623 388 367 351 332 311 300 257 256 238 242 216 216 252 216 216 237 259 343 337 414 428 574 582 662 631 681 786 915 909 943 1108 1421 1291 1904 1578 1607 1843 1996 1729 1417 1311 1166 1131 895 879 775 721 905 639 615 635 675 549 462 434 467 537 629 537 483 418 420 462 682 783 1013 1597 1115 937 581 469 396 272 204 96 83 94 84 52 66 46 34 35 38 35 40 57 39 43 47 47 53
471 570 380 314 291 281 271 268 269 260 216 216 216 255 257 216 263 261 316 335 417 437 537 583 591 611 624 784 970 990 996 1199 1467 1847 1783 1572 1584 1754 1955 1734 1499 1396 1379 1274 1203 918 1034 942 1004 998 793 1288 1061 749 525 608 636 568 587 506 443 409 401 448 571 837 1084 1499 1262 920 563 511 399 205 151 137 104 74 69 67 44 34 57 45 38 58 59 48 58 82 71 56 67
658 509 334 313 300 282 270 264 264 259 243 216 221 409 311 267 279 310 368 315 410 487 584 556 509 564 703 815 870 974 973 1088 1209 1459 1594 1467 1535 1612 1670 1649 1510 1448 1327 1340 1172 1157 1180 1155 1131 1257 1098 1306 1049 1054 658 792 741 729 700 558 634 508 409 518 583 703 916 1049 972 864 585 560 396 213 188 207 232 79 58 54 46 52 69 55 44 56 52 52 61 56 71 67 73
408 365 340 326 308 294 277 267 266 216 263 229 216 279 307 453 397 348 372 330 330 486 581 508 522 607 641 824 934 998 977 1109 1132 1241 1244 1337 1361 1383 1344 1331 1574 1323 1248 1276 1427 1385 1525 1553 1510 1417 1530 1410 1510 1465 892 1173 1124 900 862 763 790 571 436 528 568 607 634 749 694 655 525 482 396 264 180 106 75 61 58 62 70 109 72 44 52 56 59 60 68 62 118 99 112
407 385 352 338 315 298 285 266 261 263 269 266 256 269 216 460 482 376 456 536 474 399 497 490 553 533 658 727 826 838 933 1004 1118 1127 1236 1221 1324 1312 1300 1307 1454 1230 1211 1184 1226 1333 1480 1708 2023 1666 1654 1639 1636 1439 1565 1400 1211 915 805 760 830 683 544 589 588 565 550 539 553 507 473 446 359 234 255 295 257 158 87 79 95 65 55 48 58 47 67 67 100 95 84 115 104
437 393 363 346 323 304 283 268 254 263 268 271 270 267 267 284 301 309 340 373 393 402 498 516 505 538 611 605 734 826 848 999 1082 1210 1262 1191 1240 1215 1209 1238 1177 1170 1155 1178 1173 1264 1357 1507 1864 1678 1733 1614 1521 1371 1599 1533 1173 927 808 771 649 725 564 504 503 507 525 499 482 496 398 377 281 288 312 417 326 132 257 84 74 107 83 48 57 46 57 85 101 118 131 126 128
423 391 380 347 326 302 289 271 258 271 274 283 289 292 288 281 300 325 367 377 407 456 447 621 626 701 711 758 708 794 813 948 1045 1066 1111 1051 1075 1170 1174 1220 1277 1226 1129 1192 1248 1235 1289 1401 1469 1807 1663 1441 1727 1363 1189 1157 1027 854 824 840 614 542 508 535 486 578 485 534 424 412 346 332 294 317 283 346 424 301 461 120 134 117 305 181 62 70 140 89 108 126 145 154 189
