testing/galunggung_topography.txt
ncols         151
nrows         151
xllcorner     74160.22045357
yllcorner     9095476.9145407
cellsize      1342
NODATA_value  -9999
[rows 0 to 43 of 151, columns 0 to 95 of 151]
0 0 0 0 0 0 0 0 0 0 0 0 0 0 0 0 0 0 0 0 0 0 0 0 0 0 0 0 0 0 0 0 0 0 0 0 0 0 0 0 0 0 0 0 0 0 0 0 0 0 0 169 175 176 184 182 183 173 170 180 183 165 183 178 185 177 183 189 189 176 168 178 170 174 176 183 183 176 185 188 177 188 183 182 176 178 175 184 183 178 173 180 186 185 181 175
184 159 184 196 181 180 177 177 176 165 187 181 174 181 184 182 170 191 179 176 185 180 165 174 173 168 180 177 174 181 180 182 185 188 183 164 185 181 182 174 188 181 172 180 185 196 185 166 188 175 184 184 182 176 183 175 180 192 172 188 189 186 162 189 187 184 181 176 179 191 173 176 185 182 186 179 185 180 180 182 185 183 174 186 174 188 174 182 176 173 188 183 185 188 185 180
202 168 192 160 170 183 211 174 213 158 191 194 190 180 186 166 166 170 185 194 186 173 180 175 175 189 179 180 182 185 179 175 165 184 184 176 182 181 181 179 179 170 176 174 198 195 178 183 178 192 182 183 182 180 179 174 180 177 178 175 189 199 175 187 183 185 194 182 179 169 182 183 183 185 183 189 176 180 187 184 180 180 182 165 178 173 178 197 176 174 187 184 179 176 183 178
186 191 148 195 175 178 189 162 152 166 155 186 151 190 183 185 182 171 176 169 174 200 181 191 174 169 185 172 189 184 186 182 181 179 170 176 185 187 185 178 169 202 166 189 182 187 189 175 183 178 176 174 173 177 183 185 182 181 170 181 176 183 189 180 183 174 177 182 179 175 189 174 188 169 181 182 182 173 184 174 172 175 177 179 162 173 187 182 180 183 184 174 184 187 176 178
172 160 174 191 170 177 222 213 188 213 158 202 174 165 180 179 177 182 175 197 182 186 185 181 180 183 199 171 192 187 183 181 175 179 180 185 175 172 180 181 185 173 176 184 173 184 185 185 182 170 178 184 177 181 185 182 183 174 181 180 173 177 176 155 164 175 180 162 177 184 185 181 180 183 179 185 182 176 185 179 183 181 177 182 178 182 186 170 173 181 179 168 184 175 177 174
173 184 197 189 163 196 188 211 174 107 161 170 174 173 187 183 196 174 183 181 206 184 173 184 185 189 203 172 184 187 187 186 180 180 176 176 180 175 178 174 186 167 177 172 187 150 203 192 174 175 183 176 184 174 176 185 176 192 180 177 174 176 180 179 184 181 177 173 183 174 175 173 173 185 181 177 183 188 184 187 180 180 177 180 177 181 180 182 175 174 180 169 175 186 192 183
167 212 192 186 176 192 170 221 183 200 124 163 221 142 174 177 198 181 164 183 203 176 187 174 187 193 183 186 175 180 182 179 178 178 195 188 178 184 183 192 190 175 169 192 176 198 188 177 193 177 183 181 177 184 177 187 180 182 179 194 183 184 182 189 189 181 178 181 176 177 177 177 182 187 179 181 181 185 184 177 179 181 174 180 181 183 176 182 174 173 173 179 177 183 189 184
181 170 214 206 203 154 196 187 193 176 162 155 180 188 166 159 180 229 190 169 189 174 198 175 180 181 201 193 205 194 179 176 176 177 187 184 185 170 198 202 191 191 174 202 188 192 169 172 199 177 182 173 200 175 181 184 175 179 169 183 180 179 174 175 176 190 180 182 173 182 189 183 182 181 185 169 180 174 175 181 184 184 185 187 181 182 180 179 181 179 186 184 185 180 181 183
210 170 149 187 189 205 154 205 227 178 200 187 201 186 136 150 179 154 144 179 167 170 203 162 184 159 192 176 188 182 169 188 174 180 181 192 190 198 193 187 209 162 132 177 184 206 180 176 189 186 183 181 176 169 185 175 179 182 195 178 180 183 182 175 175 187 182 181 190 179 177 184 179 177 175 183 175 181 174 181 181 177 181 183 180 181 181 181 176 185 183 174 178 177 176 172
174 160 197 169 169 217 159 206 207 189 197 171 233 186 161 116 185 193 170 180 163 189 190 217 170 195 181 180 229 177 149 199 183 172 182 202 187 204 167 177 166 185 189 183 182 162 153 205 191 189 182 185 193 186 177 177 186 196 184 175 193 195 187 185 180 180 170 180 190 172 176 177 186 178 179 182 181 186 177 183 180 179 182 181 175 183 175 170 174 186 174 179 175 183 193 174
186 189 152 180 145 173 168 202 185 151 128 187 226 206 157 194 218 204 195 177 177 194 175 201 191 218 186 161 181 151 206 166 180 192 189 138 167 193 188 200 196 163 159 194 207 194 173 199 162 209 162 176 192 173 165 163 195 173 194 179 181 164 176 168 183 183 185 173 182 180 182 168 182 187 175 177 169 188 184 184 196 173 196 183 181 180 179 180 179 175 179 184 175 184 188 185
196 152 219 189 164 136 211 143 179 190 164 208 177 137 178 168 174 131 179 170 205 179 163 144 204 167 179 168 216 128 195 227 182 199 181 192 162 193 191 206 176 170 190 177 183 188 184 197 199 186 170 175 195 176 190 170 191 179 184 180 184 181 187 176 181 188 180 192 172 176 182 170 177 185 183 186 177 176 184 177 183 179 181 176 185 164 177 176 174 184 190 180 181 179 174 179
159 185 139 190 146 192 211 184 204 207 192 174 189 187 71 114 152 183 186 146 217 183 141 176 194 152 164 176 166 175 148 177 157 165 175 166 194 177 191 188 143 189 160 186 204 221 166 199 185 186 182 177 158 195 189 193 168 193 172 183 175 180 167 189 181 176 179 173 186 178 182 167 196 181 174 180 177 174 183 184 196 174 191 184 189 178 179 182 183 184 179 191 181 175 180 200
140 188 183 170 182 196 197 197 224 213 119 174 194 180 153 180 145 166 158 189 148 179 171 190 172 179 174 190 175 173 179 200 182 184 186 200 195 188 170 164 180 173 194 156 181 164 146 190 168 174 186 185 187 177 183 172 187 179 156 176 183 194 187 183 162 167 180 182 184 159 175 176 182 184 172 184 179 190 185 182 186 170 179 181 181 181 178 181 177 182 181 181 181 177 173 174
201 140 201 212 171 189 182 203 216 157 111 182 221 183 180 180 180 179 99 88 167 182 172 213 191 183 170 168 181 174 195 200 196 140 193 196 190 186 154 189 188 140 183 184 192 144 182 206 173 173 191 206 182 172 184 174 182 189 201 175 195 189 184 204 176 180 181 173 164 179 185 180 170 170 182 176 197 182 177 183 197 175 183 181 174 180 184 184 172 177 196 179 176 182 179 176
225 152 161 173 170 192 193 157 227 208 241 68 109 0 180 180 180 180 180 176 145 192 184 187 197 166 158 197 151 105 239 190 199 170 205 145 195 217 173 160 194 170 175 190 177 176 136 179 183 177 202 180 191 201 194 193 210 177 175 165 172 180 164 176 183 189 188 149 180 169 176 173 180 182 191 186 167 173 176 185 181 183 183 176 182 175 152 193 172 177 170 182 171 184 181 181
165 200 206 70 153 190 187 226 244 243 0 20 180 180 180 180 180 180 180 181 12 110 105 247 189 189 152 209 107 215 74 41 187 166 196 214 143 194 224 239 161 173 145 178 177 184 151 180 182 173 170 171 182 168 189 181 186 191 192 185 187 188 134 169 194 177 183 189 184 188 173 185 171 181 156 181 163 184 180 182 183 172 187 176 174 188 180 185 182 179 175 188 174 180 187 193
128 224 248 93 102 86 35 149 51 30 76 163 180 180 210 247 180 180 180 179 138 184 168 165 182 182 176 205 177 203 180 65 76 192 190 226 186 182 234 182 106 158 169 199 187 154 157 199 189 187 205 187 178 185 190 192 187 173 188 199 162 187 192 179 179 168 182 169 171 178 182 186 174 178 176 183 181 180 177 186 184 154 189 185 174 185 183 177 175 176 183 180 172 184 173 183
194 223 217 160 109 137 228 155 247 116 211 250 180 178 214 230 92 193 208 0 181 184 171 191 182 188 220 179 128 187 205 139 202 184 142 231 125 202 84 126 138 180 111 162 238 212 203 135 180 172 181 176 208 172 141 177 184 218 158 165 181 160 185 195 180 173 162 184 173 185 183 193 184 188 183 170 187 173 189 163 182 168 189 182 177 187 179 173 177 174 178 175 177 176 172 156
195 209 249 236 235 0 233 234 5 87 244 130 180 222 224 224 67 78 246 175 178 180 172 235 181 160 199 154 204 226 198 195 106 234 182 213 81 195 101 149 184 184 229 181 223 202 193 182 196 216 176 169 158 182 240 147 171 184 227 184 181 187 176 158 178 183 194 189 166 187 180 180 188 207 169 176 179 178 177 183 163 151 185 175 182 178 190 177 183 183 181 181 172 176 170 176
186 77 80 252 235 166 0 250 0 182 251 101 180 224 241 184 156 227 164 235 234 137 212 165 166 199 194 61 222 179 213 149 247 144 204 167 222 196 181 121 152 176 217 194 189 128 124 233 201 163 179 189 129 126 165 196 152 220 184 161 173 204 185 185 174 154 183 180 178 171 171 169 168 190 174 182 185 176 173 180 140 172 181 165 185 155 177 183 181 180 186 168 180 183 187 176
192 164 211 215 206 1 23 0 76 140 67 144 180 206 243 237 0 235 250 151 206 177 194 67 176 151 181 183 215 94 240 195 217 225 84 179 182 198 242 219 221 220 123 203 131 175 198 144 191 195 48 182 214 157 169 201 194 193 204 167 242 187 100 149 154 127 186 186 190 152 202 192 191 170 186 190 199 170 182 177 183 175 188 181 174 172 185 167 173 171 184 193 174 189 187 182
179 207 204 212 111 231 0 34 101 213 78 98 170 149 194 235 64 155 66 172 180 151 178 137 133 197 172 179 216 178 213 238 205 164 196 90 181 176 174 231 184 216 115 235 47 198 214 227 185 168 203 203 238 143 149 132 169 142 151 182 234 221 224 190 157 179 207 175 175 181 175 174 190 200 190 160 151 187 173 183 167 186 182 183 186 184 170 175 176 184 150 191 182 175 175 179
178 205 210 134 199 232 76 65 15 92 176 142 253 186 222 108 137 18 128 105 26 195 193 201 146 160 227 153 204 205 206 244 194 205 189 104 230 95 235 218 214 48 117 191 138 156 208 175 201 219 213 20 112 96 138 150 199 178 181 254 152 169 152 192 200 182 170 188 195 193 179 165 176 170 162 173 180 153 177 181 182 190 179 185 182 180 154 175 177 183 182 176 180 181 176 185
165 199 248 173 230 230 73 76 0 136 168 205 180 181 154 115 46 113 25 176 166 198 172 181 137 208 218 180 202 196 179 163 203 223 110 210 108 154 150 212 105 254 251 236 133 169 242 171 215 254 207 220 221 237 105 246 184 114 235 212 142 154 175 162 155 152 184 209 151 183 160 195 182 171 190 184 192 182 194 178 175 184 184 177 177 198 165 181 172 180 177 154 164 169 182 174
25 144 212 172 59 50 62 223 214 229 182 76 179 172 148 145 179 164 192 184 140 242 145 112 182 245 149 223 169 203 209 162 179 73 225 188 222 176 230 147 190 175 253 78 81 111 169 188 84 113 241 200 235 150 241 206 151 153 190 160 211 163 198 141 144 198 176 201 169 183 201 172 163 180 174 164 174 180 177 181 174 163 184 175 180 161 176 183 185 195 175 182 184 184 183 170
214 204 212 208 172 221 236 242 88 119 212 204 126 226 187 182 192 188 176 176 181 165 66 101 178 201 159 237 119 246 228 132 196 171 151 207 227 235 212 223 242 133 215 165 155 176 221 191 224 173 208 114 221 120 121 187 64 239 249 144 151 151 184 177 179 202 212 181 191 176 118 181 124 188 186 181 177 183 176 190 169 181 199 181 169 153 188 177 181 182 178 173 175 177 185 176
246 225 237 169 113 249 82 21 108 169 173 252 210 121 171 181 192 189 183 183 181 152 219 212 232 185 175 194 197 236 233 96 175 172 193 231 199 202 89 113 195 180 103 182 204 166 190 184 149 162 25 115 155 152 213 110 1 252 218 168 64 100 205 154 190 233 216 215 172 158 131 200 241 246 190 169 177 172 182 179 182 190 178 178 202 182 180 182 182 179 182 182 180 179 192 183
90 0 246 93 0 105 90 188 209 144 221 241 175 150 186 230 178 201 160 209 192 201 179 228 222 152 200 186 203 223 230 170 68 196 234 92 223 199 170 52 221 185 114 212 182 174 166 175 166 224 46 126 139 114 23 165 67 251 119 9 88 218 120 158 198 233 196 143 230 150 170 135 199 223 101 217 168 182 184 180 185 174 185 174 178 168 180 204 181 192 180 181 162 189 183 173
153 138 245 125 93 149 141 144 169 237 167 251 199 183 175 180 180 0 201 187 32 217 215 135 155 196 205 243 225 171 149 192 143 238 214 234 206 148 156 207 220 209 224 192 124 189 160 170 167 159 117 160 219 223 133 227 77 75 155 170 233 227 233 231 222 178 197 103 190 226 209 220 112 216 166 102 99 179 145 183 177 172 183 170 183 179 175 182 179 187 189 187 183 183 178 182
118 81 139 104 95 72 121 164 58 147 22 180 185 138 137 180 176 187 205 227 206 244 158 209 188 187 164 130 211 203 189 205 218 232 249 44 179 230 151 229 168 207 143 156 88 194 130 166 177 245 170 187 249 27 204 173 211 143 244 211 195 136 221 215 223 204 198 196 250 158 190 87 231 213 82 211 184 172 187 190 181 173 174 178 182 183 183 182 176 177 181 173 182 186 183 187
51 69 176 148 173 181 170 156 180 134 180 189 170 65 77 180 207 169 24 199 233 241 167 176 181 159 143 177 200 212 225 213 252 225 194 210 225 164 225 172 221 170 206 169 116 136 153 213 211 199 162 188 129 225 172 193 54 231 180 28 128 91 204 214 209 162 192 233 176 183 195 93 184 73 64 146 212 180 188 179 185 191 175 182 179 175 171 189 187 189 185 178 180 184 193 188
196 182 196 185 185 229 241 40 163 180 180 180 180 179 180 196 205 162 153 186 182 216 161 163 105 185 244 144 208 200 181 224 143 191 249 0 3 0 214 193 177 154 164 171 73 121 204 61 39 250 113 227 198 206 211 186 18 121 56 233 128 225 226 224 250 243 213 216 227 167 189 184 151 250 175 110 180 212 197 157 186 174 177 184 181 180 177 185 180 176 190 189 188 175 203 208
159 132 148 158 135 126 155 105 228 141 163 180 180 180 180 161 207 141 210 190 209 126 135 201 147 181 213 240 209 181 141 251 224 180 227 203 206 253 198 111 128 157 193 156 158 242 179 241 40 26 57 131 183 233 176 174 164 223 135 120 211 207 213 245 205 221 206 140 178 0 153 66 178 207 202 187 183 198 209 156 191 169 194 182 178 192 183 184 185 184 185 181 181 190 182 192
11 129 130 118 157 176 170 159 185 154 164 180 144 180 180 179 71 186 200 163 109 231 98 218 138 200 245 236 236 199 237 81 223 115 120 214 72 219 131 41 191 116 250 225 242 252 117 196 0 138 242 40 240 216 175 235 153 156 54 102 143 224 218 222 198 244 247 73 0 79 195 139 183 138 106 198 196 131 186 168 139 213 175 179 185 206 206 182 177 182 190 172 190 187 189 182
222 138 47 148 182 184 188 177 182 180 180 180 204 136 203 167 181 153 189 204 199 217 224 122 60 235 25 192 175 132 251 220 0 192 144 175 209 144 0 92 107 234 144 194 1 205 241 249 253 167 205 0 236 127 254 185 91 219 80 155 166 206 168 121 185 240 130 0 11 29 126 95 57 157 162 222 149 160 210 160 152 176 176 191 182 176 168 178 174 156 180 187 183 177 181 180
0 165 168 170 176 181 168 177 193 181 165 178 247 164 55 166 50 240 231 226 235 79 96 123 225 198 201 252 240 252 240 145 209 0 1 1 133 81 145 156 109 125 58 0 202 238 233 57 227 40 250 0 240 183 218 228 242 105 80 212 105 138 247 123 182 90 152 83 177 149 190 107 11 87 186 132 131 175 188 179 154 175 167 177 190 168 182 178 167 218 220 196 195 192 190 189
154 171 182 180 190 190 180 165 195 183 175 197 103 165 113 101 171 233 213 220 242 125 159 206 209 92 204 213 42 186 240 232 186 213 246 206 142 81 73 154 143 161 180 143 126 143 105 254 209 188 244 81 245 35 84 240 119 164 146 71 0 207 111 159 203 118 214 84 181 147 167 213 73 57 137 154 157 214 188 196 224 211 116 188 177 173 183 186 172 201 215 191 175 192 189 187
180 172 175 180 174 153 163 177 154 185 174 192 175 205 208 14 150 14 0 213 97 12 47 228 160 122 216 79 254 241 251 149 150 242 191 112 133 154 77 249 63 230 187 60 223 27 76 218 147 208 246 103 80 242 171 0 50 57 109 126 94 80 93 180 111 132 148 106 123 73 143 141 65 239 222 143 150 170 182 151 167 209 175 188 174 135 212 185 192 128 188 181 180 183 232 190
157 171 174 179 172 176 181 167 181 180 181 187 195 186 182 24 197 215 180 210 36 1 190 169 137 144 174 126 204 148 87 43 254 168 75 130 174 165 169 169 184 166 241 0 95 108 213 95 0 57 108 92 143 241 12 1 224 134 21 154 69 92 157 120 160 83 170 189 177 161 110 82 89 210 187 150 95 227 102 230 203 182 182 181 220 166 189 192 127 181 181 190 170 202 176 196
174 164 180 180 177 180 162 238 180 178 176 212 173 196 41 185 185 175 198 197 178 187 223 109 230 128 167 186 185 145 211 156 101 151 230 132 141 136 0 176 181 80 192 240 102 247 61 131 246 0 43 147 0 115 70 5 78 178 173 0 125 153 168 160 189 147 236 79 175 136 163 172 143 201 175 136 104 45 198 213 206 242 180 249 179 210 209 164 184 188 193 197 214 200 243 128
164 170 175 153 198 198 185 174 191 180 182 175 187 174 209 104 229 213 191 124 207 179 243 240 252 69 183 165 190 173 123 172 204 167 101 159 148 198 139 115 0 0 104 227 85 172 144 220 48 154 39 49 145 98 80 97 125 48 142 246 0 70 181 184 177 182 71 105 129 134 221 251 181 177 178 198 246 83 227 147 122 234 172 210 79 168 22 175 188 193 201 209 208 206 216 111
212 179 187 173 174 153 184 199 197 197 182 185 180 180 92 197 96 192 210 246 240 22 138 145 146 59 165 172 187 187 178 194 186 200 191 155 129 225 20 114 28 60 177 50 87 89 11 90 99 154 67 106 108 122 189 182 151 74 87 181 196 179 237 84 182 179 82 113 253 211 197 194 189 192 186 127 13 118 209 65 178 151 207 141 165 197 169 119 141 191 215 210 230 207 161 177
157 172 191 185 139 168 88 186 162 180 188 226 92 151 183 231 232 237 234 210 224 231 233 70 157 230 161 148 179 180 198 183 177 179 203 220 162 110 252 46 89 81 75 91 38 191 119 252 239 54 38 202 135 185 156 138 160 120 164 92 249 119 216 31 160 134 224 130 138 126 188 229 198 184 247 125 116 225 188 182 201 206 8 170 245 154 110 232 140 150 216 168 224 201 191 207
