testing/galunggung_topography.txt
ncols         115
nrows         112
xllcorner     121639.01841475
yllcorner     9138292.4400407
cellsize      1000
NODATA_value  -9999
[rows 41 to 81 of 112, columns 0 to 91 of 115]
1346 1521 1696 1911 2154 2209 2273 1997 1710 1598 1534 1239 1187 1119 1196 1436 1660 1776 1533 1656 1570 1531 1473 1485 1523 1736 1720 1814 1997 2164 1950 1669 1680 1135 918 813 828 863 736 729 639 659 660 660 662 672 682 705 758 764 873 890 1042 1175 1186 1379 1325 1308 1054 772 661 486 484 486 494 486 465 457 456 459 480 529 609 682 680 748 749 710 703 683 648 546 505 456 432 416 421 483 493 530 474 470
1401 1522 1751 1950 2073 2161 2194 2078 1853 1667 1513 1281 1223 1210 1139 1271 1542 1568 1492 1581 1593 1502 1489 1477 1472 1597 1629 1703 1959 1849 2024 1435 1328 1109 1097 807 720 711 733 694 685 687 681 688 676 698 713 727 770 787 858 895 915 1011 1089 1227 1474 1355 1095 775 668 544 524 514 488 485 473 468 469 463 710 795 832 924 868 913 918 879 760 704 734 534 514 482 435 423 399 443 465 506 468 475
1462 1474 1521 1839 1873 2006 2002 2058 1803 1695 1596 1364 1351 1347 1301 1488 1650 1605 1774 1511 1544 1384 1405 1418 1412 1481 1508 1625 1381 1374 1352 1087 962 808 759 753 741 745 707 688 688 696 696 680 694 714 734 762 782 793 897 945 1023 1152 1195 1374 1430 1251 1058 800 736 569 539 534 507 482 478 468 456 498 717 983 1135 1148 1039 979 1043 1097 864 852 788 564 587 513 439 418 411 436 423 428 445 449
1436 1464 1509 1737 1693 1897 1882 1965 2027 1782 1684 1436 1413 1268 1361 1442 1669 1907 1713 1561 1539 1499 1269 1327 1362 1390 1519 1505 1339 1307 1254 978 883 781 744 727 710 713 719 693 687 687 684 688 704 731 748 772 820 855 936 1064 1102 1227 1306 1394 1240 1122 986 805 706 670 599 567 524 495 475 470 455 491 889 1103 1241 1305 1349 1353 1340 1383 1120 1144 942 700 616 578 495 477 430 375 374 364 416 448
1439 1455 1496 1599 1644 1767 1814 1880 2010 1751 1625 1477 1380 1286 1406 1467 1668 1779 1786 1466 1520 1457 1313 1180 1323 1300 1298 1153 1261 1284 1018 854 806 761 742 716 702 687 686 693 697 699 707 717 733 781 807 844 911 949 1143 1224 1352 1517 1708 1607 1300 1249 1132 851 806 777 667 630 554 509 497 466 452 537 915 1144 1131 1413 1479 1564 1593 1570 1244 1275 922 725 682 618 478 456 422 383 394 378 382 443
1440 1459 1492 1521 1550 1656 1957 1750 1747 1679 1536 1486 1445 1459 1497 1558 1740 1600 1531 1557 1427 1333 1236 1209 1120 1084 1143 1046 997 972 920 815 781 766 744 724 698 700 695 698 712 716 730 739 739 794 832 870 944 1004 1101 1258 1377 1603 1653 1746 1371 1191 1022 879 823 796 685 639 568 533 506 467 457 470 669 793 1027 1429 1616 1533 1467 1574 1523 1270 1233 941 783 653 507 433 418 380 393 379 380 426
1476 1494 1511 1535 1576 1649 1984 1819 1572 1538 1521 1509 1513 1503 1634 1667 1843 1650 1548 1638 1435 1339 1170 1115 1123 1032 1042 999 965 935 941 830 781 774 750 721 704 704 691 708 725 738 754 772 788 787 841 885 980 1024 1146 1255 1360 1644 1728 1773 1525 1219 1119 873 821 826 686 662 584 549 517 473 454 472 689 798 874 1139 1493 1217 1328 1144 1002 1006 894 1090 845 710 536 497 448 353 316 313 366 409
1486 1544 1528 1542 1585 1631 1869 1949 1579 1562 1546 1526 1567 1607 1776 1875 1894 1665 1554 1513 1437 1373 1204 1096 1119 1006 988 971 954 918 893 867 823 797 740 703 719 715 723 750 771 783 805 861 888 983 926 965 1031 1085 1281 1366 1582 1789 1781 1652 1429 1255 1101 891 852 795 702 669 573 536 516 474 466 466 603 731 968 1289 1114 1024 1308 1268 876 840 817 920 734 695 540 494 452 349 290 290 410 446
1525 1516 1529 1555 1593 1707 1888 1730 1636 1603 1618 1726 1794 1885 2229 2137 2022 1768 1672 1588 1401 1306 1185 1129 1114 1038 964 954 947 914 885 849 825 798 734 711 716 726 739 781 834 863 905 868 988 1046 1043 1034 1060 1124 1304 1404 1622 1843 1781 1762 1531 1240 1079 923 869 802 737 664 560 535 509 472 450 460 619 739 905 929 853 878 1393 1259 963 767 757 834 721 605 595 515 468 376 339 273 366 405
1480 1488 1511 1552 1557 1703 1906 1691 1623 1628 1652 1790 1919 2030 2304 2156 2114 1879 1753 1624 1395 1267 1173 1140 1096 1005 981 960 922 911 890 860 834 794 763 722 725 743 747 816 824 935 967 980 1012 1155 1049 1055 1072 1141 1258 1402 1641 2056 2004 1858 1317 1115 973 789 748 776 726 665 513 485 488 449 435 449 598 704 621 1043 1153 1122 1189 993 886 859 633 672 602 551 486 444 387 294 277 305 237 277
1448 1511 1495 1501 1488 1585 1685 1652 1623 1634 1676 1813 1980 2113 2364 2193 2117 2024 1846 1702 1397 1294 1160 1119 1077 1000 960 938 907 907 871 859 840 825 780 782 761 766 812 836 909 965 1051 1095 1318 1268 1345 1272 1186 1102 1211 1334 1503 1980 1941 1777 1303 1103 998 832 784 705 678 666 506 490 474 440 428 489 598 613 693 806 888 1026 886 971 951 750 627 586 582 512 449 438 388 318 309 287 228 283
1411 1503 1523 1483 1492 1540 1733 1639 1628 1634 1692 1869 2057 2184 2567 2318 2190 2055 1913 1765 1452 1312 1177 1139 1097 1007 965 949 911 890 873 849 830 825 806 772 820 793 810 898 929 971 1126 1221 1472 1408 1598 1471 1252 1065 1079 1306 1504 2118 1754 1669 1276 1105 937 823 780 712 636 614 550 487 469 441 432 490 596 530 661 735 943 986 826 797 760 738 605 557 559 523 436 419 398 345 296 294 270 229
1395 1461 1551 1534 1525 1561 1637 1635 1626 1651 1709 1856 2037 2051 2367 2342 2304 2145 1964 1779 1472 1370 1284 1139 1075 1007 965 954 930 917 899 862 856 848 806 890 891 783 839 906 973 1034 1218 1336 1371 1444 1537 1286 1159 1078 1005 1249 1401 1730 1236 1144 922 853 760 726 628 597 579 551 541 475 454 416 432 441 472 501 543 743 772 681 728 712 561 573 522 477 466 444 383 360 307 282 316 303 199 196
1459 1425 1513 1558 1561 1587 1583 1591 1617 1662 1688 1821 1813 1936 2165 2106 2196 2187 2029 1991 1469 1348 1253 1109 1092 1016 985 968 948 973 968 957 931 953 874 871 884 852 914 1007 1065 1119 1447 1606 1684 1542 1352 1248 1020 1030 946 1124 1234 1391 1577 1325 867 767 723 650 588 577 522 521 509 476 454 423 415 426 445 502 485 587 626 546 582 626 605 463 431 428 431 391 347 344 300 309 301 295 264 211
1588 1595 1619 1651 1598 1712 1610 1612 1636 1682 1737 1764 1792 1864 1963 2083 2060 2222 2200 1848 1502 1351 1254 1139 1102 1021 982 982 1012 1021 1045 1011 1024 1003 941 913 910 937 895 1015 1095 1159 1395 1550 1692 1484 1332 1231 981 875 877 994 1060 1195 1274 1268 1014 727 675 595 569 547 503 493 484 478 453 419 402 417 473 410 419 532 555 525 528 530 521 425 401 393 386 356 322 299 285 203 236 212 198 189
1595 1668 1730 1613 1694 1679 1683 1672 1655 1704 1729 1734 1778 1796 1985 1987 2107 2089 2214 1965 1462 1356 1284 1165 1110 1022 1036 1057 1122 1142 1140 1125 1094 1073 991 972 1014 963 980 1016 1092 1081 1225 1325 1333 1165 1139 1094 895 846 797 772 840 853 896 851 811 742 719 557 531 520 496 485 474 449 439 419 400 383 376 370 367 411 421 445 421 469 416 419 359 349 351 334 312 312 277 201 172 190 195 191
1614 1726 1775 1652 1811 1911 1839 1797 1743 1652 1663 1707 1761 1826 1975 2100 2231 2357 1930 1686 1506 1412 1348 1206 1167 1071 1112 1155 1296 1356 1424 1409 1433 1313 1193 1138 1086 980 959 984 1011 1124 1152 1201 1211 1079 1086 960 859 814 789 682 750 760 776 757 721 687 634 540 520 505 486 479 472 478 445 425 408 392 364 360 354 354 379 354 409 389 370 377 363 321 345 348 309 274 242 195 179 156 173 176
1434 1575 1714 1769 1796 1925 1972 1838 1765 1657 1630 1736 1781 1838 2049 2051 2204 2145 1893 1806 1573 1466 1371 1207 1157 1138 1274 1253 1393 1449 1588 1542 1601 1411 1294 1198 1111 991 957 965 1158 1044 1063 1112 1141 1016 989 975 801 801 704 677 692 710 689 679 643 616 577 522 511 496 474 470 469 457 434 411 396 388 369 357 347 341 335 332 318 312 315 353 364 283 276 265 229 219 198 187 183 159 164 145
1535 1652 1710 1845 1871 1921 1877 1879 1874 1700 1580 1715 1741 1864 1996 2167 2220 2069 1963 1860 1554 1442 1392 1234 1209 1143 1255 1361 1507 1625 1785 1820 1814 1678 1406 1258 1205 1062 1001 901 889 918 919 959 937 873 872 792 763 728 719 605 583 591 582 561 540 540 524 483 484 470 457 453 455 424 416 397 386 379 361 348 348 319 307 326 304 323 293 320 299 270 272 258 247 218 204 190 170 162 151 161
1600 1619 1707 1651 1680 1625 1635 1662 1715 1685 1636 1632 1734 1809 2143 2419 2455 2206 2300 2002 1612 1487 1413 1287 1245 1214 1285 1377 1574 1781 2101 2631 2314 1964 1559 1335 1213 1053 989 954 844 873 903 925 882 887 792 799 697 725 686 598 573 565 547 538 512 510 510 475 466 461 451 447 442 440 426 385 379 371 358 352 349 339 323 295 269 315 310 296 286 259 257 250 226 210 191 167 165 152 155 145
1579 1550 1592 1570 1562 1512 1506 1714 1668 1463 1584 1472 1719 1853 2295 2603 2515 2594 2325 1996 1626 1483 1407 1302 1239 1178 1303 1393 1666 1864 2161 2507 2382 2187 1483 1358 1279 1094 1036 996 843 840 890 882 830 791 774 738 664 673 662 592 588 551 528 513 487 487 491 458 459 446 445 438 440 432 438 417 377 369 358 351 344 335 331 330 315 268 252 235 253 215 248 241 226 219 208 192 180 175 151 140
1460 1518 1467 1567 1513 1415 1382 1644 1770 1472 1437 1523 1643 1810 2346 2342 2521 2303 2083 1888 1607 1482 1375 1280 1212 1212 1307 1375 1576 1699 1863 2049 1918 1804 1516 1416 1349 1122 1042 945 848 838 777 807 762 695 735 708 664 614 634 596 567 520 490 484 466 453 458 440 423 420 431 418 417 410 401 395 387 371 352 349 346 335 329 319 307 307 284 263 281 220 195 256 215 213 206 196 194 182 173 160
1351 1443 1401 1426 1535 1467 1200 1399 1529 1257 1383 1381 1530 1616 1849 2015 1952 1821 1744 1655 1489 1384 1320 1239 1220 1232 1295 1345 1520 1635 1736 1823 1793 1690 1463 1377 1288 1125 1052 997 1002 893 775 715 775 689 692 659 627 608 579 576 540 516 472 464 450 447 438 430 412 413 409 412 405 412 393 391 378 363 351 354 356 346 336 329 323 311 310 281 286 275 261 184 233 224 212 202 174 191 181 157
1375 1297 1470 1525 1383 1295 1251 1317 1449 1257 1298 1318 1439 1479 1645 1760 1769 1666 1585 1566 1421 1350 1301 1244 1216 1245 1267 1333 1486 1561 1617 1680 1596 1615 1461 1390 1266 1070 1032 1046 912 888 770 723 739 705 650 656 609 597 535 545 533 531 460 443 436 433 428 405 401 397 385 381 382 377 386 377 363 354 356 362 360 344 340 338 337 320 309 307 288 285 268 266 259 247 232 196 135 202 146 171
1252 1303 1372 1513 1263 1147 1294 1262 1311 1228 1232 1258 1218 1347 1460 1554 1555 1536 1479 1447 1349 1307 1291 1293 1275 1256 1265 1273 1340 1393 1452 1432 1473 1208 1384 1341 1342 1358 1266 1103 983 883 826 780 822 674 644 656 620 603 587 555 531 506 459 476 414 426 407 407 380 391 383 360 369 362 374 369 358 346 350 359 356 347 371 355 343 330 336 293 298 285 264 255 268 246 259 236 225 211 189 177
1291 1173 1300 1378 1218 1005 1030 1050 1125 1282 1187 1129 1073 1132 1203 1246 1290 1314 1323 1338 1344 1329 1290 1297 1333 1365 1283 1279 1299 1417 1400 1352 1272 1170 1390 1405 1480 1373 1252 1075 905 864 757 700 681 618 606 599 619 560 586 548 517 504 480 469 437 418 406 387 387 367 375 359 354 347 359 355 343 330 347 346 346 350 363 352 353 347 339 321 307 299 253 248 260 247 197 231 212 178 207 149
1207 1077 1266 1315 1246 1172 1010 1074 1061 1186 1229 1129 881 1010 1176 1136 1195 1275 1278 1303 1421 1391 1376 1449 1314 1438 1348 1289 1329 1353 1356 1297 1099 1097 1238 1226 1414 1247 1183 1250 991 1046 888 826 739 727 693 672 604 591 546 536 530 524 497 476 461 441 437 418 393 389 332 348 329 315 314 321 304 319 341 342 370 371 379 357 342 340 323 289 306 320 289 277 239 288 291 266 265 240 207 215
-9999 1083 1332 1195 1216 965 1075 1098 931 1195 1171 1059 831 1020 942 942 1040 1120 1152 1293 1532 1574 1535 1551 1573 1519 1453 1413 1375 1317 1425 1149 987 926 910 973 1036 986 1136 1158 1188 1106 1043 853 838 842 762 710 597 607 622 518 517 500 445 472 477 386 393 377 382 397 381 371 359 320 290 280 302 338 365 377 373 380 368 391 350 367 371 358 310 338 308 321 265 311 296 292 285 239 221 221
-9999 1285 1261 992 1034 954 892 1149 1087 934 904 930 839 901 838 952 886 1221 1169 1292 1483 1595 1646 1654 1570 1679 1620 1464 1335 1303 1325 1048 901 882 828 880 895 931 946 1062 1407 1207 1051 890 823 705 691 781 726 739 672 647 585 559 464 469 436 412 414 418 382 389 390 375 355 328 337 268 357 358 386 393 394 387 397 407 388 363 374 392 379 402 381 312 271 295 292 308 228 260 226 204
-9999 1290 1121 853 893 834 795 1049 900 696 784 702 726 799 765 905 847 1084 1227 1286 1462 1639 1617 1777 1696 1672 1604 1526 1436 1355 1323 1163 1007 896 813 805 832 839 951 1035 1191 1112 990 876 838 675 661 630 609 675 763 644 635 556 472 499 446 451 413 365 339 311 320 324 350 318 293 273 306 307 275 358 382 434 433 421 424 358 366 416 485 546 597 420 405 339 322 279 300 300 301 195
-9999 1051 977 734 730 709 825 983 1028 685 660 500 541 598 724 899 987 1096 1168 1190 1263 1211 1320 1390 1531 1480 1444 1330 1256 1051 1075 870 861 893 971 856 742 774 804 876 1015 1251 1188 977 970 769 745 691 519 610 616 636 615 592 493 493 486 503 480 352 362 325 338 291 287 381 297 254 288 267 269 331 346 401 434 425 403 362 382 398 462 533 457 492 536 425 457 357 332 302 204 278
-9999 704 653 586 585 525 800 828 758 717 693 529 549 710 821 946 921 993 1003 1094 1195 1099 1131 1425 1524 1354 1212 1244 1276 1115 950 920 829 758 816 869 764 714 755 827 1071 1255 1160 1043 980 794 777 698 550 523 493 621 589 573 493 463 440 498 509 405 363 398 345 370 347 284 283 272 262 301 334 354 349 383 400 416 432 409 427 508 618 631 753 624 486 449 527 353 364 381 372 283
-9999 571 550 517 483 540 796 737 712 635 603 523 602 751 825 835 782 1025 1039 1097 1031 1103 977 1446 1533 1328 1154 1195 1189 1201 993 1044 957 815 729 815 714 801 861 881 1049 1055 1048 969 936 773 724 628 557 487 595 417 441 540 445 382 368 439 513 478 438 413 349 377 371 383 357 237 234 283 306 294 291 423 425 418 397 403 462 584 677 783 966 690 597 546 467 406 532 503 272 226
-9999 525 491 416 490 592 938 859 738 414 501 335 642 575 715 625 699 866 911 928 821 959 1090 1280 1421 1327 1258 1027 1070 1140 1127 885 905 879 722 656 655 743 739 875 929 991 942 924 938 776 753 717 648 531 416 487 383 453 434 358 392 437 503 392 401 403 341 355 373 426 331 271 239 232 289 361 397 387 408 417 412 426 445 507 603 809 770 823 662 514 501 467 507 551 313 274
-9999 510 466 418 388 520 740 810 590 482 335 316 563 463 602 693 742 770 771 806 861 1116 1147 1320 1335 1415 1062 1050 1076 1177 1054 940 796 780 760 678 723 685 747 758 847 984 933 895 874 823 797 807 653 594 517 415 417 334 305 300 309 376 340 363 329 308 258 340 449 429 383 279 207 182 244 285 311 321 325 302 333 333 382 537 570 532 623 808 886 715 683 389 430 423 558 535
-9999 499 473 416 391 437 597 711 583 434 320 408 366 361 438 514 563 592 610 663 828 1162 1355 1128 1188 1385 1123 999 1064 1163 1139 1149 950 795 780 713 656 715 663 645 792 904 925 921 897 882 873 860 782 749 551 495 410 420 465 504 473 362 252 329 369 360 326 270 423 361 308 234 193 215 284 358 370 362 394 348 428 433 429 544 631 576 705 730 782 786 486 510 547 589 722 581
-9999 410 385 371 298 513 438 507 317 279 299 372 521 612 742 902 954 957 970 948 1129 1207 1149 1017 1002 1225 1112 1111 1037 1030 1076 1124 1114 896 817 763 720 683 634 625 855 896 900 858 882 858 893 801 844 849 677 634 468 420 563 545 447 386 324 227 300 342 252 239 278 392 362 309 280 191 296 426 449 433 492 437 500 493 541 670 712 738 819 722 901 638 551 614 569 620 740 747
-9999 393 348 297 291 381 349 233 211 249 389 406 611 755 906 925 997 964 904 923 1035 1146 1089 962 967 1128 1182 1090 982 935 1032 1078 1152 1018 768 775 659 624 576 611 764 787 841 831 932 839 906 848 828 844 782 787 674 511 661 597 534 384 344 242 192 246 260 327 251 275 354 313 156 278 286 379 386 423 567 495 540 546 512 502 621 634 837 795 934 728 709 885 747 660 669 532
-9999 427 280 266 338 469 361 196 247 346 482 477 575 748 867 926 948 764 766 821 918 1001 970 829 895 1019 1286 1112 990 1017 774 799 972 1085 1019 860 707 588 585 555 712 909 836 691 682 701 752 774 726 771 812 829 747 705 682 695 538 439 368 299 246 196 203 181 190 262 281 296 162 220 250 275 359 360 477 475 451 459 414 514 555 506 625 788 936 960 989 819 732 686 626 521
-9999 336 203 205 252 211 160 247 413 454 556 549 707 763 715 521 655 732 636 704 968 948 919 840 1079 993 1118 1071 901 737 697 751 782 932 1125 897 773 640 601 583 752 846 898 777 762 676 717 842 737 631 721 810 698 725 597 572 622 481 378 356 287 242 215 180 180 196 237 240 174 158 256 299 340 351 537 440 387 398 393 433 481 445 572 748 909 884 906 808 631 564 546 525
-9999 192 139 243 234 151 181 345 426 529 658 683 617 735 618 574 713 654 558 675 892 793 761 969 1050 875 808 877 826 643 609 691 698 807 1105 1103 1033 704 649 528 874 786 867 848 859 804 693 792 822 751 586 748 689 555 441 457 529 615 631 602 463 467 321 311 259 215 230 145 161 179 262 396 423 443 414 468 340 293 381 350 314 359 483 618 770 741 658 747 682 616 432 506
