testing/guntur_topography.txt
ncols         151
nrows         151
xllcorner     804846
yllcorner     9198037
cellsize      134
NODATA_value  -9999
[rows 0 to 38 of 151, columns 0 to 87 of 151]
-9999 683 703 708 724 722 717 710 711 720 722 712 718 708 723 723 726 739 739 752 756 748 757 765 772 759 777 776 773 780 809 812 829 840 851 860 854 874 882 864 883 898 929 966 1044 1061 1123 1145 1146 1109 1033 1015 1017 1037 1057 1095 1102 1114 1111 1097 1112 1134 1135 1108 1108 1109 1114 1102 1092 1084 1065 1064 1070 1080 1105 1114 1132 1171 1196 1270 1336 1490 1536 1551 -9999 -9999 -9999 -9999
-9999 687 715 722 729 731 732 721 716 723 721 710 726 712 713 737 734 748 748 752 761 765 769 773 783 772 784 784 785 782 814 822 831 849 849 863 863 881 890 878 895 905 929 987 1059 1081 1156 1173 1171 1147 1063 1041 1013 1023 1037 1073 1089 1108 1112 1102 1106 1131 1134 1111 1095 1102 1109 1095 1075 1071 1074 1066 1074 1088 1108 1119 1128 1180 1228 1327 1386 1522 1557 1562 1512 1330 1255 1191
-9999 695 714 724 736 735 735 728 724 726 719 713 726 718 711 743 741 751 754 761 759 766 789 790 796 789 806 807 811 799 803 816 828 840 846 875 878 902 905 904 906 925 945 974 1070 1109 1133 1139 1162 1165 1135 1109 1032 1036 1049 1082 1087 1104 1113 1114 1124 1122 1119 1100 1084 1081 1080 1071 1087 1098 1085 1075 1063 1085 1104 1111 1122 1197 1254 1369 1424 1528 1582 1551 1478 1322 1256 1195
-9999 703 709 721 739 741 743 741 742 738 732 716 731 731 713 748 748 756 759 764 768 770 791 795 800 796 820 820 823 805 827 828 835 860 855 874 886 909 918 921 919 939 950 968 1034 1060 1090 1101 1133 1154 1141 1111 1044 1048 1067 1094 1105 1094 1105 1122 1128 1119 1102 1086 1085 1094 1086 1081 1100 1098 1085 1075 1056 1074 1082 1086 1106 1176 1232 1325 1354 1488 1535 1512 1486 1354 1276 1203
-9999 701 710 722 738 739 742 747 745 742 729 718 714 738 731 726 739 762 774 770 770 780 781 800 808 821 838 835 814 837 862 877 881 882 881 907 919 922 922 937 960 956 964 972 1007 1022 1056 1073 1084 1107 1140 1116 1059 1075 1093 1125 1126 1120 1110 1120 1131 1102 1091 1083 1097 1110 1108 1105 1096 1083 1074 1064 1053 1063 1075 1082 1100 1153 1189 1266 1315 1452 1501 1479 1490 1374 1294 1217
-9999 708 707 712 738 743 743 748 750 747 737 728 716 744 746 725 728 752 770 778 780 790 788 799 821 844 848 846 828 856 874 881 886 887 888 916 923 936 935 957 972 972 993 1006 1046 1042 1059 1067 1076 1108 1144 1123 1065 1081 1113 1136 1138 1115 1114 1115 1128 1102 1091 1105 1119 1132 1130 1125 1105 1095 1069 1087 1085 1057 1062 1077 1088 1107 1119 1192 1262 1374 1388 1375 1398 1377 1299 1229
-9999 716 725 721 734 742 756 757 756 763 752 735 728 730 754 741 737 758 760 781 797 813 815 809 854 866 869 858 837 853 863 873 895 905 909 933 956 957 960 986 978 997 1029 1055 1071 1104 1094 1076 1091 1108 1134 1109 1076 1099 1130 1143 1135 1131 1125 1124 1127 1096 1095 1116 1124 1123 1121 1119 1085 1076 1095 1110 1078 1047 1039 1043 1072 1077 1095 1181 1241 1322 1332 1319 1342 1328 1300 1188
-9999 719 727 725 730 739 754 758 761 764 751 744 741 729 753 739 742 768 772 777 794 822 825 825 855 878 867 852 846 853 884 900 929 923 919 922 945 965 970 992 984 1022 1050 1095 1104 1128 1110 1104 1120 1140 1150 1129 1098 1121 1158 1157 1159 1162 1144 1129 1110 1098 1102 1134 1133 1100 1096 1083 1086 1106 1112 1081 1044 1042 1053 1041 1020 1031 1053 1124 1167 1231 1208 1208 1229 1194 1187 1155
-9999 728 736 736 732 749 757 764 772 772 762 762 754 744 756 765 751 762 769 780 803 833 838 842 846 865 867 845 857 876 920 924 934 936 936 934 937 963 977 998 999 1036 1074 1117 1119 1134 1142 1139 1149 1171 1173 1153 1113 1125 1168 1166 1172 1172 1161 1133 1114 1114 1105 1134 1133 1108 1085 1079 1094 1105 1093 1062 1048 1054 1072 1061 1025 1006 1026 1082 1118 1175 1145 1184 1172 1134 1127 1101
-9999 731 738 735 738 753 771 764 775 775 763 765 754 749 763 772 757 769 778 780 801 825 834 844 852 858 866 857 861 879 908 913 939 949 946 936 953 979 987 1003 1015 1043 1088 1149 1164 1182 1200 1207 1207 1214 1215 1192 1144 1156 1187 1189 1206 1216 1208 1150 1127 1125 1105 1123 1107 1091 1091 1106 1117 1124 1091 1070 1084 1089 1082 1067 1065 1029 991 1008 1033 1065 1064 1050 1059 1040 1036 1026
-9999 744 745 741 757 768 779 775 778 784 777 765 757 752 767 782 776 771 789 795 787 799 803 816 841 858 871 869 874 882 904 919 960 960 947 927 938 973 981 1006 1033 1065 1081 1157 1176 1198 1229 1243 1232 1238 1237 1217 1150 1174 1211 1225 1228 1221 1211 1152 1138 1129 1108 1121 1117 1099 1107 1118 1142 1152 1112 1082 1107 1111 1079 1068 1069 1039 997 984 1003 1030 1032 1008 1014 1001 1000 994
-9999 747 748 744 757 767 788 784 779 788 777 765 766 756 762 795 789 774 777 794 798 800 806 817 835 858 880 879 886 893 927 923 937 952 957 936 937 948 957 992 1016 1076 1109 1158 1173 1195 1219 1215 1230 1243 1258 1259 1205 1182 1253 1286 1288 1236 1205 1168 1152 1126 1114 1139 1132 1139 1141 1134 1183 1186 1102 1095 1117 1109 1096 1105 1078 1042 1008 954 973 987 1004 993 976 976 971 969
-9999 758 757 750 775 787 800 797 783 787 785 776 779 776 770 790 800 795 793 795 805 810 820 822 840 854 890 888 885 894 918 920 929 940 954 940 937 953 963 973 995 1039 1069 1148 1181 1186 1195 1184 1186 1203 1243 1262 1232 1214 1239 1290 1320 1271 1238 1188 1168 1134 1126 1143 1138 1140 1144 1158 1196 1166 1090 1086 1098 1085 1123 1121 1079 1042 1003 945 959 972 968 967 959 929 919 917
-9999 762 763 756 770 788 806 803 793 792 792 786 786 784 785 780 792 812 820 819 822 839 850 839 855 858 866 880 903 909 913 920 947 956 951 958 977 999 1009 1011 998 1001 1011 1067 1089 1099 1140 1138 1141 1142 1185 1225 1264 1247 1285 1292 1327 1358 1333 1260 1217 1164 1132 1156 1170 1163 1163 1185 1183 1124 1070 1083 1061 1065 1127 1111 1061 1031 987 941 941 962 960 960 956 929 903 886
-9999 771 774 773 778 792 811 816 803 796 798 790 785 792 790 790 799 824 842 852 853 844 850 853 860 869 870 874 903 914 932 937 967 974 960 976 995 1025 1032 1048 1056 1022 1022 1029 1042 1054 1080 1097 1100 1110 1163 1212 1282 1266 1321 1347 1354 1381 1371 1293 1255 1188 1148 1156 1173 1173 1176 1199 1171 1108 1057 1060 1012 1038 1100 1067 999 981 957 951 938 920 934 931 949 934 926 892
-9999 767 778 778 783 802 815 825 809 805 809 797 803 818 819 831 841 863 876 895 906 880 873 871 857 870 886 888 904 906 950 979 1005 1001 986 1001 1001 1040 1063 1101 1112 1103 1070 1113 1099 1152 1142 1130 1141 1131 1171 1228 1317 1307 1320 1358 1376 1364 1348 1361 1306 1206 1171 1140 1158 1187 1184 1204 1175 1110 1043 1031 1010 1050 1089 1049 973 957 943 942 943 912 910 911 927 917 903 893
-9999 773 782 789 783 802 820 827 819 812 810 795 817 828 825 848 868 888 906 911 927 913 903 884 865 871 893 902 901 913 946 985 1014 1011 985 1014 1025 1040 1067 1126 1143 1149 1119 1158 1148 1184 1206 1199 1195 1177 1155 1218 1315 1335 1314 1356 1366 1352 1340 1339 1329 1249 1202 1156 1154 1173 1191 1207 1172 1141 1083 1050 986 1015 1020 1015 985 968 927 909 929 932 924 866 872 888 875 867
-9999 796 790 790 789 785 807 821 831 830 827 813 845 854 861 910 916 931 950 967 971 961 952 938 916 908 897 901 924 932 963 969 1022 1023 994 1016 1060 1096 1115 1180 1215 1228 1197 1204 1250 1283 1313 1326 1329 1302 1166 1185 1306 1349 1335 1350 1380 1369 1367 1334 1319 1242 1200 1165 1168 1163 1174 1179 1156 1132 1106 1070 983 986 983 988 987 966 916 887 897 895 875 820 840 878 865 852
-9999 804 801 789 800 795 806 810 831 838 841 830 862 883 894 948 942 927 952 976 988 976 967 941 920 919 925 924 924 935 965 966 1005 1022 1010 1008 1047 1121 1140 1200 1238 1267 1237 1226 1275 1323 1341 1364 1369 1351 1261 1206 1241 1303 1388 1394 1393 1391 1378 1350 1336 1269 1261 1192 1196 1193 1202 1168 1151 1128 1063 1056 990 950 919 923 927 921 900 861 831 823 813 802 807 826 831 803
-9999 825 820 803 814 806 808 816 837 840 846 843 886 924 943 940 941 938 933 968 994 1002 995 958 934 948 960 966 941 943 976 1007 1019 1027 1038 1019 1018 1088 1133 1209 1238 1279 1262 1249 1299 1371 1390 1404 1381 1344 1292 1230 1231 1273 1368 1368 1381 1392 1389 1353 1332 1319 1279 1220 1239 1236 1222 1207 1186 1143 1080 1043 977 948 914 894 883 878 882 859 826 813 810 801 798 804 805 786
-9999 832 826 812 829 820 811 817 847 853 858 860 904 937 944 927 934 948 952 967 986 1017 1011 972 943 954 996 999 969 955 989 1010 1028 1031 1053 1047 1027 1058 1085 1152 1181 1220 1235 1287 1322 1407 1427 1426 1353 1363 1337 1312 1311 1325 1358 1386 1388 1392 1402 1398 1366 1303 1280 1332 1358 1330 1318 1308 1272 1215 1102 1069 1046 1031 989 959 897 884 834 828 817 813 809 807 803 795 792 791
-9999 844 843 831 843 835 814 822 845 850 879 895 910 912 909 921 920 939 958 990 1004 1015 1024 1024 1016 1011 1071 1075 1006 978 1026 1018 1040 1039 1069 1065 1042 1047 1065 1131 1155 1209 1243 1318 1366 1411 1405 1401 1357 1381 1372 1356 1369 1382 1356 1377 1411 1421 1432 1407 1375 1305 1323 1391 1416 1394 1375 1339 1273 1216 1114 1132 1095 1074 1020 979 939 915 856 833 817 816 812 810 808 802 799 796
-9999 847 852 840 855 840 825 825 850 862 886 891 897 901 917 932 932 938 950 989 1008 1010 1023 1046 1051 1059 1084 1094 1081 1058 1069 1074 1067 1074 1085 1093 1066 1069 1089 1177 1208 1243 1281 1351 1387 1399 1387 1395 1383 1380 1412 1434 1448 1448 1424 1392 1390 1428 1465 1403 1370 1341 1375 1458 1496 1503 1467 1376 1304 1245 1216 1239 1197 1154 1047 1010 964 949 909 859 827 817 815 814 810 807 801 801
-9999 861 862 858 856 850 835 846 842 853 895 901 906 907 907 933 941 941 953 989 1011 1025 1022 1055 1069 1087 1102 1108 1092 1074 1075 1094 1089 1090 1100 1100 1092 1074 1103 1166 1197 1223 1256 1337 1387 1405 1410 1419 1407 1377 1411 1446 1461 1456 1425 1406 1402 1436 1469 1400 1370 1332 1372 1448 1494 1480 1428 1381 1344 1269 1273 1285 1175 1116 1017 973 901 879 867 855 836 823 824 818 818 818 816 808
-9999 869 868 859 862 857 844 857 850 850 892 907 920 916 916 932 934 942 950 971 977 1027 1047 1076 1077 1071 1086 1096 1107 1104 1081 1114 1121 1123 1139 1148 1150 1149 1126 1113 1177 1272 1304 1354 1378 1421 1414 1397 1383 1394 1423 1430 1446 1443 1395 1379 1420 1453 1453 1359 1327 1294 1303 1366 1398 1402 1348 1299 1340 1322 1308 1256 1118 1055 954 916 872 858 840 832 827 825 827 829 826 823 819 810
-9999 866 868 877 877 864 864 863 858 859 877 889 894 900 916 920 933 947 960 991 994 1014 1046 1081 1096 1068 1077 1088 1106 1103 1078 1111 1138 1134 1158 1169 1172 1180 1193 1126 1134 1253 1286 1329 1355 1389 1395 1373 1358 1379 1440 1440 1457 1444 1393 1372 1419 1440 1426 1353 1328 1283 1297 1346 1379 1411 1347 1255 1267 1276 1229 1152 1006 971 957 976 945 898 912 895 881 839 840 848 844 827 828 826
-9999 872 875 884 885 871 873 875 874 875 880 890 903 903 908 920 932 951 960 1004 1024 1027 1039 1070 1089 1093 1091 1094 1117 1117 1137 1156 1176 1161 1183 1216 1213 1205 1240 1228 1196 1181 1222 1282 1298 1324 1341 1333 1324 1357 1412 1419 1422 1429 1391 1359 1378 1350 1333 1322 1311 1269 1307 1368 1404 1437 1379 1265 1213 1206 1161 1090 994 1007 1024 1029 947 938 969 963 894 858 854 854 849 833 838 833
-9999 881 886 892 889 876 880 883 885 887 873 890 910 921 923 919 943 955 962 1003 1036 1054 1054 1088 1106 1108 1105 1103 1133 1143 1154 1185 1190 1187 1211 1231 1230 1213 1240 1273 1251 1174 1186 1267 1264 1285 1306 1313 1329 1346 1371 1376 1379 1377 1345 1338 1337 1293 1246 1240 1247 1290 1326 1408 1449 1514 1453 1305 1233 1121 1082 1062 1107 1146 1168 1113 1053 1059 1092 1059 967 906 885 869 872 869 866 846
-9999 892 901 904 898 882 893 899 899 890 894 896 912 915 941 950 948 973 983 997 1020 1063 1076 1128 1150 1133 1126 1148 1205 1232 1222 1215 1248 1250 1256 1270 1248 1238 1252 1278 1290 1251 1208 1219 1241 1241 1253 1316 1324 1323 1334 1340 1335 1322 1305 1324 1301 1263 1234 1241 1254 1296 1344 1426 1484 1539 1472 1328 1258 1162 1132 1107 1170 1208 1209 1164 1131 1131 1128 1089 995 949 928 875 883 880 879 859
-9999 888 903 914 900 891 895 898 907 905 910 910 912 919 945 958 969 970 989 1011 1014 1047 1079 1131 1155 1156 1141 1147 1220 1256 1263 1241 1270 1273 1262 1280 1266 1242 1246 1285 1295 1248 1214 1250 1259 1256 1260 1260 1265 1278 1289 1304 1293 1286 1316 1322 1273 1247 1229 1231 1238 1283 1314 1400 1451 1517 1474 1342 1287 1209 1171 1166 1179 1208 1259 1269 1232 1196 1191 1164 1082 1038 984 908 922 900 900 903
-9999 892 894 919 907 903 914 920 928 927 931 933 936 942 957 961 976 991 982 1017 1030 1054 1075 1131 1157 1171 1181 1178 1211 1241 1293 1298 1294 1313 1310 1300 1269 1256 1253 1294 1301 1240 1239 1275 1276 1268 1269 1275 1273 1272 1282 1296 1280 1289 1317 1303 1252 1238 1227 1235 1255 1292 1327 1381 1425 1449 1421 1333 1286 1203 1177 1176 1183 1196 1290 1289 1224 1205 1231 1212 1086 1028 972 929 939 907 907 909
-9999 903 895 917 908 913 922 932 933 934 942 944 943 952 974 971 978 999 1002 1006 1027 1056 1078 1126 1162 1183 1192 1207 1211 1222 1278 1286 1311 1323 1329 1324 1274 1277 1273 1307 1314 1262 1267 1293 1298 1294 1297 1295 1301 1297 1292 1293 1271 1258 1256 1243 1236 1238 1228 1226 1227 1262 1264 1269 1288 1295 1279 1296 1296 1197 1166 1167 1169 1165 1198 1208 1186 1157 1122 1117 1075 1016 990 991 974 939 932 920
-9999 909 906 926 923 926 938 947 950 947 955 971 976 965 992 1000 993 1007 1026 1042 1045 1089 1104 1159 1165 1213 1202 1225 1243 1244 1270 1285 1313 1326 1341 1340 1292 1285 1288 1304 1320 1273 1296 1302 1308 1301 1302 1304 1306 1301 1300 1297 1279 1264 1277 1266 1253 1248 1230 1225 1222 1226 1226 1221 1231 1228 1223 1240 1244 1194 1172 1164 1158 1152 1147 1150 1138 1124 1105 1101 1086 1067 1063 1042 1025 972 948 922
-9999 912 922 941 930 928 954 956 959 964 983 984 999 984 999 1009 1009 1010 1020 1055 1055 1106 1113 1165 1180 1204 1225 1230 1287 1293 1315 1334 1349 1343 1367 1357 1344 1336 1329 1333 1344 1296 1317 1347 1335 1328 1329 1322 1322 1320 1326 1326 1300 1281 1332 1326 1273 1256 1240 1232 1223 1208 1205 1198 1197 1195 1191 1186 1189 1171 1165 1161 1156 1154 1143 1137 1134 1123 1115 1112 1104 1099 1090 1059 1044 1007 975 926
-9999 925 953 972 958 954 976 978 981 1014 1032 1025 1010 993 1019 1025 1028 1020 1030 1066 1062 1103 1126 1171 1201 1214 1239 1239 1273 1286 1328 1345 1364 1374 1384 1366 1364 1362 1348 1353 1357 1311 1331 1364 1351 1343 1340 1324 1330 1332 1344 1343 1323 1303 1353 1347 1300 1280 1263 1242 1223 1209 1204 1199 1197 1193 1191 1186 1180 1173 1174 1170 1166 1161 1153 1148 1137 1133 1123 1115 1106 1099 1093 1072 1057 1023 995 938
-9999 926 937 991 974 980 991 990 1000 1037 1051 1033 1015 1008 1043 1069 1065 1064 1069 1085 1090 1100 1114 1209 1243 1264 1274 1268 1288 1316 1334 1343 1383 1396 1405 1390 1389 1376 1369 1388 1384 1344 1339 1383 1369 1364 1364 1343 1344 1352 1374 1381 1347 1360 1377 1378 1322 1285 1256 1259 1242 1209 1205 1198 1197 1195 1192 1182 1179 1181 1181 1179 1170 1164 1156 1151 1134 1126 1117 1105 1101 1094 1085 1067 1059 1018 984 951
-9999 976 986 1009 976 984 1003 1002 1022 1053 1063 1040 1023 1023 1082 1104 1092 1098 1104 1102 1110 1145 1152 1195 1216 1273 1292 1283 1294 1331 1356 1355 1391 1408 1414 1394 1401 1384 1396 1402 1400 1364 1354 1393 1372 1384 1382 1353 1353 1371 1385 1403 1378 1403 1397 1381 1315 1284 1265 1264 1217 1217 1211 1199 1199 1197 1194 1189 1186 1184 1182 1171 1167 1170 1163 1156 1143 1136 1119 1097 1053 1054 1046 1048 1037 1003 967 982
-9999 998 1004 1019 1002 1011 1025 1025 1062 1072 1079 1060 1056 1066 1139 1147 1144 1132 1138 1137 1157 1215 1231 1238 1242 1272 1293 1320 1328 1337 1347 1358 1389 1420 1429 1409 1418 1403 1425 1430 1435 1395 1368 1404 1396 1409 1387 1379 1378 1406 1416 1424 1392 1419 1424 1394 1307 1288 1279 1265 1231 1238 1226 1205 1203 1199 1195 1192 1189 1185 1183 1176 1173 1176 1171 1164 1149 1145 1122 1081 1042 1036 1014 1016 1014 976 981 994
-9999 1004 1018 1030 996 1009 1037 1029 1070 1085 1085 1069 1077 1088 1148 1159 1163 1152 1158 1145 1158 1217 1239 1261 1262 1276 1302 1324 1335 1352 1351 1364 1383 1408 1431 1414 1423 1407 1437 1442 1443 1408 1383 1417 1411 1405 1392 1396 1396 1438 1444 1433 1406 1428 1411 1380 1320 1331 1297 1270 1266 1260 1243 1212 1207 1206 1205 1201 1201 1189 1191 1189 1190 1186 1186 1180 1161 1141 1077 1081 1090 1085 1064 1052 1035 1030 1020 1011
