testing/guntur_topography.txt
ncols         151
nrows         151
xllcorner     804846
yllcorner     9198037
cellsize      134
NODATA_value  -9999
[rows 78 to 116 of 151, columns 0 to 87 of 151]
1630 1625 1623 1614 1574 1504 1490 1442 1425 1438 1434 1477 1492 1563 1575 1589 1617 1584 1533 1528 1504 1496 1492 1498 1503 1498 1479 1430 1412 1403 1423 1443 1438 1431 1460 1477 1465 1481 1483 1480 1525 1549 1569 1550 1526 1522 1533 1542 1554 1575 1582 1604 1620 1652 1665 1736 1782 1827 1838 1827 1797 1793 1741 1712 1627 1636 1652 1671 1664 1675 1685 1703 1718 1736 1738 1750 1725 1662 1621 1535 1492 1461 1401 1348 1279 1230 1181 1158
1614 1598 1597 1592 1582 1518 1506 1457 1417 1408 1456 1491 1511 1535 1520 1537 1558 1534 1508 1557 1545 1536 1531 1537 1539 1508 1480 1407 1387 1378 1377 1392 1409 1398 1416 1433 1445 1475 1469 1476 1521 1525 1539 1530 1507 1515 1533 1544 1553 1564 1571 1589 1588 1660 1717 1781 1782 1783 1810 1790 1752 1754 1696 1677 1601 1602 1616 1641 1633 1644 1650 1659 1669 1674 1673 1683 1667 1615 1581 1501 1462 1428 1376 1343 1260 1216 1162 1140
1599 1588 1565 1563 1566 1542 1524 1452 1405 1424 1477 1523 1527 1528 1513 1508 1536 1507 1495 1543 1594 1585 1567 1573 1561 1525 1494 1419 1391 1376 1369 1374 1384 1377 1403 1424 1444 1468 1467 1474 1506 1508 1506 1504 1506 1515 1530 1542 1548 1556 1562 1578 1578 1676 1726 1745 1743 1762 1781 1757 1701 1707 1636 1568 1543 1533 1572 1587 1570 1581 1571 1570 1578 1578 1578 1576 1561 1521 1501 1438 1402 1372 1309 1286 1237 1199 1116 1090
1583 1580 1551 1525 1497 1507 1511 1435 1380 1436 1475 1516 1519 1469 1481 1483 1476 1449 1440 1483 1575 1566 1550 1543 1502 1511 1506 1467 1438 1376 1353 1344 1350 1387 1412 1398 1437 1465 1466 1459 1475 1480 1498 1502 1506 1513 1523 1536 1545 1548 1556 1571 1580 1683 1711 1739 1755 1750 1757 1705 1667 1658 1601 1535 1502 1510 1555 1551 1534 1546 1537 1532 1538 1533 1535 1530 1513 1477 1460 1400 1371 1342 1282 1256 1213 1187 1097 1067
1571 1577 1542 1519 1484 1462 1475 1422 1375 1411 1450 1472 1481 1459 1466 1470 1442 1437 1428 1454 1534 1529 1517 1505 1464 1482 1498 1485 1470 1422 1393 1349 1342 1367 1397 1392 1430 1460 1482 1467 1470 1480 1507 1519 1510 1515 1522 1527 1537 1546 1551 1589 1625 1690 1725 1759 1736 1732 1719 1665 1538 1518 1483 1481 1462 1466 1492 1461 1468 1460 1469 1469 1464 1454 1454 1442 1428 1398 1379 1340 1310 1281 1218 1195 1149 1131 1090 1056
1550 1532 1507 1493 1488 1433 1412 1386 1365 1356 1374 1334 1351 1393 1393 1407 1400 1408 1407 1403 1466 1468 1464 1444 1404 1430 1479 1456 1439 1445 1454 1392 1351 1340 1367 1400 1448 1473 1483 1464 1469 1483 1520 1523 1514 1515 1520 1528 1533 1546 1551 1619 1653 1718 1748 1722 1712 1692 1685 1666 1489 1452 1434 1458 1438 1444 1456 1428 1439 1434 1443 1443 1433 1420 1416 1403 1391 1360 1344 1295 1273 1250 1192 1168 1119 1100 1076 1057
1575 1539 1482 1467 1462 1436 1415 1369 1361 1336 1333 1309 1306 1364 1355 1360 1390 1399 1395 1389 1448 1443 1440 1425 1391 1415 1449 1424 1406 1434 1443 1388 1352 1333 1351 1404 1439 1438 1437 1454 1487 1491 1511 1513 1507 1508 1515 1517 1523 1554 1582 1639 1673 1709 1687 1657 1624 1565 1559 1559 1488 1439 1409 1409 1403 1412 1418 1388 1371 1384 1384 1399 1379 1358 1356 1337 1327 1298 1276 1239 1212 1189 1147 1118 1077 1054 1021 1038
1591 1556 1503 1471 1456 1423 1404 1399 1384 1386 1378 1350 1312 1285 1289 1302 1370 1375 1387 1365 1408 1416 1415 1406 1354 1364 1404 1402 1388 1441 1432 1370 1348 1327 1339 1399 1415 1413 1431 1462 1478 1481 1499 1505 1505 1508 1510 1517 1527 1585 1615 1665 1698 1671 1657 1599 1566 1516 1497 1491 1438 1406 1384 1380 1392 1396 1405 1366 1359 1364 1367 1375 1358 1332 1326 1303 1294 1268 1252 1206 1185 1163 1117 1092 1061 1041 1001 998
1563 1545 1496 1473 1455 1446 1428 1424 1418 1415 1429 1396 1355 1287 1267 1295 1362 1353 1373 1349 1393 1399 1410 1408 1345 1349 1358 1380 1391 1433 1424 1344 1324 1323 1340 1373 1407 1430 1461 1461 1452 1446 1465 1482 1501 1506 1512 1528 1576 1627 1635 1636 1628 1598 1574 1536 1514 1444 1399 1382 1350 1344 1352 1353 1366 1369 1367 1339 1333 1337 1338 1319 1312 1287 1271 1250 1243 1237 1222 1182 1164 1139 1092 1073 1044 1029 989 980
1578 1573 1560 1548 1515 1495 1473 1499 1485 1491 1468 1374 1357 1312 1277 1323 1344 1335 1341 1328 1371 1379 1388 1398 1334 1339 1392 1405 1403 1421 1423 1354 1322 1329 1366 1384 1399 1439 1447 1447 1441 1447 1466 1486 1509 1509 1517 1550 1634 1636 1633 1609 1587 1555 1541 1515 1503 1433 1371 1333 1330 1332 1344 1347 1355 1357 1347 1330 1326 1325 1311 1304 1298 1259 1242 1225 1221 1186 1170 1146 1131 1089 1070 1045 1020 998 965 955
1565 1569 1565 1566 1541 1528 1514 1523 1513 1510 1475 1387 1376 1331 1285 1242 1272 1320 1299 1289 1312 1316 1331 1337 1340 1370 1381 1384 1381 1410 1410 1361 1335 1346 1379 1399 1398 1407 1425 1426 1431 1438 1476 1492 1513 1511 1544 1578 1613 1622 1622 1570 1554 1471 1470 1469 1469 1407 1352 1303 1312 1332 1338 1337 1344 1344 1336 1322 1318 1312 1294 1290 1282 1242 1219 1205 1199 1156 1146 1117 1107 1083 1065 1045 1009 987 952 943
1545 1535 1535 1532 1530 1544 1528 1506 1502 1484 1462 1419 1411 1355 1312 1237 1232 1281 1324 1317 1284 1286 1297 1303 1357 1376 1367 1378 1373 1397 1397 1342 1308 1365 1378 1403 1404 1410 1413 1405 1411 1427 1450 1468 1511 1522 1561 1569 1573 1581 1587 1556 1521 1442 1441 1440 1445 1391 1332 1295 1315 1334 1338 1338 1343 1343 1327 1305 1292 1284 1277 1276 1263 1203 1193 1175 1165 1124 1110 1077 1064 1041 1031 1022 989 963 940 921
1545 1549 1550 1545 1546 1523 1507 1483 1481 1446 1427 1407 1408 1383 1333 1253 1227 1214 1288 1310 1277 1277 1335 1340 1362 1350 1351 1370 1349 1369 1352 1294 1335 1386 1393 1397 1410 1401 1394 1379 1384 1382 1378 1406 1486 1509 1520 1508 1484 1500 1485 1452 1420 1383 1386 1384 1420 1368 1307 1294 1314 1330 1341 1338 1343 1343 1332 1309 1289 1284 1277 1274 1259 1228 1206 1176 1157 1114 1095 1060 1046 1025 1010 1004 967 950 929 912
1565 1566 1563 1562 1555 1531 1510 1488 1477 1451 1423 1390 1373 1359 1342 1277 1238 1220 1231 1257 1244 1247 1326 1347 1341 1329 1363 1373 1342 1352 1320 1316 1367 1382 1390 1390 1404 1390 1383 1373 1360 1355 1351 1374 1474 1498 1493 1467 1409 1417 1407 1381 1356 1363 1366 1361 1358 1319 1269 1284 1305 1322 1333 1334 1354 1349 1325 1299 1277 1276 1286 1311 1330 1333 1311 1228 1198 1114 1096 1056 1025 990 974 966 948 928 905 895
1619 1613 1595 1587 1572 1571 1546 1498 1487 1446 1426 1382 1373 1375 1373 1313 1299 1277 1224 1203 1190 1193 1277 1313 1339 1313 1327 1327 1313 1278 1296 1381 1398 1366 1363 1390 1377 1361 1349 1347 1345 1330 1316 1329 1407 1456 1443 1413 1349 1347 1342 1313 1289 1337 1344 1341 1319 1280 1247 1272 1288 1302 1323 1330 1350 1345 1323 1290 1274 1276 1285 1329 1376 1388 1356 1270 1232 1137 1106 1067 1047 979 965 953 943 926 900 891
1644 1628 1612 1592 1562 1566 1545 1488 1469 1447 1426 1395 1386 1379 1382 1366 1345 1321 1272 1235 1191 1185 1237 1283 1334 1308 1286 1279 1272 1298 1339 1381 1381 1369 1346 1360 1348 1322 1324 1331 1327 1317 1307 1311 1369 1373 1358 1315 1241 1241 1238 1226 1230 1277 1282 1243 1215 1224 1231 1254 1266 1280 1311 1317 1332 1334 1305 1283 1272 1272 1298 1336 1375 1300 1276 1262 1241 1136 1106 1067 1049 997 971 930 908 897 878 875
1580 1564 1528 1522 1498 1490 1504 1472 1447 1406 1393 1391 1372 1366 1371 1379 1359 1346 1294 1268 1228 1206 1175 1207 1293 1283 1220 1248 1297 1290 1309 1330 1341 1369 1356 1323 1312 1292 1309 1317 1315 1309 1300 1297 1340 1348 1320 1277 1211 1209 1208 1197 1199 1239 1234 1191 1184 1230 1226 1243 1259 1274 1302 1308 1320 1322 1301 1286 1270 1277 1323 1356 1350 1259 1226 1208 1205 1156 1120 1069 1042 988 971 934 893 883 873 868
1537 1534 1499 1489 1488 1459 1471 1443 1423 1383 1372 1378 1377 1355 1358 1364 1344 1332 1289 1270 1247 1214 1170 1181 1271 1276 1228 1236 1293 1300 1288 1316 1336 1362 1359 1320 1300 1281 1302 1317 1303 1301 1295 1297 1331 1314 1256 1203 1173 1171 1167 1154 1148 1143 1141 1158 1181 1265 1277 1257 1267 1271 1276 1262 1284 1300 1292 1289 1260 1254 1263 1301 1331 1266 1223 1124 1091 1110 1115 1038 995 965 963 953 867 869 869 863
1463 1462 1454 1443 1438 1408 1408 1395 1374 1358 1347 1341 1360 1370 1350 1326 1313 1307 1309 1295 1258 1232 1175 1163 1241 1260 1228 1220 1283 1308 1277 1316 1327 1351 1360 1330 1309 1277 1292 1310 1292 1297 1295 1292 1310 1291 1228 1175 1152 1155 1151 1138 1131 1121 1129 1165 1187 1262 1290 1266 1264 1262 1237 1221 1266 1292 1285 1281 1256 1237 1219 1267 1316 1310 1273 1148 1086 1043 1064 1024 982 949 946 936 864 846 833 828
1443 1437 1429 1424 1411 1387 1380 1374 1362 1346 1336 1319 1333 1354 1355 1328 1318 1304 1300 1300 1267 1244 1192 1173 1162 1198 1214 1186 1278 1284 1250 1299 1316 1298 1326 1308 1304 1276 1264 1282 1283 1284 1275 1250 1248 1245 1193 1176 1124 1130 1122 1110 1104 1117 1133 1170 1183 1217 1247 1250 1219 1166 1136 1150 1229 1258 1260 1255 1229 1185 1155 1202 1280 1255 1236 1165 1111 1019 1023 1008 968 936 932 912 886 853 821 811
1421 1397 1398 1398 1379 1358 1343 1331 1342 1334 1329 1296 1289 1328 1347 1323 1302 1306 1301 1288 1266 1242 1201 1194 1156 1172 1219 1191 1225 1234 1216 1287 1298 1288 1309 1277 1274 1260 1252 1276 1270 1274 1249 1213 1196 1197 1163 1160 1115 1117 1100 1090 1094 1119 1134 1165 1179 1194 1202 1210 1176 1122 1107 1118 1211 1236 1241 1233 1209 1159 1139 1185 1218 1199 1176 1169 1126 1020 981 958 937 911 907 894 888 885 878 869
1404 1385 1391 1388 1369 1349 1338 1332 1328 1337 1326 1302 1285 1297 1305 1327 1308 1277 1277 1280 1278 1255 1230 1220 1174 1162 1152 1166 1142 1193 1236 1237 1232 1248 1280 1237 1227 1223 1237 1263 1252 1247 1215 1174 1120 1116 1115 1110 1088 1091 1082 1078 1085 1117 1136 1151 1151 1163 1141 1103 1090 1082 1079 1084 1190 1213 1223 1215 1191 1144 1124 1159 1167 1160 1130 1127 1118 1034 985 934 922 902 902 886 881 876 865 865
1361 1345 1363 1375 1359 1346 1332 1331 1320 1345 1342 1305 1286 1286 1288 1315 1312 1271 1265 1257 1274 1259 1239 1230 1208 1190 1142 1143 1144 1198 1234 1208 1193 1240 1271 1242 1224 1214 1226 1258 1250 1240 1191 1171 1131 1106 1093 1091 1091 1085 1081 1075 1084 1109 1132 1141 1140 1134 1114 1085 1081 1070 1068 1068 1141 1171 1188 1183 1141 1102 1087 1077 1075 1076 1073 1037 1042 1034 1004 931 905 887 880 870 864 859 849 842
1344 1334 1329 1336 1359 1337 1319 1311 1305 1343 1387 1353 1329 1284 1267 1274 1298 1305 1278 1255 1247 1269 1254 1242 1222 1201 1167 1150 1121 1136 1171 1189 1155 1183 1200 1242 1243 1208 1188 1217 1224 1226 1208 1192 1172 1129 1072 1072 1080 1087 1072 1069 1076 1101 1129 1135 1140 1137 1106 1077 1078 1060 1059 1057 1098 1146 1165 1160 1116 1083 1065 1049 1033 1042 1052 1006 997 993 981 923 895 877 874 861 860 852 838 833
1363 1359 1324 1315 1345 1337 1303 1295 1286 1340 1373 1367 1349 1305 1276 1257 1273 1303 1287 1259 1230 1246 1250 1238 1223 1202 1157 1153 1119 1111 1139 1193 1163 1147 1162 1209 1222 1198 1172 1197 1206 1207 1204 1192 1185 1147 1086 1074 1065 1076 1063 1061 1071 1093 1106 1112 1112 1101 1074 1064 1066 1055 1041 1041 1050 1075 1116 1116 1074 1057 1033 1007 969 972 977 958 945 920 915 888 868 858 858 839 837 837 825 820
1444 1412 1364 1349 1315 1302 1276 1264 1266 1314 1324 1357 1336 1301 1290 1257 1238 1263 1279 1270 1222 1204 1227 1222 1201 1190 1150 1129 1097 1099 1121 1168 1183 1147 1119 1137 1157 1133 1130 1160 1175 1179 1168 1184 1177 1148 1100 1085 1073 1058 1056 1056 1064 1077 1081 1090 1099 1079 1061 1051 1051 1042 1033 1036 1041 1057 1087 1094 1057 1048 1017 995 953 949 949 926 922 897 891 872 858 850 844 833 830 830 820 814
1444 1423 1368 1355 1320 1296 1273 1267 1260 1299 1303 1343 1325 1289 1282 1266 1246 1245 1263 1267 1222 1194 1217 1218 1190 1181 1142 1137 1114 1096 1101 1149 1173 1163 1127 1113 1134 1111 1108 1129 1149 1159 1153 1153 1156 1148 1128 1120 1086 1061 1046 1047 1067 1073 1060 1065 1071 1056 1048 1034 1025 1011 1012 1014 1009 1017 1023 1018 987 977 956 949 941 935 928 913 901 882 874 863 856 840 831 819 813 813 815 808
1442 1432 1405 1391 1372 1355 1311 1294 1290 1255 1252 1304 1321 1301 1287 1257 1250 1237 1217 1223 1234 1203 1200 1218 1201 1180 1138 1135 1125 1101 1076 1114 1144 1143 1115 1098 1124 1103 1096 1104 1119 1135 1143 1147 1155 1154 1138 1133 1091 1061 1046 1046 1051 1054 1049 1048 1053 1052 1048 1029 1023 1007 1008 1008 1001 999 999 983 969 962 949 943 930 929 924 912 902 880 872 862 856 842 833 821 814 808 807 803
1443 1430 1407 1395 1376 1365 1328 1313 1313 1270 1250 1280 1304 1288 1282 1265 1247 1242 1228 1207 1233 1205 1194 1212 1187 1170 1143 1125 1126 1117 1083 1102 1135 1111 1104 1066 1061 1087 1075 1086 1108 1117 1145 1155 1162 1156 1139 1127 1089 1064 1046 1044 1042 1037 1032 1038 1044 1041 1039 1028 1010 1000 1001 997 991 987 979 977 960 958 942 935 922 916 911 899 892 878 872 861 852 838 831 819 814 805 798 798
1442 1428 1406 1393 1374 1365 1347 1343 1340 1303 1281 1243 1267 1272 1279 1255 1245 1222 1211 1195 1204 1186 1190 1206 1172 1156 1132 1116 1114 1105 1069 1106 1137 1097 1081 1078 1069 1065 1065 1078 1101 1119 1130 1143 1148 1124 1113 1110 1082 1061 1046 1047 1039 1038 1030 1030 1032 1030 1029 1025 1011 991 991 988 987 983 973 970 955 947 935 929 920 912 903 896 890 875 871 858 846 830 828 817 813 805 797 795
1440 1424 1404 1392 1376 1369 1350 1348 1319 1306 1289 1252 1245 1242 1261 1266 1247 1210 1190 1178 1185 1165 1178 1196 1224 1229 1179 1149 1099 1103 1068 1061 1074 1096 1077 1038 1036 1037 1039 1063 1083 1107 1115 1112 1066 1056 1052 1059 1056 1047 1038 1035 1032 1029 1027 1013 1008 995 984 1002 1016 984 979 974 973 973 963 962 955 951 941 938 920 912 902 893 888 873 866 849 840 827 825 819 815 807 802 795
1443 1430 1406 1394 1370 1364 1349 1345 1331 1312 1304 1278 1283 1213 1233 1262 1254 1210 1179 1171 1183 1160 1158 1176 1244 1260 1218 1182 1102 1096 1098 1077 1051 1063 1062 1033 1025 1034 1036 1060 1072 1101 1119 1112 1059 1048 1041 1038 1042 1043 1036 1033 1026 1023 1020 1011 1003 992 985 986 999 998 980 970 969 968 961 957 954 953 941 935 923 907 881 872 870 861 855 840 835 827 823 816 813 802 799 794
1449 1440 1417 1402 1369 1359 1347 1343 1324 1317 1318 1291 1300 1260 1227 1207 1236 1209 1182 1146 1161 1171 1124 1135 1200 1221 1226 1198 1147 1146 1084 1089 1093 1077 1058 1082 1073 1022 1032 1054 1062 1082 1103 1092 1045 1041 1035 1033 1027 1024 1017 1019 1020 1015 1016 997 990 986 985 978 972 994 989 968 964 963 957 948 949 948 946 944 931 914 885 878 874 860 855 847 838 826 822 814 809 799 798 794
1452 1440 1424 1410 1377 1359 1342 1335 1329 1335 1329 1297 1299 1281 1262 1202 1205 1212 1184 1134 1148 1173 1120 1107 1150 1168 1193 1175 1146 1141 1102 1077 1075 1088 1086 1081 1075 1020 1025 1047 1056 1061 1065 1056 1039 1042 1035 1030 1019 1015 1009 1011 1005 1008 1012 999 993 979 979 980 973 990 988 969 956 952 940 939 941 940 944 947 947 943 924 919 913 898 890 870 857 852 849 827 815 800 795 791
1445 1435 1417 1408 1370 1359 1342 1339 1332 1327 1319 1309 1307 1301 1296 1234 1189 1150 1134 1120 1114 1123 1129 1122 1081 1091 1116 1120 1115 1113 1109 1096 1081 1056 1067 1071 1065 1025 1012 1029 1031 1029 1034 1031 1033 1041 1025 1021 1013 1010 998 1007 1003 1002 1003 999 990 979 972 980 971 974 974 970 960 953 941 935 937 935 940 943 945 942 924 919 915 905 898 873 855 851 849 833 823 808 799 790
1436 1422 1401 1391 1368 1357 1346 1341 1334 1326 1322 1316 1311 1298 1292 1273 1248 1178 1159 1115 1101 1097 1102 1109 1079 1069 1094 1097 1095 1096 1088 1082 1073 1037 1050 1048 1053 1024 1012 1026 1029 1018 1026 1027 1032 1036 1021 1017 1014 1010 1000 994 998 997 994 990 988 974 968 972 966 952 954 955 960 965 946 939 926 928 927 928 935 935 922 918 913 890 881 862 853 844 835 823 815 805 801 795
1434 1418 1398 1394 1370 1359 1353 1346 1338 1332 1328 1324 1320 1307 1301 1286 1284 1258 1245 1215 1192 1154 1107 1090 1063 1061 1055 1059 1057 1057 1056 1040 1031 1021 1018 1011 1021 1021 1008 1023 1022 1021 1020 1022 1031 1033 1019 1017 1011 1009 1002 996 991 993 993 986 984 974 967 968 965 949 946 954 956 967 947 937 921 925 922 923 933 936 922 917 914 889 873 857 851 843 833 819 813 799 797 795
1435 1420 1408 1405 1378 1367 1356 1350 1337 1330 1326 1323 1321 1311 1299 1284 1279 1262 1251 1229 1203 1167 1139 1120 1056 1054 1041 1039 1046 1036 1045 1038 1027 1021 1017 1008 1009 1005 1004 1023 1020 1022 1018 1014 1032 1024 1011 1006 994 997 999 998 991 986 980 983 981 980 975 962 958 954 954 945 955 958 954 938 921 917 912 918 919 922 923 922 916 902 883 859 855 846 836 820 819 807 799 793
1441 1436 1423 1416 1392 1382 1366 1357 1339 1321 1312 1309 1302 1277 1264 1255 1251 1236 1223 1202 1190 1176 1137 1107 1061 1054 1051 1038 1026 1026 1025 1033 1036 1026 1019 1007 1000 1003 1014 1022 1018 1021 1019 1015 1024 1019 1010 1006 995 997 993 993 989 985 980 977 979 978 974 964 962 950 952 942 956 957 958 944 922 917 910 916 921 919 921 921 917 905 896 871 863 848 840 825 819 811 800 795
