testing/guntur_topography.txt
ncols         151
nrows         151
xllcorner     714418
yllcorner     9106086
cellsize      1342
NODATA_value  -9999
[rows 80 to 119 of 151, columns 0 to 89 of 151]
242 270 257 164 286 230 368 303 308 413 401 427 488 406 369 426 475 471 636 734 783 583 805 1081 1078 1042 1121 1137 1145 1221 1307 1384 1499 1691 1643 1267 1372 1495 1548 1605 1728 1629 1554 1329 1492 1494 1726 1660 1486 1479 1492 1511 1501 1490 1525 1672 1736 1884 1734 1612 1626 1744 1960 2100 2072 1748 1595 1436 1244 1164 1112 1030 967 955 899 889 828 781 709 719 735 748 812 863 851 989 1013 997 1031 1190
185 145 176 144 286 187 227 199 223 306 319 362 447 499 424 370 452 470 440 447 516 754 878 971 980 1027 1073 1096 991 1207 1285 1363 1463 1442 1237 1297 1299 1402 1471 1650 1746 1532 1385 1361 1355 1489 1654 1615 1663 1423 1536 1493 1479 1486 1526 1494 1821 1663 1627 1632 1710 1893 2263 2211 2106 1905 1580 1350 1199 1150 1116 1008 944 925 902 886 843 799 753 740 757 782 873 1024 1042 1124 1247 1133 1059 1177
211 147 154 201 186 162 136 134 183 187 190 187 416 430 433 314 433 435 441 495 788 835 955 969 839 832 990 884 1126 1163 1248 1358 1363 1417 1129 1176 1088 1173 1631 1583 1620 1298 1316 1133 1142 1315 1398 1371 1506 1372 1211 1306 1385 1515 1469 1492 1560 1645 1631 1638 1748 1988 2284 2269 2204 2046 1772 1476 1277 1159 1103 1033 949 911 881 859 833 808 782 798 801 834 868 1036 1153 1355 1445 1462 1150 1097
221 121 182 185 126 118 128 142 141 150 159 168 245 247 292 300 341 428 771 786 838 891 728 707 718 765 803 868 1076 1150 1251 1239 1320 1129 996 843 1017 1292 1660 1400 1578 1351 1278 1041 1096 1409 1405 1237 1350 1123 1278 1507 1493 1407 1557 1560 1591 1622 1635 1653 1791 1890 2138 2208 2290 2233 1801 1494 1272 1120 1079 1023 970 934 910 891 879 852 861 869 863 888 982 1133 1458 1466 1281 1237 1263 1010
257 176 145 127 128 140 186 194 161 197 245 251 259 293 341 320 359 442 757 812 834 794 534 515 748 953 913 996 1022 1047 1152 1185 1208 1099 831 1017 1121 1557 1505 1339 1424 1116 1069 848 1194 1296 1306 1046 1168 1099 1187 1448 1572 1581 1639 1597 1644 1624 1663 1691 1782 1788 1933 2090 2104 2178 2047 1536 1266 1129 1083 1019 971 989 1014 992 987 944 898 890 875 918 1001 1237 1521 1498 1474 1187 1027 927
245 157 119 172 171 202 242 270 290 488 410 541 417 462 528 391 366 742 780 765 624 461 393 526 854 880 781 978 986 1070 1110 907 1049 619 767 1230 1219 1325 1312 1362 1286 869 865 836 1142 1050 932 843 1132 1048 959 1263 1553 1696 1773 1763 1747 1702 1720 1689 1699 1739 1817 2049 2099 2130 1962 1460 1290 1182 1124 1031 1042 1089 1100 1087 1107 1026 959 1000 959 952 1049 1243 1453 1364 1234 1109 1027 800
176 135 197 182 252 416 455 459 446 286 487 409 542 558 549 595 590 586 634 451 450 372 474 639 577 605 656 727 805 1005 809 820 740 655 962 1214 1273 1150 1242 1433 1132 920 721 930 1065 854 683 987 1094 914 1128 1234 1588 1812 1833 1764 1903 1785 1687 1662 1688 1737 1883 2072 2234 2313 1620 1503 1345 1209 1168 1060 1128 1273 1365 1371 1391 1184 1133 1022 969 978 1036 1150 1256 1139 1129 1045 871 754
133 126 139 186 405 342 408 375 373 185 413 385 499 512 485 548 488 537 532 350 359 277 445 475 731 672 784 871 875 784 758 866 622 901 1061 1174 1175 1095 1160 1355 1040 928 678 824 1042 686 786 748 772 1071 1208 1486 1542 1616 1762 1805 1872 1832 1765 1710 1630 1760 1903 2126 2171 1988 1854 1608 1366 1228 1201 1131 1339 1457 1696 1669 1785 1527 1236 1064 974 948 1017 1058 1039 1018 917 985 821 735
121 184 297 303 350 350 345 375 353 188 239 456 488 498 458 506 470 548 550 325 291 264 447 594 581 620 730 730 842 844 761 784 468 998 915 1143 1028 1202 1092 1160 960 840 724 638 869 511 810 1033 1068 1195 1293 1372 1544 1605 1705 1715 1635 1633 1806 1655 1511 1723 1962 2312 2326 2173 2008 1658 1432 1294 1236 1186 1384 1594 2043 2497 2301 1750 1371 1142 1005 906 866 918 922 915 822 817 713 664
302 283 270 277 158 216 181 307 359 330 367 422 434 428 443 429 437 468 488 320 227 236 381 405 593 677 643 672 755 817 737 533 751 800 834 674 1149 1085 1118 1064 836 1010 857 481 798 528 548 605 679 1005 1167 1376 1498 1501 1579 1569 1429 1642 1648 1435 1514 1690 1976 2566 2464 2427 1959 1639 1397 1273 1239 1227 1337 1609 2038 2459 2264 1791 1391 1208 1048 916 833 821 806 788 765 729 702 691
129 144 168 146 231 135 166 212 183 230 278 388 365 391 389 402 412 428 406 406 271 243 252 547 515 548 479 405 700 433 662 405 736 612 753 950 790 793 1016 935 723 927 941 756 582 590 892 1087 943 1182 1371 1491 1285 1482 1472 1481 1345 1464 1476 1294 1401 1526 1800 2069 2030 1899 1704 1495 1330 1248 1220 1242 1346 1564 1906 2145 1969 1673 1462 1233 1047 892 853 829 799 738 763 729 684 647
69 120 53 51 81 178 126 149 227 192 258 126 174 325 279 273 351 308 388 376 422 193 416 502 513 348 339 463 512 360 306 455 721 710 455 612 562 887 748 955 730 682 854 886 481 514 856 1345 1215 1384 1200 1470 1223 1407 1352 1324 1202 1375 1353 1284 1346 1445 1626 1859 1811 1729 1609 1469 1306 1242 1211 1251 1331 1488 1642 1693 1675 1566 1366 1124 1027 1079 936 802 746 703 650 672 611 546
26 27 92 32 26 106 104 195 193 202 71 180 164 140 148 199 139 333 334 187 218 235 404 404 398 393 253 436 541 361 286 471 392 545 386 486 738 610 535 749 824 750 870 650 332 563 945 1182 1015 1157 1257 1311 1250 1320 1271 1241 1022 1177 1306 1201 1218 1204 1364 1421 1476 1471 1408 1368 1291 1301 1248 1277 1268 1330 1462 1465 1551 1460 1326 1328 1333 1071 1010 991 821 693 664 626 612 533
115 54 49 15 123 136 162 111 115 136 83 35 106 75 146 69 160 115 280 235 156 214 362 326 310 375 226 289 356 294 249 447 324 513 341 520 546 708 501 878 933 694 789 490 371 581 687 894 807 1240 1277 897 1260 1268 1424 1282 893 1075 1239 1250 1132 931 1146 1163 1247 1298 1315 1362 1358 1368 1370 1408 1282 1296 1379 1345 1147 1339 1258 1357 1222 1110 914 836 812 747 642 650 631 532
13 21 14 88 110 42 142 141 28 131 97 175 18 189 209 201 39 89 251 131 270 285 297 189 134 216 210 215 195 272 254 502 305 370 545 606 448 550 485 680 481 637 794 463 633 739 817 708 864 890 866 906 966 1426 1339 1110 752 1147 964 1094 1047 920 975 971 983 1045 1231 1509 1495 1518 1530 1539 1358 1297 1415 1233 1051 944 997 1071 1157 1235 1190 1095 914 912 797 659 646 585
75 67 71 60 95 89 96 99 49 29 80 91 11 119 159 125 164 19 97 174 219 226 116 237 90 154 240 189 206 222 483 406 254 249 400 427 495 450 349 311 348 353 265 202 486 938 818 697 659 653 701 1087 1107 1167 978 949 793 1060 785 794 756 733 795 889 923 1081 1238 1501 1677 1738 1699 1723 1482 1390 1330 1138 996 860 806 814 943 1412 1275 1011 901 752 772 753 681 624
38 45 59 52 44 72 78 92 75 82 54 92 9 15 104 139 61 29 10 156 168 186 149 16 24 114 92 225 244 308 361 332 222 256 237 236 367 242 507 387 115 191 350 392 722 896 692 530 561 635 815 901 1050 836 942 643 625 990 813 600 489 545 669 891 1138 1003 1301 1448 1532 1596 1623 1610 1524 1296 1270 1072 1012 931 761 778 886 1026 1197 1154 933 751 634 575 634 768
53 17 3 2 17 20 10 57 44 33 12 30 58 80 31 82 9 72 112 138 125 124 14 139 151 146 169 153 185 228 205 196 296 164 244 295 353 187 347 288 147 250 383 475 660 465 353 520 502 734 930 1007 809 723 732 629 623 922 742 740 600 544 788 984 928 981 1141 1286 1128 1386 1454 1363 1272 1177 971 855 804 893 906 697 810 907 1016 1177 998 862 774 669 575 515
-9999 -9999 0 3 9 37 31 15 28 20 13 40 16 8 6 44 34 77 55 68 80 37 59 63 111 107 98 80 69 151 215 280 258 108 209 151 181 278 393 275 206 342 250 348 455 291 551 640 634 673 653 807 744 513 536 490 628 792 606 581 516 571 739 796 814 990 1088 935 963 1261 1383 1275 1109 1160 1091 1095 963 824 788 714 872 952 1040 1066 1005 943 746 629 589 557
-9999 -9999 -9999 -9999 -9999 -9999 -9999 -9999 -9999 -9999 8 16 22 6 4 32 8 22 55 56 67 73 15 61 70 94 93 126 124 135 152 227 187 109 194 193 199 211 284 199 224 322 262 292 405 590 580 584 585 436 608 751 626 478 440 441 716 823 567 350 360 605 613 640 817 815 854 764 1074 1424 1399 1196 1081 1186 1068 855 819 859 679 681 728 796 891 923 951 939 789 725 694 503
-9999 -9999 -9999 -9999 -9999 -9999 -9999 -9999 -9999 -9999 -9999 -9999 -9999 -9999 -9999 -9999 5 9 36 49 23 24 36 13 45 30 57 111 47 127 73 89 110 133 99 190 183 166 219 49 269 129 281 362 268 412 467 424 397 451 430 614 586 466 399 337 664 682 474 337 353 410 558 536 587 649 678 919 1379 1104 1330 1332 1118 1015 1104 962 809 776 771 611 686 703 767 915 958 883 856 795 710 439
-9999 -9999 -9999 -9999 -9999 -9999 -9999 -9999 -9999 -9999 -9999 -9999 -9999 -9999 -9999 -9999 -9999 -9999 -9999 -9999 -9999 7 4 10 7 26 21 26 61 61 72 76 65 66 59 109 96 98 149 60 192 190 160 161 228 300 278 344 337 417 426 526 515 366 348 258 584 325 256 250 432 577 893 928 1061 980 917 1072 1065 976 1160 1418 1013 924 1133 1190 849 826 762 654 631 717 850 886 877 861 852 831 827 621
-9999 -9999 -9999 -9999 -9999 -9999 -9999 -9999 -9999 -9999 -9999 -9999 -9999 -9999 -9999 -9999 -9999 -9999 -9999 -9999 -9999 -9999 -9999 -9999 -9999 -9999 0 5 22 17 36 32 29 3 30 36 70 28 59 44 94 105 154 43 182 188 313 148 376 189 414 354 371 272 272 432 278 257 270 516 417 557 895 938 838 824 856 994 1098 839 1082 1264 1198 930 1015 924 1138 929 804 631 568 608 663 845 797 855 890 766 780 815
-9999 -9999 -9999 -9999 -9999 -9999 -9999 -9999 -9999 -9999 -9999 -9999 -9999 -9999 -9999 -9999 -9999 -9999 -9999 -9999 -9999 -9999 -9999 -9999 -9999 -9999 -9999 -9999 -9999 -9999 -9999 -9999 -9999 -9999 -9999 -9999 -9999 -9999 -9999 2 13 47 111 136 215 87 218 201 199 213 355 309 346 233 223 298 225 215 382 498 523 692 790 565 660 752 636 892 978 850 1086 1197 1156 817 723 821 993 1129 964 690 576 615 905 854 758 631 693 823 753 739
-9999 -9999 -9999 -9999 -9999 -9999 -9999 -9999 -9999 -9999 -9999 -9999 -9999 -9999 -9999 -9999 -9999 -9999 -9999 -9999 -9999 -9999 -9999 -9999 -9999 -9999 -9999 -9999 -9999 -9999 -9999 -9999 -9999 -9999 -9999 -9999 -9999 -9999 -9999 -9999 -9999 -9999 10 54 117 159 201 238 353 384 190 266 253 122 276 354 186 305 520 545 610 528 559 552 570 635 667 942 675 923 847 782 794 569 606 660 736 866 1040 958 659 610 766 867 791 804 671 812 785 640
-9999 -9999 -9999 -9999 -9999 -9999 -9999 -9999 -9999 -9999 -9999 -9999 -9999 -9999 -9999 -9999 -9999 -9999 -9999 -9999 -9999 -9999 -9999 -9999 -9999 -9999 -9999 -9999 -9999 -9999 -9999 -9999 -9999 -9999 -9999 -9999 -9999 -9999 -9999 -9999 -9999 -9999 -9999 -9999 32 44 49 36 177 278 173 247 182 127 257 98 335 356 258 347 441 560 409 568 448 884 845 666 712 722 732 693 622 485 417 444 567 707 950 759 641 645 811 768 812 726 664 722 660 748
-9999 -9999 -9999 -9999 -9999 -9999 -9999 -9999 -9999 -9999 -9999 -9999 -9999 -9999 -9999 -9999 -9999 -9999 -9999 -9999 -9999 -9999 -9999 -9999 -9999 -9999 -9999 -9999 -9999 -9999 -9999 -9999 -9999 -9999 -9999 -9999 -9999 -9999 -9999 -9999 -9999 -9999 -9999 -9999 28 -9999 21 33 99 63 114 132 215 130 121 325 319 294 306 384 430 448 318 527 454 549 692 410 671 868 527 541 481 501 349 485 660 740 776 678 476 595 801 709 764 742 755 593 711 587
-9999 -9999 -9999 -9999 -9999 -9999 -9999 -9999 -9999 -9999 -9999 -9999 -9999 -9999 -9999 -9999 -9999 -9999 -9999 -9999 -9999 -9999 -9999 -9999 -9999 -9999 -9999 -9999 -9999 -9999 -9999 -9999 -9999 -9999 -9999 -9999 -9999 -9999 -9999 -9999 -9999 -9999 -9999 -9999 -9999 -9999 -9999 -9999 16 33 37 52 94 72 189 241 193 241 275 301 407 348 391 386 343 557 647 321 663 557 455 589 463 359 407 466 779 639 743 645 446 571 908 766 603 739 664 733 637 679
-9999 -9999 -9999 -9999 -9999 -9999 -9999 -9999 -9999 -9999 -9999 -9999 -9999 -9999 -9999 -9999 -9999 -9999 -9999 -9999 -9999 -9999 -9999 -9999 -9999 -9999 -9999 -9999 -9999 -9999 -9999 -9999 -9999 -9999 -9999 -9999 -9999 -9999 -9999 -9999 -9999 -9999 -9999 -9999 -9999 -9999 -9999 -9999 -9999 -9999 -9999 21 41 74 135 190 103 251 216 337 231 262 357 278 376 505 485 244 561 276 365 501 493 362 246 474 795 854 604 766 403 822 787 778 571 681 642 688 624 449
-9999 -9999 -9999 -9999 -9999 -9999 -9999 -9999 -9999 -9999 -9999 -9999 -9999 -9999 -9999 -9999 -9999 -9999 -9999 -9999 -9999 -9999 -9999 -9999 -9999 -9999 -9999 -9999 -9999 -9999 -9999 -9999 -9999 -9999 -9999 -9999 -9999 -9999 -9999 -9999 -9999 -9999 -9999 -9999 -9999 -9999 -9999 -9999 -9999 -9999 -9999 -9999 -9999 -9999 34 86 93 95 218 231 208 312 163 258 455 438 517 192 426 271 657 509 424 383 389 386 531 668 386 624 408 546 657 661 662 471 685 594 669 572
-9999 -9999 -9999 -9999 -9999 -9999 -9999 -9999 -9999 -9999 -9999 -9999 -9999 -9999 -9999 -9999 -9999 -9999 -9999 -9999 -9999 -9999 -9999 -9999 -9999 -9999 -9999 -9999 -9999 -9999 -9999 -9999 -9999 -9999 -9999 -9999 -9999 -9999 -9999 -9999 -9999 -9999 -9999 -9999 -9999 -9999 -9999 -9999 -9999 -9999 -9999 -9999 -9999 -9999 -9999 -9999 27 24 85 204 237 269 281 338 350 295 241 269 192 419 584 347 416 473 268 328 660 703 328 418 413 414 594 681 626 560 619 526 434 559
-9999 -9999 -9999 -9999 -9999 -9999 -9999 -9999 -9999 -9999 -9999 -9999 -9999 -9999 -9999 -9999 -9999 -9999 -9999 -9999 -9999 -9999 -9999 -9999 -9999 -9999 -9999 -9999 -9999 -9999 -9999 -9999 -9999 -9999 -9999 -9999 -9999 -9999 -9999 -9999 -9999 -9999 -9999 -9999 -9999 -9999 -9999 -9999 -9999 -9999 -9999 -9999 -9999 -9999 -9999 -9999 13 38 69 78 90 72 214 234 264 132 194 305 224 243 455 313 450 295 154 552 573 520 379 447 309 568 579 633 632 472 406 441 391 534
-9999 -9999 -9999 -9999 -9999 -9999 -9999 -9999 -9999 -9999 -9999 -9999 -9999 -9999 -9999 -9999 -9999 -9999 -9999 -9999 -9999 -9999 -9999 -9999 -9999 -9999 -9999 -9999 -9999 -9999 -9999 -9999 -9999 -9999 -9999 -9999 -9999 -9999 -9999 -9999 -9999 -9999 -9999 -9999 -9999 -9999 -9999 -9999 -9999 -9999 -9999 -9999 -9999 -9999 -9999 -9999 -9999 -9999 3 40 73 98 122 142 165 167 198 87 296 227 295 366 293 194 146 463 548 430 295 389 241 467 450 563 633 410 400 522 456 528
-9999 -9999 -9999 -9999 -9999 -9999 -9999 -9999 -9999 -9999 -9999 -9999 -9999 -9999 -9999 -9999 -9999 -9999 -9999 -9999 -9999 -9999 -9999 -9999 -9999 -9999 -9999 -9999 -9999 -9999 -9999 -9999 -9999 -9999 -9999 -9999 -9999 -9999 -9999 -9999 -9999 -9999 -9999 -9999 -9999 -9999 -9999 -9999 -9999 -9999 -9999 -9999 -9999 -9999 -9999 -9999 -9999 -9999 -9999 26 53 45 125 165 125 148 142 184 261 338 384 329 229 168 203 217 518 267 177 474 207 391 362 568 462 501 308 394 470 491
-9999 -9999 -9999 -9999 -9999 -9999 -9999 -9999 -9999 -9999 -9999 -9999 -9999 -9999 -9999 -9999 -9999 -9999 -9999 -9999 -9999 -9999 -9999 -9999 -9999 -9999 -9999 -9999 -9999 -9999 -9999 -9999 -9999 -9999 -9999 -9999 -9999 -9999 -9999 -9999 -9999 -9999 -9999 -9999 -9999 -9999 -9999 -9999 -9999 -9999 -9999 -9999 -9999 -9999 -9999 -9999 -9999 -9999 -9999 -9999 9 15 22 97 121 56 172 238 101 291 282 314 191 115 280 200 449 184 214 447 199 266 419 353 430 485 441 384 219 262
-9999 -9999 -9999 -9999 -9999 -9999 -9999 -9999 -9999 -9999 -9999 -9999 -9999 -9999 -9999 -9999 -9999 -9999 -9999 -9999 -9999 -9999 -9999 -9999 -9999 -9999 -9999 -9999 -9999 -9999 -9999 -9999 -9999 -9999 -9999 -9999 -9999 -9999 -9999 -9999 -9999 -9999 -9999 -9999 -9999 -9999 -9999 -9999 -9999 -9999 -9999 -9999 -9999 -9999 -9999 -9999 -9999 -9999 -9999 -9999 -9999 9 14 12 18 35 35 159 178 81 96 207 235 65 100 238 161 140 242 345 160 228 381 436 417 435 311 373 315 168
-9999 -9999 -9999 -9999 -9999 -9999 -9999 -9999 -9999 -9999 -9999 -9999 -9999 -9999 -9999 -9999 -9999 -9999 -9999 -9999 -9999 -9999 -9999 -9999 -9999 -9999 -9999 -9999 -9999 -9999 -9999 -9999 -9999 -9999 -9999 -9999 -9999 -9999 -9999 -9999 -9999 -9999 -9999 -9999 -9999 -9999 -9999 -9999 -9999 -9999 -9999 -9999 -9999 -9999 -9999 -9999 -9999 -9999 -9999 -9999 -9999 -9999 8 6 8 7 12 45 96 106 75 149 31 106 165 196 176 300 297 343 162 169 219 340 305 323 292 326 316 175
-9999 -9999 -9999 -9999 -9999 -9999 -9999 -9999 -9999 -9999 -9999 -9999 -9999 -9999 -9999 -9999 -9999 -9999 -9999 -9999 -9999 -9999 -9999 -9999 -9999 -9999 -9999 -9999 -9999 -9999 -9999 -9999 -9999 -9999 -9999 -9999 -9999 -9999 -9999 -9999 -9999 -9999 -9999 -9999 -9999 -9999 -9999 -9999 -9999 -9999 -9999 -9999 -9999 -9999 -9999 -9999 -9999 -9999 -9999 -9999 -9999 -9999 -9999 -9999 -9999 -9999 3 7 12 31 96 37 94 71 157 55 222 227 245 287 135 160 309 309 227 279 271 260 292 161
-9999 -9999 -9999 -9999 -9999 -9999 -9999 -9999 -9999 -9999 -9999 -9999 -9999 -9999 -9999 -9999 -9999 -9999 -9999 -9999 -9999 -9999 -9999 -9999 -9999 -9999 -9999 -9999 -9999 -9999 -9999 -9999 -9999 -9999 -9999 -9999 -9999 -9999 -9999 -9999 -9999 -9999 -9999 -9999 -9999 -9999 -9999 -9999 -9999 -9999 -9999 -9999 -9999 -9999 -9999 -9999 -9999 -9999 -9999 -9999 -9999 -9999 -9999 -9999 -9999 -9999 -9999 -9999 7 6 29 80 70 52 113 20 168 269 294 304 131 122 259 124 104 188 141 283 228 280
-9999 -9999 -9999 -9999 -9999 -9999 -9999 -9999 -9999 -9999 -9999 -9999 -9999 -9999 -9999 -9999 -9999 -9999 -9999 -9999 -9999 -9999 -9999 -9999 -9999 -9999 -9999 -9999 -9999 -9999 -9999 -9999 -9999 -9999 -9999 -9999 -9999 -9999 -9999 -9999 -9999 -9999 -9999 -9999 -9999 -9999 -9999 -9999 -9999 -9999 -9999 -9999 -9999 -9999 -9999 -9999 -9999 -9999 -9999 -9999 -9999 -9999 -9999 -9999 -9999 -9999 -9999 -9999 -9999 -9999 -9999 0 13 34 22 128 216 219 227 223 163 89 238 78 111 159 178 244 271 124
