testing/guntur_topography.txt
ncols         151
nrows         151
xllcorner     714418
yllcorner     9106086
cellsize      1342
NODATA_value  -9999
[rows 0 to 39 of 151, columns 0 to 89 of 151]
-9999 17 24 25 22 20 26 20 22 23 23 19 23 20 16 19 18 19 13 10 11 9 10 11 10 8 9 12 13 8 7 8 6 7 8 8 7 9 7 5 4 0 2 1 2 3 2 3 4 5 5 7 8 8 7 4 0 1 -1 -1 0 0 0 1 1 4 4 3 0 0 3 1 7 2 4 6 3 7 3 1 3 5 3 -9999 -9999 -9999 -9999 -9999 -9999 -9999
-9999 24 23 27 29 25 29 27 20 23 19 23 20 24 23 21 22 18 14 11 10 9 13 16 12 12 10 10 10 7 7 8 8 9 9 7 8 12 7 7 6 3 3 6 7 5 6 7 7 5 11 12 6 6 7 6 4 -1 -1 -1 0 0 -1 2 0 6 6 1 1 2 1 2 2 3 0 3 7 7 4 2 6 2 1 5 1 -9999 -9999 -9999 -9999 -9999
-9999 21 24 26 30 26 27 22 27 30 23 28 25 26 29 26 24 17 15 14 13 13 12 13 13 13 15 14 12 10 10 9 10 9 9 11 8 10 10 7 10 4 6 12 7 6 10 9 7 9 11 7 14 7 9 5 6 5 4 5 3 -1 4 7 3 1 1 1 0 2 2 2 4 7 4 7 5 9 4 6 3 1 5 1 1 3 -9999 -9999 -9999 -9999
-9999 31 29 33 32 32 25 30 32 28 24 32 27 27 29 24 24 25 21 18 17 19 14 15 14 16 13 10 13 14 11 12 12 13 12 11 10 12 11 10 9 14 10 13 14 10 11 11 10 11 11 11 10 10 9 8 10 6 3 4 3 3 2 7 2 2 1 3 0 2 4 8 6 5 10 7 6 10 6 5 6 3 5 4 3 3 4 2 -9999 -9999
-9999 44 28 37 40 36 34 29 36 38 38 39 29 36 28 34 29 28 20 19 21 18 16 18 16 14 16 14 13 16 14 13 14 13 12 11 15 11 11 14 11 15 9 10 16 12 12 14 10 13 12 13 15 13 10 12 10 8 6 8 6 4 4 3 5 5 5 8 5 6 5 7 6 11 9 10 7 7 6 7 9 6 6 8 6 4 5 5 3 2
-9999 49 40 39 38 31 37 44 40 34 40 32 37 39 27 39 36 28 22 22 24 20 17 18 14 14 12 14 12 14 16 15 16 12 16 12 12 18 13 18 10 10 13 18 14 16 16 16 14 15 14 15 13 15 17 14 12 10 10 10 8 9 3 6 6 7 8 6 7 7 7 11 10 7 16 9 9 10 7 12 6 8 8 6 8 6 12 11 5 3
-9999 43 44 44 43 43 40 35 36 43 39 39 43 34 44 41 39 30 29 31 20 17 18 19 20 17 16 14 16 20 15 12 16 15 19 16 25 15 16 19 13 19 15 13 17 20 18 17 19 16 15 22 18 20 16 15 12 13 12 11 9 13 11 9 5 7 7 9 9 9 10 8 10 8 9 9 11 9 8 13 10 12 10 13 9 11 8 8 7 2
-9999 36 35 54 45 44 39 39 40 42 40 44 30 34 48 41 33 28 46 37 26 25 21 19 17 27 23 22 21 21 20 15 17 22 21 20 22 19 25 16 21 15 14 14 20 19 18 20 21 21 18 20 18 18 18 22 16 14 12 13 14 9 7 11 9 10 9 10 11 11 15 8 9 14 10 10 17 10 10 12 10 9 11 9 11 9 8 6 5 4
-9999 63 35 63 52 54 49 54 51 39 48 35 40 55 44 53 60 52 44 41 44 30 28 24 37 27 44 40 39 40 18 16 16 22 24 22 21 21 24 19 23 18 21 23 17 21 18 26 25 25 25 26 25 25 20 19 16 14 14 15 13 9 11 9 10 13 9 12 14 9 12 15 11 14 9 13 16 16 14 11 11 11 12 13 15 9 9 6 7 6
-9999 64 47 54 51 56 54 56 46 50 43 34 51 56 59 45 38 57 51 49 51 28 24 22 33 49 48 52 48 33 34 32 22 16 21 30 26 26 25 18 22 23 26 19 24 22 23 23 27 21 29 27 27 25 19 17 18 15 14 14 11 10 9 4 9 14 15 13 15 14 12 11 12 11 12 17 16 11 11 16 11 12 13 15 13 12 9 11 7 4
-9999 69 71 64 59 55 54 52 63 62 35 52 54 50 60 47 53 48 58 56 42 35 24 25 35 73 68 70 58 32 25 36 26 17 20 28 29 25 23 30 24 30 22 28 23 21 25 31 27 28 28 30 28 27 24 19 17 16 19 16 18 13 13 7 16 17 12 19 18 15 12 20 13 12 13 13 14 21 14 16 13 14 17 14 13 12 12 9 7 6
-9999 58 69 63 66 66 63 57 58 60 46 57 61 56 54 46 54 52 46 29 24 20 22 22 55 46 86 101 70 45 53 40 29 25 11 19 34 40 38 31 27 27 33 36 25 26 27 30 34 31 32 29 28 25 21 22 20 22 17 17 22 11 14 6 13 13 15 15 21 21 18 17 15 17 20 16 16 23 16 14 21 20 18 13 18 13 11 11 8 7
-9999 52 72 68 61 67 64 54 53 59 46 66 54 56 48 54 58 42 31 23 31 32 25 25 58 74 86 97 50 78 60 40 35 23 22 24 40 50 45 53 37 34 43 47 41 44 33 34 39 34 32 31 31 26 22 24 21 19 19 18 14 22 25 25 24 25 26 22 29 22 22 17 17 14 18 22 17 17 19 20 21 17 13 16 13 10 11 8 8 9
-9999 65 76 75 66 64 65 67 55 41 57 60 61 54 49 49 47 35 30 30 61 40 35 29 56 55 72 55 83 97 93 81 40 29 28 24 23 25 41 58 68 56 42 54 52 55 40 38 40 37 32 35 31 27 22 26 24 28 27 19 25 30 31 29 26 29 31 26 25 22 26 19 16 15 16 17 19 22 20 20 18 18 15 13 17 17 12 11 9 11
-9999 74 89 78 76 64 66 60 63 63 64 63 59 52 38 34 32 29 29 49 56 30 41 42 35 44 75 68 83 87 114 72 39 64 54 24 26 29 29 35 67 67 61 56 67 58 57 41 40 38 36 37 30 29 26 27 27 24 27 30 33 32 32 28 26 32 29 27 24 26 22 22 18 18 18 20 18 19 21 22 20 18 20 16 14 16 14 15 13 13
-9999 96 84 77 82 71 75 69 54 59 60 65 51 40 37 52 32 34 45 54 65 45 43 64 64 92 102 92 74 71 76 84 42 70 57 32 29 38 39 52 50 77 63 67 59 63 64 41 41 42 42 36 31 46 32 38 25 27 30 31 39 39 29 36 33 33 38 33 34 34 23 21 23 26 24 19 21 21 21 22 19 23 20 18 17 18 16 15 16 14
-9999 90 88 81 75 82 69 63 61 60 59 72 62 46 39 36 32 40 47 39 54 55 33 138 118 99 96 92 84 102 84 75 65 46 67 64 52 32 49 49 56 82 68 61 84 67 47 61 42 44 44 43 37 40 38 38 38 36 58 56 55 49 43 38 36 41 38 38 31 30 30 26 28 22 27 23 21 22 24 25 23 22 22 19 17 17 21 15 17 14
-9999 91 90 80 79 77 70 72 67 101 76 75 78 72 58 43 37 43 66 67 53 51 85 73 48 59 111 117 144 195 225 120 77 52 54 27 37 40 67 61 67 75 79 87 69 71 85 77 41 52 50 50 51 58 35 54 44 58 59 53 61 62 59 44 51 40 49 39 45 33 33 29 29 28 27 22 21 22 26 32 27 26 28 22 22 20 23 19 18 19
-9999 195 130 117 84 85 80 120 84 131 99 93 112 60 65 41 59 75 73 38 42 36 38 62 55 48 47 69 70 124 102 76 78 77 57 34 77 72 72 72 73 78 106 87 70 52 87 71 48 60 52 58 56 50 45 51 60 63 63 73 79 72 68 64 61 55 47 49 48 40 36 34 33 32 32 30 29 26 29 25 31 26 24 24 22 21 21 20 22 17
-9999 308 265 197 108 94 175 137 188 152 119 103 150 60 58 61 70 64 50 43 58 71 66 56 58 65 55 68 59 90 79 148 214 233 91 42 34 58 50 73 75 96 98 75 73 64 88 62 56 64 71 56 63 53 57 74 70 79 96 95 81 76 58 70 69 53 58 51 44 41 36 37 38 34 29 31 29 28 29 30 28 28 28 29 26 25 24 21 22 18
-9999 297 420 395 208 145 186 252 173 157 125 153 202 101 87 74 48 48 50 62 61 69 89 79 92 80 84 121 73 82 103 101 101 115 211 161 44 30 37 52 70 95 98 79 83 66 66 60 52 52 61 51 67 61 72 71 79 100 106 88 87 91 83 86 70 68 58 55 52 46 43 45 38 44 39 37 30 30 26 31 27 30 26 26 29 28 30 23 23 27
-9999 426 502 593 376 290 288 203 200 156 234 244 263 119 110 104 67 64 67 64 55 67 80 89 100 167 143 131 96 113 101 101 101 101 101 200 197 36 31 36 82 88 103 90 78 67 59 55 63 65 66 57 65 73 59 80 90 102 117 106 102 101 97 75 72 52 69 66 58 54 60 46 49 46 41 37 32 31 28 35 30 29 26 26 35 35 35 25 35 31
-9999 417 581 590 340 254 242 212 217 162 307 262 268 108 135 114 64 91 84 97 86 75 85 108 123 257 210 144 221 159 432 156 101 101 101 101 158 132 82 55 73 94 96 103 64 72 85 75 75 111 111 71 68 109 88 101 73 113 105 101 111 107 104 91 94 61 78 74 64 59 60 60 55 48 47 37 35 34 46 41 33 37 33 35 34 38 33 30 29 31
-9999 214 271 448 443 373 282 280 264 322 318 330 163 234 141 138 64 73 93 101 139 130 130 339 153 254 350 413 504 145 101 101 101 101 101 101 101 166 108 88 42 87 99 91 85 88 103 130 91 152 94 63 89 107 144 158 101 96 111 111 93 88 102 97 106 71 89 80 72 63 67 64 61 56 54 42 34 37 45 42 40 39 35 47 53 37 42 35 36 32
-9999 227 303 503 417 267 249 228 485 428 350 347 306 252 176 94 79 97 104 214 350 439 393 309 183 374 604 403 173 101 101 101 123 101 101 101 101 132 102 105 82 81 84 82 109 109 189 214 197 118 75 59 97 187 171 182 123 154 115 103 90 102 107 95 88 88 86 87 86 75 74 65 61 56 42 43 37 41 46 36 32 41 37 41 41 45 44 44 36 37
-9999 306 288 407 361 310 401 283 480 460 339 309 359 309 250 201 85 80 142 403 233 459 520 422 287 461 710 296 328 101 101 136 251 492 137 101 229 101 123 115 85 80 86 96 80 100 116 144 152 145 120 67 113 192 189 178 156 144 112 87 103 109 98 92 103 80 89 87 84 83 74 68 66 53 41 40 52 51 41 51 40 52 56 44 47 44 41 40 39 43
-9999 412 468 493 382 357 321 416 569 403 461 359 384 291 239 187 93 99 239 228 367 661 785 489 488 853 471 238 302 101 140 172 294 530 147 107 308 101 154 85 86 101 91 120 101 78 88 108 120 166 132 73 117 83 160 159 148 187 127 89 197 122 198 184 123 126 95 87 87 79 86 83 80 49 54 53 40 35 56 47 56 53 55 56 47 59 46 45 43 46
-9999 415 602 613 588 474 424 421 592 444 483 385 390 312 189 138 101 99 176 227 454 618 737 733 681 847 545 335 296 101 101 163 362 319 282 209 180 169 113 189 199 115 100 153 139 107 122 118 117 184 128 123 93 119 100 143 153 107 100 159 213 155 199 237 134 165 190 127 92 81 74 67 67 74 91 49 57 56 52 51 48 59 59 59 56 55 59 49 60 45
-9999 476 724 691 676 561 480 390 560 583 528 469 286 195 163 123 113 130 133 173 327 896 995 1251 959 610 291 252 188 101 101 204 411 611 374 240 273 302 208 224 240 123 148 189 176 137 152 208 170 229 164 160 121 138 113 177 178 167 147 140 206 244 233 167 137 176 151 159 93 98 73 96 86 67 94 99 124 133 104 76 61 65 42 69 59 63 63 58 58 56
-9999 839 966 884 970 668 586 507 545 595 548 497 441 286 149 126 130 153 128 190 324 566 660 924 764 479 258 190 163 101 195 292 520 605 559 584 262 214 227 249 295 232 114 138 205 250 328 260 232 223 281 239 200 131 234 150 190 204 216 170 189 277 252 200 215 196 153 120 96 117 105 109 88 69 66 92 103 156 133 91 92 53 50 50 61 71 63 61 60 61
-9999 1257 1090 1217 868 758 720 583 665 559 784 947 529 340 159 172 161 156 163 171 209 304 460 481 465 341 367 183 112 101 102 256 398 551 646 412 285 299 218 246 305 333 183 203 243 279 292 343 394 308 304 332 277 210 307 197 268 354 435 405 293 298 225 207 229 228 125 116 168 170 167 109 76 85 83 88 89 127 133 77 91 61 72 78 54 78 79 68 68 68
-9999 1239 1476 1373 1097 965 832 747 741 918 827 451 358 284 328 318 225 196 244 244 387 343 483 496 318 225 178 133 114 105 119 218 350 392 347 330 261 243 236 320 288 249 157 196 188 272 316 454 476 380 398 412 337 284 329 243 331 546 484 417 286 313 390 310 293 281 196 201 251 159 171 229 127 127 88 81 169 163 115 106 89 87 91 64 67 88 70 80 78 76
-9999 1170 1414 1572 1401 1231 1039 941 853 769 836 698 708 690 739 640 496 377 206 315 493 471 429 419 266 219 146 121 162 101 101 195 269 296 294 271 266 252 269 265 380 295 185 222 273 264 334 424 536 515 482 487 474 474 444 380 373 518 435 369 521 518 462 664 517 456 363 395 458 343 315 321 288 336 148 145 200 123 137 123 109 88 67 76 84 104 87 81 71 78
-9999 1238 1570 1652 1468 1359 1289 964 800 700 782 663 594 622 644 430 308 253 314 329 499 457 444 353 417 629 360 185 145 134 131 240 246 258 262 267 267 273 320 365 484 353 253 402 453 422 331 423 526 581 596 541 494 536 581 578 602 464 477 426 430 506 505 470 460 484 482 464 495 342 586 446 383 338 195 111 212 184 130 165 84 98 70 94 78 150 181 221 134 90
888 1127 1392 1510 1672 1210 1136 997 830 709 542 445 417 336 371 309 246 253 400 488 606 502 626 636 483 534 422 437 323 191 108 186 264 269 268 271 275 283 381 444 404 462 372 570 618 549 436 613 639 566 625 644 616 657 620 646 600 508 538 505 513 492 495 494 511 576 530 467 477 440 433 385 443 424 226 304 303 200 141 95 107 105 104 145 131 88 150 240 226 182
855 932 1263 1377 1585 1452 1372 1184 1107 859 681 541 477 473 427 431 490 509 604 650 624 478 527 498 523 287 386 399 369 311 301 296 122 125 142 222 278 321 405 467 493 568 606 613 646 652 578 660 652 593 649 634 729 697 686 603 568 582 589 547 582 554 542 502 516 504 481 554 464 443 478 521 522 533 311 458 361 240 147 114 134 98 122 171 152 110 138 152 98 124
950 981 1031 1326 1465 1714 1398 1108 975 946 982 695 641 564 514 511 503 561 435 540 434 437 348 361 283 424 280 268 321 339 281 290 216 216 262 154 214 333 356 403 559 601 630 666 697 695 679 764 667 638 703 732 790 725 726 644 650 642 627 563 614 582 563 525 504 502 454 465 425 418 410 363 379 278 578 599 404 203 179 123 193 177 143 274 175 142 176 137 134 129
1068 1092 1116 1219 1455 1250 1220 1059 989 916 860 844 855 763 683 569 709 589 557 388 366 343 262 252 244 322 265 310 255 242 302 274 216 239 226 197 335 359 506 461 482 581 612 686 714 723 713 753 723 665 713 803 883 863 854 813 765 750 719 691 684 602 581 548 498 468 435 413 379 381 302 426 450 428 353 522 418 318 283 202 242 306 243 304 286 168 183 160 180 122
1168 1188 1299 1492 1424 1204 1178 1107 1014 980 869 814 792 806 685 798 702 637 467 377 347 312 279 267 242 310 253 221 248 216 252 252 216 297 306 357 382 430 534 565 597 639 676 656 682 751 773 764 804 783 923 1023 1265 1307 1193 1017 922 861 844 803 765 663 633 565 486 467 475 389 357 328 319 382 431 442 425 541 575 418 353 284 305 360 385 352 346 326 286 275 187 146
1250 1320 1651 1618 1453 1270 1203 1107 1034 1096 842 804 781 795 889 762 648 581 523 442 352 312 295 292 324 250 216 216 216 216 216 216 250 279 304 333 378 455 508 619 609 663 647 703 701 749 735 834 925 1005 1097 1262 1605 1714 1530 1178 1192 998 992 895 792 705 697 653 523 469 499 405 382 357 370 388 433 442 516 642 460 382 345 273 363 490 488 401 358 324 291 312 230 258
