testing/guntur_topography.txt
ncols         151
nrows         151
xllcorner     804846
yllcorner     9198037
cellsize      134
NODATA_value  -9999
[rows 39 to 77 of 151, columns 0 to 87 of 151]
-9999 998 1011 1046 1016 1011 1029 1047 1065 1085 1096 1084 1106 1124 1176 1195 1197 1205 1205 1195 1208 1235 1256 1294 1302 1329 1327 1391 1393 1387 1389 1391 1409 1413 1433 1423 1455 1449 1469 1473 1461 1412 1427 1457 1440 1422 1406 1415 1410 1462 1463 1447 1422 1433 1401 1365 1352 1360 1344 1325 1292 1277 1258 1211 1211 1210 1211 1208 1208 1209 1207 1205 1200 1194 1183 1175 1155 1127 1098 1104 1097 1091 1069 1062 1058 1044 1035 1023
-9999 1022 1032 1054 1029 1018 1037 1072 1064 1068 1101 1097 1113 1127 1171 1189 1221 1223 1235 1225 1249 1283 1280 1312 1323 1351 1363 1408 1431 1437 1432 1405 1432 1432 1444 1442 1479 1470 1492 1492 1468 1439 1448 1465 1451 1480 1449 1445 1454 1515 1519 1506 1474 1471 1421 1396 1427 1411 1386 1384 1352 1308 1270 1217 1220 1222 1224 1228 1239 1244 1240 1223 1217 1209 1190 1171 1122 1113 1128 1122 1107 1098 1083 1073 1067 1049 1050 1054
-9999 1055 1072 1079 1066 1060 1065 1054 1109 1104 1105 1122 1136 1143 1191 1205 1222 1222 1233 1245 1258 1318 1354 1401 1402 1401 1408 1451 1465 1480 1481 1475 1474 1477 1482 1460 1500 1489 1498 1496 1466 1477 1472 1486 1467 1498 1473 1466 1470 1534 1548 1531 1519 1510 1445 1420 1447 1424 1381 1355 1307 1268 1246 1224 1228 1230 1234 1239 1250 1254 1249 1229 1221 1213 1189 1160 1132 1128 1134 1127 1120 1111 1093 1088 1082 1063 1067 1073
-9999 1053 1079 1094 1080 1085 1088 1061 1116 1122 1113 1129 1163 1163 1179 1200 1228 1239 1241 1249 1267 1331 1383 1431 1438 1438 1437 1482 1495 1515 1521 1516 1497 1497 1510 1503 1524 1537 1530 1510 1489 1552 1542 1552 1518 1531 1542 1532 1528 1590 1613 1613 1615 1571 1524 1510 1455 1438 1416 1379 1302 1271 1288 1259 1257 1249 1254 1266 1273 1271 1266 1246 1240 1225 1195 1182 1160 1160 1146 1143 1138 1138 1120 1112 1102 1081 1082 1105
-9999 1069 1084 1107 1078 1085 1099 1110 1084 1106 1132 1137 1161 1172 1208 1218 1238 1258 1274 1281 1302 1359 1398 1455 1458 1469 1470 1514 1523 1539 1556 1557 1526 1517 1530 1523 1538 1554 1539 1514 1501 1569 1575 1587 1552 1554 1567 1561 1559 1611 1649 1667 1653 1599 1585 1558 1473 1454 1429 1374 1307 1327 1322 1280 1273 1257 1261 1283 1290 1282 1284 1267 1255 1240 1200 1180 1170 1169 1159 1158 1153 1151 1134 1123 1116 1109 1120 1135
-9999 1065 1094 1106 1084 1100 1097 1114 1114 1096 1136 1146 1156 1173 1198 1203 1236 1257 1278 1298 1302 1357 1400 1474 1480 1492 1502 1517 1530 1553 1607 1621 1599 1605 1586 1581 1576 1583 1570 1557 1548 1608 1632 1624 1609 1605 1627 1626 1613 1701 1741 1781 1756 1715 1641 1586 1492 1500 1407 1393 1385 1376 1341 1329 1355 1318 1290 1295 1308 1304 1308 1285 1267 1241 1215 1191 1191 1190 1189 1179 1171 1168 1150 1137 1134 1128 1139 1137
-9999 1066 1103 1113 1100 1136 1137 1133 1175 1172 1141 1150 1191 1192 1229 1223 1227 1244 1262 1298 1319 1355 1374 1452 1466 1490 1490 1512 1529 1558 1606 1628 1613 1625 1617 1608 1583 1603 1610 1601 1581 1621 1649 1639 1649 1632 1660 1655 1654 1746 1777 1778 1761 1725 1621 1568 1513 1513 1435 1437 1412 1377 1341 1364 1401 1389 1340 1307 1318 1315 1320 1292 1270 1257 1261 1251 1263 1292 1315 1306 1243 1212 1178 1177 1174 1188 1170 1139
-9999 1076 1115 1118 1111 1145 1154 1165 1189 1196 1156 1161 1214 1211 1243 1259 1281 1288 1283 1284 1292 1375 1404 1423 1440 1467 1486 1525 1550 1583 1604 1629 1648 1651 1656 1638 1644 1658 1666 1680 1632 1625 1653 1694 1714 1679 1676 1706 1721 1778 1770 1732 1714 1679 1589 1577 1564 1541 1517 1510 1454 1435 1403 1438 1438 1434 1403 1328 1331 1329 1326 1304 1282 1318 1325 1301 1315 1343 1367 1358 1308 1265 1197 1195 1203 1206 1189 1136
-9999 1111 1127 1126 1118 1156 1165 1172 1200 1213 1184 1156 1226 1234 1238 1249 1274 1298 1319 1325 1308 1351 1387 1421 1433 1436 1458 1521 1550 1564 1590 1619 1655 1662 1655 1639 1666 1690 1684 1695 1662 1652 1656 1724 1739 1703 1694 1743 1734 1776 1765 1724 1697 1682 1615 1617 1586 1564 1539 1523 1473 1451 1438 1475 1496 1498 1479 1370 1374 1366 1361 1402 1418 1441 1446 1427 1480 1502 1500 1477 1407 1354 1256 1254 1267 1255 1246 1153
-9999 1136 1170 1149 1145 1180 1187 1210 1244 1264 1223 1192 1198 1228 1258 1292 1355 1352 1338 1345 1349 1335 1336 1414 1425 1422 1458 1514 1508 1545 1561 1583 1638 1652 1659 1655 1675 1710 1724 1727 1704 1695 1706 1788 1796 1782 1762 1782 1785 1754 1761 1748 1716 1699 1656 1647 1600 1577 1550 1530 1493 1471 1493 1531 1538 1527 1508 1400 1399 1396 1385 1448 1485 1488 1486 1474 1553 1567 1546 1527 1442 1380 1294 1304 1285 1276 1248 1173
-9999 1161 1185 1159 1156 1182 1201 1217 1248 1276 1260 1242 1216 1211 1278 1314 1366 1386 1370 1357 1352 1354 1339 1379 1388 1410 1439 1485 1500 1526 1547 1591 1628 1637 1673 1674 1674 1712 1743 1744 1747 1723 1738 1787 1812 1808 1793 1801 1797 1759 1766 1764 1750 1747 1685 1647 1611 1597 1586 1594 1558 1544 1614 1620 1609 1581 1533 1466 1461 1450 1444 1504 1534 1559 1555 1574 1642 1651 1628 1604 1532 1485 1369 1345 1329 1311 1260 1235
-9999 1222 1203 1188 1176 1192 1224 1251 1277 1273 1330 1327 1315 1275 1251 1277 1353 1382 1416 1423 1418 1403 1381 1368 1382 1407 1423 1458 1484 1528 1556 1584 1620 1636 1663 1690 1688 1714 1768 1781 1807 1793 1761 1809 1825 1832 1834 1817 1804 1777 1779 1786 1773 1749 1678 1645 1622 1613 1624 1618 1584 1594 1647 1646 1636 1606 1543 1509 1502 1476 1476 1553 1576 1586 1589 1632 1686 1691 1668 1638 1567 1522 1399 1375 1358 1323 1274 1302
-9999 1234 1209 1201 1203 1194 1225 1267 1300 1290 1354 1351 1341 1293 1283 1278 1307 1347 1410 1434 1437 1410 1403 1381 1378 1402 1415 1441 1477 1532 1551 1571 1614 1637 1668 1692 1713 1736 1781 1796 1825 1811 1780 1821 1843 1874 1891 1858 1831 1816 1793 1745 1738 1706 1661 1655 1640 1651 1624 1615 1662 1685 1690 1683 1672 1641 1596 1605 1610 1550 1548 1622 1641 1652 1691 1731 1772 1769 1739 1709 1632 1593 1472 1466 1404 1379 1389 1407
-9999 1247 1227 1244 1254 1251 1257 1287 1310 1324 1370 1394 1358 1335 1331 1348 1315 1347 1423 1451 1470 1439 1442 1401 1402 1442 1480 1488 1472 1507 1535 1552 1590 1613 1677 1702 1747 1760 1806 1816 1839 1813 1791 1813 1833 1869 1896 1875 1860 1808 1783 1721 1707 1685 1659 1656 1669 1663 1635 1638 1701 1710 1705 1689 1674 1640 1604 1644 1651 1592 1581 1660 1666 1681 1744 1789 1814 1809 1770 1740 1661 1615 1527 1497 1434 1425 1416 1415
-9999 1258 1242 1264 1276 1269 1279 1303 1313 1346 1378 1412 1363 1371 1347 1370 1343 1373 1441 1452 1477 1454 1451 1416 1422 1439 1481 1529 1498 1513 1530 1545 1570 1595 1663 1711 1795 1799 1833 1854 1865 1851 1844 1825 1847 1898 1905 1892 1854 1814 1802 1714 1709 1710 1711 1693 1683 1667 1669 1710 1750 1749 1717 1699 1688 1643 1653 1720 1731 1682 1692 1713 1706 1782 1842 1867 1882 1870 1831 1804 1703 1642 1614 1536 1481 1460 1439 1450
-9999 1269 1254 1290 1302 1339 1337 1350 1350 1372 1401 1428 1414 1442 1403 1395 1382 1373 1429 1462 1493 1479 1457 1438 1450 1452 1499 1555 1524 1536 1533 1542 1571 1586 1657 1695 1766 1769 1782 1810 1860 1870 1857 1836 1848 1911 1911 1898 1853 1843 1815 1716 1706 1706 1715 1713 1700 1685 1703 1741 1768 1765 1718 1704 1695 1668 1679 1751 1767 1746 1744 1752 1741 1815 1872 1898 1909 1898 1851 1822 1751 1682 1635 1601 1558 1516 1515 1504
-9999 1282 1270 1284 1310 1362 1376 1376 1383 1396 1421 1431 1459 1462 1425 1415 1400 1384 1444 1479 1497 1476 1458 1490 1495 1478 1519 1570 1548 1536 1545 1558 1579 1591 1642 1673 1699 1715 1734 1748 1825 1869 1878 1881 1901 1901 1904 1897 1888 1871 1824 1762 1723 1716 1714 1713 1709 1704 1757 1801 1810 1794 1726 1723 1720 1712 1716 1794 1820 1838 1836 1806 1801 1840 1904 1925 1938 1925 1876 1843 1782 1715 1670 1649 1591 1565 1570 1539
-9999 1293 1296 1292 1313 1382 1414 1437 1452 1502 1483 1454 1498 1492 1447 1438 1406 1396 1460 1491 1504 1499 1482 1506 1514 1491 1527 1582 1569 1539 1554 1568 1582 1589 1633 1649 1691 1702 1733 1751 1829 1874 1881 1899 1905 1898 1896 1913 1909 1881 1841 1765 1730 1714 1717 1717 1708 1707 1784 1825 1826 1807 1743 1743 1732 1727 1735 1807 1838 1854 1862 1836 1836 1860 1953 2001 2000 1986 1930 1911 1857 1782 1711 1693 1658 1628 1617 1567
-9999 1298 1316 1306 1311 1380 1427 1464 1478 1537 1504 1501 1535 1519 1477 1499 1455 1426 1452 1482 1493 1505 1504 1522 1528 1527 1531 1592 1591 1588 1603 1617 1613 1605 1651 1678 1713 1739 1772 1796 1853 1869 1869 1853 1855 1868 1872 1901 1883 1880 1860 1808 1788 1729 1721 1721 1726 1752 1858 1865 1871 1851 1777 1766 1746 1750 1764 1836 1869 1876 1873 1853 1871 1870 1963 2031 2033 2019 1961 1946 1900 1847 1740 1718 1670 1653 1597 1583
-9999 1316 1338 1344 1320 1374 1423 1498 1500 1563 1535 1515 1546 1526 1484 1511 1459 1439 1472 1463 1478 1497 1517 1533 1538 1548 1548 1580 1601 1617 1627 1640 1645 1634 1633 1649 1712 1726 1786 1813 1832 1841 1860 1828 1833 1847 1842 1875 1859 1858 1834 1785 1756 1730 1724 1723 1745 1765 1875 1884 1886 1872 1830 1807 1779 1797 1816 1933 1977 1990 1961 1886 1930 1944 1990 2080 2086 2078 2044 2020 1948 1851 1783 1747 1701 1654 1664 1656
-9999 1359 1391 1414 1384 1356 1385 1476 1532 1576 1550 1539 1567 1557 1512 1525 1479 1462 1495 1473 1492 1497 1512 1538 1547 1568 1564 1556 1575 1611 1629 1665 1665 1654 1649 1652 1678 1702 1754 1769 1787 1809 1845 1824 1815 1814 1817 1817 1835 1827 1821 1771 1747 1730 1728 1732 1751 1770 1880 1887 1893 1885 1842 1820 1801 1821 1835 1938 1978 2000 1976 1912 1951 1999 2031 2107 2118 2113 2077 2045 1924 1842 1786 1758 1686 1670 1717 1704
-9999 1384 1420 1445 1422 1371 1390 1461 1516 1577 1562 1560 1577 1555 1530 1541 1498 1475 1499 1483 1493 1495 1504 1519 1541 1563 1567 1572 1579 1607 1628 1647 1651 1652 1665 1665 1709 1728 1782 1798 1790 1800 1841 1818 1795 1790 1798 1807 1828 1823 1828 1790 1775 1738 1743 1750 1761 1798 1870 1885 1907 1906 1888 1872 1858 1859 1868 1919 1928 1942 1937 1930 1962 2099 2117 2156 2163 2163 2131 2080 1927 1876 1799 1760 1735 1740 1801 1795
-9999 1388 1429 1507 1474 1403 1415 1472 1516 1556 1589 1603 1596 1564 1556 1560 1492 1491 1498 1499 1506 1503 1504 1510 1515 1541 1547 1572 1588 1606 1620 1646 1650 1647 1654 1665 1719 1752 1815 1830 1849 1821 1830 1812 1801 1772 1774 1808 1819 1822 1837 1826 1809 1758 1746 1749 1765 1791 1861 1882 1912 1919 1920 1924 1905 1910 1920 1949 1957 1957 1940 1931 1966 2133 2152 2133 2129 2136 2127 2070 1958 1901 1811 1780 1774 1786 1832 1856
-9999 1373 1411 1508 1509 1426 1418 1471 1508 1544 1575 1613 1611 1570 1575 1567 1485 1486 1493 1495 1509 1505 1509 1515 1515 1526 1532 1571 1582 1601 1616 1634 1638 1641 1644 1659 1683 1718 1820 1842 1866 1867 1826 1800 1779 1757 1757 1809 1823 1797 1819 1854 1874 1818 1824 1799 1773 1788 1846 1877 1928 1943 1966 1986 2020 2018 2017 2043 2032 2001 1973 1947 1973 2082 2124 2033 2020 2027 2095 2091 2002 1937 1860 1833 1860 1869 1897 1931
-9999 1372 1380 1458 1512 1480 1457 1467 1499 1534 1574 1617 1628 1608 1599 1555 1498 1490 1479 1475 1487 1492 1498 1514 1510 1518 1525 1553 1573 1590 1605 1612 1631 1642 1640 1646 1673 1710 1810 1841 1855 1867 1828 1821 1809 1772 1751 1797 1803 1790 1820 1860 1889 1857 1867 1842 1802 1801 1840 1869 1930 1948 1978 1999 2048 2060 2067 2099 2085 2027 1994 1968 1989 2111 2089 2010 1999 2011 2088 2061 2020 1959 1863 1853 1889 1915 1949 1954
-9999 1403 1385 1444 1498 1502 1475 1483 1493 1533 1575 1616 1638 1628 1573 1531 1497 1486 1480 1472 1478 1480 1489 1507 1500 1507 1518 1550 1568 1579 1580 1600 1615 1627 1649 1660 1693 1735 1810 1833 1831 1850 1866 1852 1836 1789 1740 1752 1756 1793 1814 1886 1902 1886 1894 1893 1899 1887 1832 1831 1939 1982 2010 2030 2092 2125 2159 2215 2162 2049 2029 2030 2041 2024 2001 1988 1958 1967 1964 1941 1955 1937 1853 1866 1888 1924 1951 1967
-9999 1486 1448 1448 1506 1559 1541 1510 1524 1542 1578 1617 1603 1574 1527 1509 1484 1482 1473 1474 1474 1476 1479 1498 1496 1521 1527 1549 1564 1564 1569 1600 1612 1628 1642 1653 1701 1735 1805 1825 1811 1835 1849 1836 1817 1779 1747 1711 1729 1785 1808 1872 1883 1884 1899 1920 1933 1914 1854 1837 1915 1977 2022 2050 2125 2173 2212 2230 2169 2056 2059 2048 2029 1981 1967 1998 1943 1911 1847 1842 1854 1827 1799 1807 1826 1862 1862 1884
-9999 1503 1459 1453 1502 1592 1566 1512 1520 1539 1572 1596 1569 1535 1510 1498 1481 1477 1472 1473 1474 1477 1483 1489 1495 1511 1512 1523 1533 1557 1558 1591 1605 1610 1626 1647 1716 1739 1779 1783 1790 1805 1809 1785 1770 1752 1726 1696 1702 1768 1788 1835 1857 1898 1931 1987 2002 1988 1915 1878 1884 1922 2016 2051 2172 2190 2167 2209 2179 2133 2118 2043 2021 1956 1940 1937 1902 1872 1816 1786 1757 1749 1758 1763 1786 1818 1795 1814
1609 1561 1523 1459 1468 1580 1567 1515 1506 1551 1564 1566 1556 1532 1499 1495 1477 1471 1472 1473 1475 1477 1484 1492 1493 1503 1509 1527 1533 1544 1551 1580 1587 1601 1621 1638 1690 1706 1752 1755 1765 1778 1788 1762 1759 1759 1738 1692 1681 1760 1800 1844 1866 1926 1967 2018 2026 2020 1952 1928 1903 1913 2000 2033 2161 2190 2198 2194 2168 2189 2146 2047 1998 1916 1890 1863 1854 1796 1774 1751 1709 1695 1688 1685 1738 1764 1698 1678
1638 1591 1555 1474 1463 1549 1553 1521 1511 1539 1528 1548 1529 1512 1487 1484 1473 1472 1473 1472 1474 1476 1478 1483 1484 1493 1500 1513 1512 1524 1532 1555 1561 1589 1604 1611 1644 1682 1713 1705 1728 1731 1735 1727 1694 1703 1691 1658 1651 1710 1750 1812 1844 1920 1969 2063 2093 2112 2056 2037 1994 1984 1987 2018 2121 2159 2174 2166 2159 2174 2155 2050 2008 1913 1878 1827 1813 1773 1762 1745 1706 1685 1664 1663 1705 1716 1649 1630
1686 1637 1591 1491 1472 1502 1513 1532 1537 1528 1514 1549 1544 1531 1487 1482 1474 1472 1473 1474 1474 1474 1480 1480 1481 1489 1499 1504 1502 1534 1538 1551 1565 1581 1590 1598 1655 1683 1685 1683 1705 1709 1710 1711 1677 1680 1669 1635 1642 1681 1707 1812 1866 1951 1972 2050 2093 2114 2074 2027 2000 2013 2032 2024 2051 2063 2108 2130 2122 2128 2112 2033 1993 1928 1901 1828 1792 1753 1740 1727 1699 1676 1656 1650 1625 1646 1623 1594
1708 1650 1600 1530 1508 1481 1471 1486 1518 1500 1492 1522 1540 1545 1499 1492 1481 1475 1471 1473 1474 1475 1475 1479 1483 1489 1492 1497 1498 1502 1516 1539 1535 1549 1563 1600 1656 1654 1641 1646 1667 1679 1662 1672 1665 1646 1632 1617 1648 1654 1698 1833 1897 1975 1967 2011 2053 2081 2042 1990 1980 2002 2016 2011 2034 2030 2062 2079 2072 2075 2076 2065 2030 1973 1947 1853 1808 1758 1733 1718 1692 1668 1649 1640 1608 1631 1651 1558
1701 1647 1599 1537 1529 1481 1484 1481 1495 1489 1486 1508 1526 1539 1515 1503 1483 1475 1472 1471 1473 1475 1476 1477 1482 1492 1488 1494 1493 1498 1508 1521 1522 1544 1562 1603 1643 1634 1626 1631 1659 1668 1652 1656 1661 1652 1624 1616 1636 1639 1683 1802 1868 1919 1878 1917 1943 1977 1972 1935 1945 1968 2011 2020 2032 1988 1968 1980 1970 2021 2068 2094 2067 1984 1963 1873 1827 1759 1724 1706 1667 1643 1604 1563 1561 1581 1565 1538
1667 1628 1581 1550 1547 1495 1497 1483 1478 1487 1483 1494 1522 1562 1540 1518 1494 1484 1474 1473 1474 1473 1475 1477 1479 1483 1483 1489 1488 1483 1487 1488 1502 1546 1589 1623 1640 1627 1611 1623 1650 1655 1641 1640 1650 1646 1638 1600 1622 1629 1669 1786 1839 1864 1827 1880 1896 1911 1929 1903 1920 1947 1999 2031 2036 1992 1926 1932 1931 2000 2047 2068 2052 1991 1971 1892 1850 1769 1721 1684 1642 1624 1592 1547 1521 1547 1521 1499
1636 1602 1564 1551 1550 1502 1502 1492 1484 1486 1486 1498 1544 1590 1578 1556 1510 1492 1480 1476 1473 1472 1475 1477 1478 1482 1485 1499 1487 1482 1482 1480 1496 1532 1564 1591 1630 1617 1603 1596 1606 1628 1624 1622 1634 1632 1616 1578 1575 1638 1678 1726 1753 1757 1767 1806 1817 1828 1850 1833 1870 1912 1977 1982 1921 1891 1851 1860 1897 1959 1981 1999 2020 2017 1984 1905 1888 1798 1741 1691 1591 1553 1511 1501 1461 1472 1439 1414
1591 1576 1561 1581 1568 1547 1541 1504 1498 1495 1497 1521 1560 1599 1621 1616 1520 1496 1496 1484 1483 1482 1481 1479 1482 1479 1490 1510 1496 1470 1474 1469 1486 1527 1543 1550 1603 1596 1594 1586 1590 1623 1620 1604 1628 1628 1614 1577 1569 1626 1666 1707 1716 1721 1748 1778 1798 1818 1811 1813 1870 1912 1958 1951 1885 1855 1814 1832 1866 1913 1934 1972 2003 1988 1968 1913 1896 1799 1745 1692 1579 1536 1473 1452 1415 1417 1395 1376
1588 1585 1580 1594 1588 1564 1551 1512 1497 1483 1490 1487 1523 1560 1601 1615 1541 1505 1497 1489 1486 1485 1482 1479 1483 1484 1498 1514 1520 1460 1440 1454 1472 1498 1514 1534 1571 1575 1568 1560 1580 1620 1634 1599 1588 1589 1584 1551 1558 1610 1635 1672 1673 1675 1707 1734 1762 1767 1805 1838 1920 1924 1899 1885 1847 1828 1761 1782 1797 1804 1825 1895 1928 1926 1924 1822 1851 1786 1723 1674 1570 1530 1449 1417 1375 1365 1357 1342
1643 1644 1630 1588 1580 1512 1493 1455 1464 1473 1460 1490 1523 1545 1602 1627 1605 1566 1507 1502 1493 1487 1483 1480 1483 1498 1510 1531 1533 1457 1434 1454 1466 1495 1519 1534 1542 1546 1551 1550 1572 1603 1636 1613 1569 1567 1565 1545 1552 1582 1593 1628 1635 1666 1685 1712 1736 1753 1813 1852 1911 1890 1871 1843 1792 1779 1736 1757 1769 1763 1785 1855 1880 1892 1894 1830 1852 1766 1705 1645 1554 1512 1437 1403 1339 1316 1290 1256
1657 1661 1628 1609 1576 1497 1473 1444 1441 1470 1450 1499 1528 1573 1595 1611 1608 1572 1525 1517 1497 1488 1487 1488 1504 1521 1506 1454 1452 1409 1421 1446 1442 1458 1485 1500 1487 1489 1504 1502 1537 1554 1580 1574 1544 1531 1531 1536 1548 1572 1582 1607 1625 1657 1669 1713 1749 1811 1835 1855 1838 1827 1787 1713 1674 1679 1679 1696 1730 1730 1751 1808 1827 1851 1852 1846 1825 1735 1688 1583 1542 1502 1420 1384 1317 1285 1244 1196
