testing/guntur_topography.txt
ncols         151
nrows         151
xllcorner     714418
yllcorner     9106086
cellsize      1342
NODATA_value  -9999
[rows 40 to 79 of 151, columns 0 to 89 of 151]
1633 1663 1700 1753 1474 1324 1291 1198 1114 1121 1027 800 796 835 828 734 762 655 509 393 381 425 383 382 275 231 233 216 216 216 216 216 239 250 281 320 395 439 482 619 649 613 749 756 727 765 807 874 1096 1290 1236 1530 1614 1611 1684 1599 1411 1259 1072 953 801 754 687 631 730 663 603 467 408 441 386 383 414 471 611 535 461 332 323 355 433 513 556 540 608 580 366 360 316 208
2154 2198 2054 1831 1646 1499 1451 1272 1164 1042 962 871 955 935 799 765 718 447 397 382 341 308 306 305 266 238 244 228 216 216 237 216 230 283 263 335 366 468 482 588 622 657 629 788 816 868 922 981 1362 1332 1737 1822 1562 1688 2046 1856 1701 1404 1230 1080 873 781 800 635 905 801 570 509 497 478 390 407 423 452 578 621 476 378 360 385 519 654 744 1023 1102 854 585 446 370 198
2237 2516 2637 2103 1894 1689 1576 1365 1192 1056 999 1133 1200 836 807 690 592 469 627 475 296 282 275 261 271 269 248 216 216 243 239 216 242 234 278 328 384 397 464 532 580 588 594 754 902 939 956 1033 1425 1406 1417 1707 1560 1642 2065 1765 1763 1424 1265 1254 916 924 1037 907 916 766 775 793 766 654 526 485 515 489 549 556 478 381 367 412 587 793 945 1289 1509 1066 651 513 428 294
2093 2297 2501 2493 2356 1908 1697 1366 1180 1022 924 872 926 817 678 657 762 630 414 327 307 296 273 267 266 260 216 233 216 216 316 272 235 254 260 317 364 440 502 599 608 588 611 810 872 869 984 1097 1234 1430 1832 1994 1569 1605 1840 1749 1716 1525 1450 1354 1308 978 910 1109 1071 903 788 1366 1415 1041 690 732 892 702 604 627 487 455 399 409 527 687 939 1220 1274 1180 671 568 447 312
2062 2405 2435 2750 2636 1971 1696 1343 1153 1007 877 901 845 685 619 534 496 445 390 333 315 295 280 272 266 256 257 254 225 227 372 405 365 292 358 328 332 431 533 543 510 535 658 725 821 889 948 1014 1149 1284 1465 1464 1397 1498 1581 1601 1545 1465 1353 1290 1468 1180 1187 1261 1246 1274 1203 1319 1214 1012 974 780 1017 795 932 630 619 581 430 426 572 614 689 906 945 800 619 564 464 299
1993 1912 2161 2722 2777 2005 1566 1412 1155 981 844 769 681 615 553 492 449 395 378 346 327 304 288 281 268 253 265 269 268 259 258 298 467 339 445 529 393 444 474 490 497 539 601 684 824 842 937 1034 1066 1180 1192 1253 1311 1337 1320 1336 1337 1498 1205 1172 1237 1377 1308 1598 1808 1671 1622 1609 1496 1545 1384 947 1178 1073 920 843 733 725 483 468 542 571 601 637 666 677 563 507 455 327
1531 1637 1906 2101 2199 1766 1406 1273 1138 963 824 720 677 616 551 505 456 415 394 361 336 311 299 282 269 268 267 271 270 272 271 233 283 320 335 325 378 427 500 468 526 529 587 588 642 804 811 924 1056 1138 1186 1229 1192 1243 1227 1237 1220 1192 1160 1171 1189 1186 1247 1432 1838 1862 1787 1680 1592 1421 1436 1343 1236 1064 946 735 796 833 595 533 569 603 586 561 613 577 515 460 410 316
1333 1365 1475 1733 1657 1417 1287 1166 999 882 786 682 639 569 525 479 441 408 389 363 340 319 294 282 267 271 274 277 283 287 297 270 288 311 332 355 387 410 477 491 617 596 753 702 701 716 794 887 1022 1072 1123 1139 1167 1250 1192 1245 1228 1207 1167 1181 1204 1270 1266 1377 1668 1717 1715 1543 1580 1463 1264 1381 1282 1220 854 849 650 689 626 542 543 556 559 545 519 471 447 376 313 287
1208 1260 1366 1367 1405 1276 1153 1087 928 818 731 653 613 543 495 457 423 395 381 359 339 320 302 300 268 279 286 283 288 294 293 221 293 330 360 367 392 453 469 549 599 699 752 708 741 756 778 862 961 966 1061 1066 1100 1122 1121 1168 1230 1256 1262 1096 1217 1269 1332 1369 1413 1540 1771 1423 1409 1572 1205 1195 975 951 833 816 695 571 494 501 482 478 470 561 484 435 356 365 273 321
1085 1136 1151 1172 1215 1157 1045 956 880 771 689 623 597 542 487 451 419 391 379 358 340 326 308 301 268 285 283 286 294 298 301 278 280 316 330 340 394 614 783 701 763 912 724 732 689 680 705 775 833 873 926 930 974 1002 1028 1050 1013 1049 1034 1207 1316 1250 1325 1527 1693 1525 1608 1450 1354 1272 1111 1096 999 896 855 804 820 641 490 472 465 467 466 449 371 363 383 345 338 330
1054 1077 1085 1106 1137 1098 999 960 851 748 667 615 583 527 485 462 448 426 378 358 345 333 328 317 304 317 308 300 320 457 269 268 263 251 340 321 511 728 786 740 709 688 657 673 668 664 676 718 751 782 836 859 893 901 903 903 909 971 935 1144 1128 1129 1249 1274 1364 1400 1399 1345 1276 1150 1036 1081 1054 889 837 816 788 753 533 470 558 473 531 401 517 456 514 365 368 345
921 961 950 968 1005 963 915 883 843 725 642 578 565 526 489 461 468 427 391 378 363 366 305 336 336 323 314 373 432 505 272 393 603 381 556 608 595 798 830 745 689 673 658 661 649 669 679 711 747 763 781 807 832 850 850 831 837 804 869 906 922 916 994 1136 1129 1528 1555 1178 1104 1062 974 1040 945 922 878 796 660 633 644 518 507 519 482 456 467 527 467 405 400 375
836 829 863 863 878 855 837 826 888 784 683 573 551 511 483 454 434 405 409 397 357 336 347 356 407 368 480 341 333 366 524 732 822 697 689 751 723 732 658 692 650 647 643 638 638 657 669 788 733 747 759 762 782 785 784 786 771 743 792 776 842 854 967 1091 1078 1430 1598 1163 1012 988 906 929 915 896 904 827 652 731 762 694 648 600 484 529 668 735 517 430 512 438
744 744 769 772 770 771 792 874 1189 856 632 609 603 556 489 452 434 407 405 367 375 359 359 378 426 509 410 526 563 572 669 794 688 561 609 778 705 725 652 655 649 654 654 655 648 661 669 721 722 736 742 750 761 762 769 769 740 722 719 724 734 793 873 899 945 1099 1199 1019 952 868 907 889 894 810 804 870 831 838 884 760 673 638 614 894 646 928 686 744 681 586
673 688 704 698 696 706 950 950 1129 904 748 671 625 616 576 452 439 421 406 379 381 403 400 397 577 555 574 524 634 766 977 744 709 705 541 727 788 665 655 650 638 638 659 653 657 658 674 770 727 717 718 731 736 729 735 730 714 701 694 694 697 692 731 721 826 882 955 881 856 820 854 856 848 878 855 938 1066 1084 1035 887 826 737 590 749 1061 900 680 811 1042 744
615 658 671 666 667 670 847 857 992 899 742 644 634 745 598 451 433 420 422 403 399 488 535 509 460 836 685 738 893 928 882 690 678 681 733 669 638 638 638 650 646 654 654 652 638 664 665 674 763 700 700 715 714 718 710 702 694 688 686 680 684 681 689 699 750 804 811 788 804 798 818 861 854 878 889 1074 1370 1430 1197 1060 1133 934 707 864 1042 1008 759 1065 761 565
590 601 608 616 719 587 614 739 861 882 852 714 637 611 537 451 434 427 434 480 509 470 648 585 714 879 1034 870 856 819 747 798 734 704 649 653 652 638 734 638 638 650 638 659 662 666 640 831 687 687 690 699 700 701 694 697 693 685 685 677 673 672 676 680 695 713 759 755 735 724 858 1067 827 825 901 1148 1550 1527 1306 1151 1212 1131 882 1024 1083 1149 1189 965 704 821
544 552 562 565 572 576 583 606 764 716 699 615 684 664 463 452 448 480 509 582 613 781 511 572 541 836 901 814 812 810 956 749 915 778 675 665 667 675 664 642 638 638 653 684 665 660 668 671 686 675 680 684 688 690 688 687 684 682 676 675 672 668 666 666 667 669 682 700 692 682 746 1097 840 813 893 1149 1524 1599 1372 1277 1247 1372 954 1133 1045 1274 1312 1273 1036 862
517 537 533 615 643 602 584 597 591 617 696 651 546 500 488 564 537 657 629 762 753 532 655 901 865 834 936 818 916 990 1079 977 960 732 722 681 688 683 645 659 638 650 798 952 816 692 717 844 665 668 676 674 676 676 685 680 681 677 673 674 668 668 668 665 666 665 679 682 678 682 685 699 785 779 819 961 1186 1210 1177 1178 1161 1205 1467 1272 1322 1441 1234 1079 911 790
521 522 591 651 619 619 676 654 647 795 833 752 666 539 718 761 743 779 807 645 490 762 770 874 881 879 903 951 1053 1110 1141 1161 964 804 868 722 691 657 657 649 651 646 866 871 1038 837 784 892 717 668 669 671 674 671 673 669 672 670 672 671 667 667 664 664 664 664 667 671 672 673 674 682 687 706 762 837 863 1085 1150 1338 1352 1355 1395 1303 1440 1328 1259 1056 894 762
665 586 600 580 633 645 671 682 790 873 885 885 784 684 790 797 825 820 871 579 528 887 903 860 918 891 914 979 999 1016 1107 1152 1023 754 814 777 704 668 676 665 638 676 1016 1100 1088 1073 951 891 666 664 664 662 663 664 661 661 661 668 666 668 662 663 662 665 666 664 665 665 666 666 669 676 682 696 701 872 1056 1377 1281 1163 1133 1131 1282 1112 957 1186 1034 928 747 742
560 603 670 668 709 836 721 737 814 859 946 983 941 894 957 954 946 837 750 670 588 636 842 893 928 988 957 971 987 1149 1096 989 842 862 790 860 788 742 712 666 658 664 895 931 891 792 729 688 674 669 667 659 662 664 663 664 662 664 663 660 662 662 661 666 664 663 667 667 663 666 666 671 683 714 718 741 913 994 1135 1188 1025 890 871 826 761 915 982 873 686 623
643 675 770 918 1034 1048 985 879 1038 950 1123 984 908 980 1013 1185 1041 996 902 899 623 917 987 986 935 954 955 953 987 1128 1029 944 973 934 918 912 878 857 715 707 689 777 939 964 945 973 774 801 681 671 666 669 665 663 661 663 662 660 663 659 662 661 665 664 667 663 667 665 669 667 668 668 694 738 740 788 817 884 897 939 1045 1000 850 696 714 820 808 806 617 602
757 835 910 1066 1008 1031 1041 1058 1181 1059 1096 984 950 1014 1057 1167 1010 997 985 982 735 922 930 983 1009 949 1026 1112 986 1022 1041 1020 1011 1125 1202 1211 988 838 808 809 830 959 921 892 1009 948 879 736 713 685 671 667 666 666 668 719 788 756 668 662 663 666 668 665 667 666 669 669 665 667 666 669 683 750 760 777 843 839 864 1016 819 876 890 802 695 649 627 678 549 556
847 1103 1076 1029 1061 1177 1226 1156 1166 1254 1075 1105 1069 1011 1063 1079 985 992 971 978 903 1041 1007 1042 1041 1051 1092 1113 1084 1089 1112 1114 1122 1184 1340 1307 1133 941 807 886 1108 1113 1086 1046 1060 882 746 747 720 687 672 669 671 666 669 757 971 752 721 666 692 689 670 672 667 671 670 669 668 667 674 681 722 811 825 888 867 897 885 955 911 655 660 806 657 539 538 522 518 503
985 1061 1028 1020 1020 1050 1234 1166 1248 1129 1283 1230 1111 1089 1100 1085 1045 1038 827 836 771 977 1001 1035 1041 1095 1118 1181 1141 1198 1119 1100 1110 1221 1372 1326 1311 1056 916 977 1181 1131 1145 1145 1115 808 779 731 716 681 672 674 670 669 676 681 727 1065 914 811 849 853 678 684 676 669 671 671 676 671 697 740 872 953 1057 1043 952 1042 939 736 699 669 627 573 548 516 523 496 496 469
958 1008 995 1032 1062 1020 1160 1074 1159 1111 1165 1192 1143 1109 1124 1084 1122 1077 901 958 827 957 913 1007 1057 1136 1167 1375 1327 1284 1244 1299 1198 1352 1380 1380 1393 1380 1260 1299 1334 1251 1330 1264 1144 874 914 868 752 697 697 674 674 679 692 759 836 888 911 899 887 908 896 701 694 692 681 677 686 704 737 784 1017 1112 1136 1198 1433 1079 805 1113 987 646 642 608 540 507 505 515 529 543
926 977 1000 1028 992 999 1044 1021 1128 1121 1129 1048 1082 1186 1181 1116 1033 1139 1041 982 836 921 929 1115 1168 1301 1299 1522 1505 1512 1588 1448 1252 1233 1351 1299 1371 1299 1313 1409 1167 1146 1249 1070 1155 969 1029 1018 819 741 724 723 727 730 772 814 886 980 973 963 864 805 753 748 760 732 705 685 725 746 785 878 1063 1131 1074 1228 1159 1027 809 737 759 631 794 644 597 537 547 576 593 596
852 910 942 1013 1043 1017 1019 1135 1133 1082 1121 1114 1025 999 1017 1025 968 1127 1047 977 872 966 1030 1169 1190 1422 1531 1612 1670 1703 1737 1463 1408 1302 1274 1305 1344 1344 1368 1293 1207 1169 1124 1070 983 1108 1220 1227 1111 804 748 782 823 831 842 955 970 1102 1080 999 865 811 786 790 780 774 718 753 772 784 885 973 1134 1091 1061 1075 1129 856 705 713 664 649 1180 673 588 526 571 578 684 713
787 866 878 981 980 1016 981 1053 1058 1046 1083 1046 921 934 1060 994 980 1042 1100 1057 925 1031 1099 1212 1248 1508 1644 1829 1645 1683 1772 1590 1462 1464 1497 1483 1540 1405 1474 1470 1266 1223 1146 1070 1042 1067 1161 1196 1152 914 802 847 892 988 1043 1057 1039 1155 1140 1067 884 860 821 811 803 773 730 807 822 931 924 1180 1204 1248 989 931 854 752 714 682 672 658 619 610 592 585 586 637 908 1142
749 796 799 819 801 990 996 1041 997 1046 1034 1054 899 840 852 939 991 1116 1217 1221 1130 1172 1261 1382 1351 1518 1612 1590 1522 1528 1586 1792 1675 1596 1536 1898 1601 1456 1835 1385 1257 1220 1154 1079 1060 1116 1348 1315 1217 932 814 866 921 1041 1087 1276 1426 1328 1321 1131 1010 870 877 829 838 863 797 875 909 973 1205 1278 1302 1284 1182 1172 876 805 705 690 682 682 623 609 621 614 614 682 1022 1175
728 773 785 790 816 867 960 933 909 944 884 842 831 911 918 919 987 1140 1152 1227 1288 1264 1266 1295 1409 1506 1477 1424 1476 1545 1572 1829 1665 1603 1629 1770 1726 1626 1603 1370 1328 1257 1191 1150 1109 1101 1209 1299 1141 890 874 930 935 1134 1271 1660 1837 1615 1575 1394 1128 986 902 1052 939 928 928 995 1089 1205 1393 1473 1487 1310 1210 1109 1019 956 743 747 723 710 667 629 637 648 651 754 1158 1535
714 722 759 718 797 865 893 869 826 884 859 790 892 907 951 937 942 1009 877 837 931 1179 1302 1381 1238 1256 1601 1747 1569 1719 1691 1545 1544 1524 1592 1849 2005 1814 1507 1457 1333 1309 1257 1260 1204 1238 1232 1181 1210 1039 938 1009 1207 1290 1616 1566 2030 1969 1929 1444 1218 1111 955 1063 1154 1094 1135 1209 1317 1382 1484 1781 1790 1643 1610 1718 1338 1009 771 880 742 671 635 653 636 649 669 701 1071 1416
648 658 608 676 735 770 787 724 707 845 868 801 813 820 940 813 796 748 665 769 938 1059 1137 1335 1351 1329 1395 1452 1644 1673 1584 1448 1426 1511 1644 1841 1746 1733 1739 1560 1502 1524 1550 1409 1367 1375 1256 1283 1289 1209 1026 1092 1331 1374 1642 1871 2214 2168 1787 1445 1334 1121 1012 1220 1337 1489 1268 1347 1604 1491 1588 1830 1826 1931 1959 2103 1894 1277 825 832 668 668 634 644 660 642 667 677 957 1184
620 614 642 686 681 710 636 751 791 771 763 803 793 811 833 715 724 560 669 753 884 1002 1209 1307 1229 1168 1331 1341 1375 1350 1375 1346 1455 1499 1657 1703 1757 2120 1956 1749 1630 1677 1729 1666 1594 1495 1451 1518 1887 1328 1170 1324 1385 1497 1868 2079 2230 2097 1956 1698 1387 1246 1099 1252 1561 1766 1329 1587 1566 1471 1533 1755 1800 1913 1998 1796 1759 1188 828 823 745 662 635 648 656 660 671 685 756 831
566 544 577 564 607 630 627 716 740 728 777 831 857 826 781 616 556 538 577 610 784 1125 1173 1195 1243 1292 1290 1347 1307 1269 1281 1336 1394 1560 1601 1820 1897 2153 2163 1979 1769 1903 1943 1802 1795 1833 1528 1709 1994 1416 1170 1333 1471 1524 1723 1997 2094 2188 2078 1825 1472 1280 1143 1190 1304 1481 1441 1657 1499 1572 1452 1502 1582 1827 1773 1709 1117 952 809 716 725 711 704 707 678 683 696 709 754 810
532 497 444 525 573 540 561 636 681 754 625 594 610 572 564 636 561 433 531 597 796 1092 976 1179 1129 1191 1246 1290 1177 1219 1288 1305 1427 1494 1623 1800 1817 2156 2120 1939 1802 1945 2073 1877 1966 1898 1717 1642 1504 1425 1318 1392 1428 1456 1567 1748 1962 1974 2042 1819 1550 1417 1255 1405 1714 1810 1590 1565 1387 1331 1381 1426 1622 1332 1264 1136 907 795 734 706 699 691 696 690 689 715 724 764 804 867
514 454 390 473 463 453 552 657 755 762 573 547 555 590 495 574 526 424 563 617 832 991 1098 1122 1117 1124 1211 1239 1119 1135 1255 1305 1308 1410 1563 1709 1872 2034 2126 1995 2048 1923 1961 1763 2069 1981 1775 1701 1456 1420 1437 1385 1447 1453 1529 1578 1686 1852 1865 1820 1519 1451 1396 1526 1631 1712 1543 1404 1302 1230 1146 1260 1093 1084 1118 1042 844 755 721 698 693 682 692 695 711 750 771 829 882 1010
454 440 406 425 352 461 531 532 563 549 498 503 490 449 492 489 401 441 609 767 853 1024 856 833 917 937 992 1049 1154 1241 1308 1494 1381 1443 1513 1659 1827 1971 1868 1895 1800 1867 1661 1550 1639 1980 1812 1642 1490 1419 1442 1434 1461 1481 1516 1566 1691 1894 1645 1568 1497 1481 1611 1609 1852 1647 1629 1449 1291 1124 1161 1039 1023 982 946 886 786 767 730 705 698 702 717 726 753 787 781 871 939 1042
328 384 321 271 350 392 414 396 442 530 457 448 463 466 362 373 372 446 672 787 935 813 798 876 1158 1142 1210 1258 1191 1225 1319 1415 1475 1679 1769 1640 1679 1876 1641 1642 1717 1872 1709 1370 1490 1848 1863 1695 1598 1445 1442 1474 1521 1544 1524 1555 1766 2161 1666 1573 1565 1589 1720 1951 1957 1820 1547 1405 1281 1123 1124 1002 995 958 921 905 796 762 725 697 706 709 730 750 791 858 843 897 971 1117
