testing/mayon_topography.txt
ncols         108
nrows         105
xllcorner     520861.13565711
yllcorner     1402130.3119182
cellsize      1000
NODATA_value  -9999
[rows 0 to 55 of 105, columns 0 to 95 of 108]
9 11 15 21 34 43 57 67 70 109 120 134 174 208 320 434 413 592 930 1185 1123 910 927 792 637 351 330 212 168 138 114 95 54 39 32 16 7 0 0 0 0 0 0 0 0 0 0 0 0 0 0 0 0 0 0 0 0 0 0 0 0 0 0 0 0 0 0 0 0 0 0 0 0 0 0 0 0 0 0 0 0 0 0 0 0 0 0 0 0 0 0 0 0 60 139 150
6 17 19 20 30 35 49 56 72 95 105 121 154 187 263 323 385 544 658 893 683 716 663 677 525 332 273 205 155 119 94 77 50 33 25 9 6 0 0 0 0 0 0 0 0 0 0 0 0 0 0 0 0 0 0 0 0 0 0 0 0 0 0 0 0 0 0 0 0 0 0 0 0 0 0 0 0 0 0 0 0 0 0 0 0 0 0 0 0 0 0 0 0 3 74 44
2 10 15 20 32 38 52 56 65 82 97 105 145 166 229 210 259 340 333 419 366 423 383 356 326 233 199 155 129 104 61 47 35 24 19 8 5 3 0 0 0 0 0 0 0 0 0 0 0 0 0 0 0 0 0 0 0 0 0 0 0 0 0 0 0 0 0 0 0 0 0 0 0 0 0 0 0 0 0 0 0 0 0 0 0 0 0 0 0 0 0 0 1 0 4 2
2 10 16 19 26 30 38 46 54 68 74 86 111 131 159 181 211 248 261 305 275 310 278 242 269 211 170 129 115 89 46 37 28 19 11 3 4 23 28 0 0 0 0 0 0 0 0 0 0 0 0 0 0 0 0 0 0 0 0 0 0 0 0 0 0 0 0 0 0 0 0 0 0 0 0 0 0 0 0 0 0 0 0 0 0 0 0 0 0 0 0 0 0 3 0 0
4 11 12 16 29 27 38 44 49 61 67 67 96 108 134 153 178 186 197 221 206 210 203 215 205 181 150 103 83 75 36 30 18 6 4 4 6 7 0 0 0 0 0 0 0 0 0 0 0 0 0 0 0 0 0 0 0 0 0 0 0 0 0 0 0 0 0 0 0 0 0 0 0 0 0 0 0 0 0 0 0 0 0 0 0 0 0 0 0 0 0 0 0 0 0 0
2 8 9 14 18 25 31 39 40 51 53 53 62 79 80 96 120 122 126 114 127 132 106 119 119 112 98 65 56 49 22 18 43 53 69 68 60 0 0 0 39 41 0 0 0 0 0 0 0 0 0 0 0 0 0 0 0 0 0 0 0 0 0 0 0 0 0 0 0 0 0 0 0 0 0 0 0 0 0 0 0 0 0 0 0 0 0 0 0 0 0 0 0 0 0 0
4 7 7 11 18 25 29 34 36 44 44 50 58 55 62 73 78 91 91 84 93 98 90 90 88 79 73 60 44 35 20 47 73 93 98 109 7 0 0 0 0 0 0 0 0 0 0 0 0 0 0 0 0 0 0 0 0 0 0 0 0 0 0 0 0 0 0 0 0 0 0 0 0 0 0 0 0 0 0 0 0 0 0 0 0 0 0 0 0 0 0 0 0 0 0 0
1 4 7 12 14 22 31 33 33 40 43 40 47 45 49 60 51 66 66 59 69 70 69 69 68 64 61 54 41 33 26 40 96 127 156 124 45 0 0 0 0 0 0 0 0 0 0 0 0 0 0 0 0 0 0 0 0 0 0 0 0 0 0 0 0 0 0 0 0 0 0 0 0 0 0 0 0 0 0 0 0 0 0 0 0 0 0 0 0 0 0 0 0 0 0 0
3 8 7 8 14 17 22 25 29 31 31 32 34 33 31 30 28 37 37 46 40 40 43 39 43 49 50 48 45 38 56 56 151 159 243 302 294 102 0 94 269 40 12 0 0 0 0 0 0 0 0 0 0 0 0 0 0 0 0 0 0 0 0 0 0 0 0 0 0 0 0 0 0 0 0 0 0 0 0 0 0 0 0 0 0 0 0 0 0 0 0 0 0 0 0 0
5 4 6 10 16 17 23 21 27 28 27 28 29 29 28 27 22 29 32 39 38 37 38 42 39 44 43 48 52 46 89 119 172 198 246 380 408 149 131 243 286 104 0 0 0 0 0 0 0 0 0 0 0 0 0 0 0 0 0 0 0 0 0 0 0 0 0 0 0 0 0 0 0 0 0 0 0 0 0 0 0 0 0 0 0 0 0 0 0 0 0 0 0 0 0 0
2 3 7 7 11 16 19 21 25 27 23 19 24 24 24 23 26 30 30 41 38 37 123 39 40 45 42 50 66 105 113 149 249 254 338 465 563 341 251 282 365 114 61 0 0 0 0 0 0 0 0 0 0 0 0 0 0 0 0 0 0 0 0 0 0 0 0 0 0 0 0 0 0 0 0 0 0 0 0 0 0 0 0 0 0 0 0 0 0 0 0 0 0 0 0 0
7 4 5 4 9 10 12 17 16 18 19 21 25 22 44 39 53 33 112 102 46 87 73 60 62 54 61 95 87 118 146 217 351 349 391 511 680 423 449 507 445 360 293 169 0 0 0 0 0 0 0 0 0 0 0 0 0 0 0 0 0 0 0 0 0 0 0 0 0 0 0 0 0 0 0 0 0 0 0 0 0 0 0 0 0 0 0 0 0 0 0 0 0 0 0 0
5 2 6 8 9 10 13 13 15 17 20 23 31 19 96 95 75 74 98 193 90 172 144 163 85 104 75 122 177 102 181 150 266 352 428 611 695 628 528 565 437 225 172 71 0 0 0 0 0 0 0 0 0 0 0 0 0 0 0 0 0 0 0 0 0 0 0 0 0 0 0 0 0 0 0 0 0 0 0 0 0 0 0 0 0 0 0 0 0 0 0 0 0 0 0 0
7 8 10 9 11 10 12 15 13 16 19 18 38 30 57 77 68 126 116 125 119 179 246 145 114 142 183 223 231 225 210 227 236 335 361 592 725 725 589 661 384 326 267 22 64 0 0 0 0 0 0 0 0 0 0 0 0 0 0 0 0 0 0 0 0 0 0 0 0 0 0 0 0 0 0 0 0 0 0 0 0 0 0 0 0 0 0 0 0 0 0 0 0 0 0 0
21 6 4 8 8 8 9 10 9 11 12 11 16 33 61 59 129 153 226 255 257 230 139 165 130 94 135 186 201 198 237 223 280 343 477 392 411 454 449 495 492 327 213 300 166 6 0 0 0 0 0 0 0 0 0 0 0 0 0 0 0 0 0 0 0 0 0 0 0 0 0 0 0 0 0 0 0 0 0 0 0 0 0 0 0 0 0 0 0 0 0 0 0 0 0 0
62 14 8 7 10 12 9 7 7 12 14 11 14 19 72 74 101 211 233 262 230 207 95 96 81 95 159 156 244 222 255 308 341 467 292 293 267 410 276 333 503 370 252 288 234 116 0 0 0 0 0 0 0 0 0 0 0 0 0 0 0 0 0 0 0 0 0 0 0 0 0 0 0 0 0 0 0 0 0 0 0 0 0 0 0 0 0 0 0 0 0 0 0 0 0 0
103 26 8 6 6 7 2 3 5 15 8 8 12 14 13 33 72 212 217 262 249 240 100 45 94 134 195 327 352 298 200 155 91 83 83 125 235 136 473 326 479 537 513 340 202 186 144 70 123 53 1 0 0 0 0 0 0 0 0 0 0 0 0 0 0 0 0 0 0 0 0 0 0 0 0 0 0 0 0 0 0 0 0 0 0 0 0 0 0 0 0 0 0 0 0 0
79 129 95 21 6 11 11 4 0 14 4 4 4 4 3 4 11 56 58 149 86 178 127 62 90 200 275 453 470 392 230 171 121 83 83 90 86 215 228 217 324 445 560 430 214 268 183 190 161 40 9 40 82 0 0 0 0 0 0 0 0 0 0 0 0 0 0 0 0 0 0 0 0 0 0 0 0 0 0 0 0 0 0 0 0 0 0 0 0 0 0 0 0 0 0 0
68 140 160 66 29 14 10 2 0 5 4 3 4 3 4 4 4 24 21 64 82 119 61 78 116 265 359 686 652 562 285 202 85 83 82 146 134 92 375 250 384 434 544 302 483 363 305 216 92 28 16 9 3 0 0 0 0 0 0 0 0 0 0 0 0 0 0 0 0 0 0 0 0 0 0 0 0 0 0 0 0 0 0 0 0 0 0 0 0 0 0 0 0 0 0 0
262 60 138 163 99 38 45 11 7 4 3 3 3 4 4 4 3 7 9 15 26 31 39 56 89 318 516 1106 793 552 421 268 83 83 82 82 83 184 349 493 430 572 568 657 624 479 405 222 157 82 70 31 13 0 0 0 0 0 0 0 0 0 0 0 0 0 0 0 0 0 0 0 0 0 0 0 0 0 0 0 0 0 0 0 0 0 0 0 0 0 0 0 0 0 0 0
164 132 126 228 145 91 55 19 11 3 3 3 3 4 3 3 4 4 8 10 21 28 31 42 87 259 444 818 662 472 298 317 91 82 82 83 83 91 350 336 469 562 670 732 742 601 509 363 140 134 117 45 20 4 1 0 0 0 0 0 0 0 0 0 0 0 0 0 0 0 0 0 0 0 0 0 0 0 0 0 0 0 0 0 0 0 0 0 0 0 0 0 0 0 0 0
88 175 101 155 177 117 100 32 18 7 6 3 10 3 3 3 3 4 8 10 16 24 28 34 60 223 353 563 607 357 227 156 82 83 82 83 82 111 203 338 526 572 769 865 961 678 574 471 293 197 164 65 26 8 4 0 0 0 0 0 0 0 0 0 0 0 0 0 0 0 0 0 0 0 0 0 0 0 0 0 0 0 0 0 0 0 0 0 0 0 0 0 0 0 0 0
17 249 154 175 232 173 134 60 30 21 12 18 10 10 3 3 3 4 5 10 10 11 13 26 23 89 145 225 202 211 150 108 82 104 102 85 184 127 369 518 619 841 1006 1296 1396 1151 925 527 349 238 176 79 45 14 9 1 0 0 0 0 0 0 0 0 0 0 0 0 0 0 0 0 0 0 0 0 0 0 0 0 0 0 0 0 0 0 0 0 0 0 0 0 0 0 0 0
0 121 74 138 251 185 174 68 38 19 16 23 10 14 14 7 4 4 4 10 10 14 17 17 18 52 94 143 122 114 137 95 92 96 85 90 101 190 384 527 751 928 1012 1333 1489 949 691 982 464 261 218 66 43 14 10 6 0 0 0 0 0 0 0 0 0 0 0 0 0 0 0 0 0 0 0 0 0 0 0 0 0 0 0 0 0 0 0 0 0 0 0 0 0 0 0 0
0 40 36 92 231 207 179 118 62 30 26 22 16 16 15 7 4 14 4 10 12 12 15 18 20 43 53 90 75 68 129 94 100 138 105 112 101 118 440 541 698 844 1067 1340 1522 847 1026 1050 559 398 279 98 34 15 7 4 0 0 0 0 0 0 0 0 0 0 0 0 0 0 0 0 0 0 0 0 0 0 0 0 0 0 0 0 0 0 0 0 0 0 0 0 0 0 0 0
0 22 91 212 165 166 187 131 65 49 38 30 22 19 16 9 12 10 12 16 14 15 23 23 28 31 38 59 64 72 75 84 88 89 90 94 112 157 326 448 628 804 848 1270 1451 1446 1183 988 605 418 284 144 31 10 7 5 5 0 0 0 0 0 15 9 0 0 0 0 0 0 0 0 0 0 0 0 0 0 0 0 0 0 0 0 0 0 0 0 0 0 0 0 0 0 0 0
0 7 82 198 216 139 111 153 91 55 41 30 21 16 12 4 3 15 12 9 15 17 27 25 29 34 39 57 60 69 73 80 86 87 91 101 182 298 342 399 564 691 802 1115 1184 1119 1011 849 532 393 294 97 16 11 5 4 1 0 0 0 0 0 0 40 10 0 0 0 0 0 0 0 0 0 0 0 0 0 0 0 0 0 0 0 0 0 0 0 0 0 0 0 0 0 0 0
0 70 127 97 174 178 140 124 80 51 53 34 26 21 16 13 10 19 16 19 11 22 35 26 23 31 49 60 57 60 77 80 86 95 92 118 151 264 375 365 547 633 613 890 964 935 829 814 527 347 195 77 16 10 11 8 5 4 0 0 0 0 0 0 46 42 24 19 1 0 0 0 0 0 0 0 0 0 0 0 0 0 0 0 0 0 0 0 0 0 0 0 0 0 0 0
0 48 97 223 269 247 227 176 83 63 42 31 16 18 8 3 4 4 8 9 21 19 26 37 35 46 53 57 55 55 68 76 93 106 112 146 167 195 311 401 392 454 482 583 607 531 525 512 333 203 178 18 20 14 14 11 11 4 0 0 0 0 0 0 0 49 45 20 2 0 0 0 0 0 0 0 0 0 0 0 0 0 0 0 0 0 0 0 0 0 0 0 0 0 0 0
0 54 114 163 377 308 300 215 122 60 51 27 23 14 4 4 4 13 7 10 19 25 25 29 38 50 53 53 45 46 64 65 83 95 108 135 173 257 294 311 361 354 385 454 447 431 383 427 197 144 168 27 26 18 18 18 12 11 0 0 0 0 0 0 0 0 35 24 31 1 5 0 0 0 0 0 0 0 0 0 0 0 0 0 0 0 0 0 0 0 0 0 0 0 0 0
0 177 290 158 257 319 214 138 128 59 51 35 21 13 3 4 10 6 13 16 23 30 36 38 42 32 50 59 65 83 74 91 81 100 103 118 127 139 205 236 379 303 270 226 287 246 266 235 201 116 88 47 40 46 39 36 23 17 1 0 0 0 0 0 0 0 0 34 55 50 0 0 0 0 0 0 0 0 0 0 0 0 0 0 0 0 0 0 0 0 0 0 0 0 0 0
0 32 80 215 321 292 145 217 187 70 34 47 19 16 4 4 3 3 3 4 19 23 44 43 45 58 69 109 122 79 147 147 95 98 102 119 129 139 204 264 424 404 335 315 293 228 162 193 128 127 83 52 62 64 57 48 32 22 16 0 0 0 0 0 0 0 0 0 0 22 0 42 4 14 0 0 0 0 0 0 0 0 0 0 0 0 0 0 0 0 0 0 0 0 0 0
0 0 34 79 180 278 117 294 329 159 98 40 22 12 4 3 4 3 4 4 4 9 21 40 41 65 94 130 123 125 159 147 178 96 104 123 152 174 294 361 571 457 495 480 532 330 262 124 119 145 65 76 89 94 84 67 46 39 24 0 0 0 0 0 0 0 0 0 0 0 34 27 45 16 25 0 0 0 0 0 0 0 0 0 0 0 0 0 0 0 0 0 0 0 0 0
0 0 0 0 11 11 41 142 126 306 241 89 30 11 4 3 3 3 3 4 5 3 13 12 18 26 21 33 35 53 102 145 74 150 112 162 197 226 388 384 567 544 659 675 535 422 283 189 136 140 144 169 177 167 146 123 94 65 35 0 0 0 0 0 0 0 0 0 0 0 0 0 56 14 26 48 58 9 6 1 0 0 0 0 0 0 0 0 0 0 0 0 0 0 0 0
0 0 0 0 9 33 82 101 123 190 251 124 41 34 9 4 4 3 4 4 3 8 3 9 9 15 15 18 23 22 68 57 109 148 135 169 201 223 307 372 407 661 801 737 646 519 315 197 180 185 200 232 231 210 185 172 129 68 39 2 0 0 0 0 0 0 0 0 0 0 0 0 84 26 12 50 8 26 30 0 18 0 0 0 0 0 0 0 0 0 0 0 0 0 0 0
0 0 0 0 7 67 66 107 93 148 256 107 47 36 11 3 5 4 3 4 4 3 9 9 9 11 14 14 12 18 29 40 139 170 185 153 212 237 242 304 367 462 630 965 850 560 314 262 217 226 246 287 295 251 249 213 140 133 36 6 16 17 8 0 0 0 0 0 0 0 0 0 7 61 42 77 40 106 77 0 24 11 0 0 0 0 0 0 0 0 0 0 0 0 0 0
0 0 0 0 0 59 62 167 137 170 203 147 75 59 54 50 20 4 4 4 9 4 5 10 11 11 14 14 20 18 20 22 30 220 175 278 130 67 191 168 303 382 541 840 715 498 336 279 278 321 348 435 443 424 409 375 387 321 229 136 51 57 41 25 0 0 0 0 0 0 0 0 148 142 64 66 39 0 0 0 0 0 0 3 0 0 0 0 0 0 0 0 0 0 0 0
0 0 0 0 0 33 10 189 98 135 270 270 129 100 52 21 81 36 4 8 8 10 11 10 9 12 12 17 17 22 22 25 26 145 56 54 44 50 60 96 260 328 380 546 546 383 297 257 304 346 404 509 535 529 507 453 372 317 278 361 206 86 58 29 4 1 0 0 0 0 0 11 313 251 60 8 22 7 0 0 0 0 0 0 0 0 0 0 0 0 0 0 0 0 0 0
0 0 0 0 0 8 8 128 198 183 238 260 109 108 36 50 100 45 40 31 14 14 10 11 11 12 9 17 19 19 22 23 28 29 33 39 42 45 59 71 266 247 262 308 316 296 286 291 394 450 485 664 700 653 624 583 422 378 321 208 151 106 53 32 8 10 0 0 0 0 37 1 128 280 86 0 0 0 21 48 91 137 60 9 0 0 0 16 40 33 0 0 0 0 0 0
0 0 0 0 0 0 0 30 46 77 154 229 99 102 126 146 98 41 57 42 69 39 16 12 12 16 16 18 20 22 25 24 27 29 31 38 44 49 54 60 67 96 113 189 195 206 271 317 444 522 655 1006 1132 1145 1000 895 571 473 407 279 229 136 147 156 64 14 13 4 0 0 12 6 107 200 180 0 0 0 3 62 16 191 61 101 39 1 0 78 149 71 0 1 90 19 0 0
0 0 0 0 0 0 0 9 22 72 122 260 81 76 128 159 88 95 65 60 31 27 138 81 22 15 17 24 22 27 28 25 24 31 33 37 41 50 55 59 73 80 98 166 173 207 294 339 461 557 705 1142 1409 1483 1307 1018 652 538 440 293 238 139 108 78 80 38 13 4 0 0 0 9 97 64 137 0 0 0 48 238 136 74 85 74 95 11 0 100 230 150 0 0 51 25 4 75
0 0 0 0 0 0 0 0 0 33 72 216 61 73 175 153 151 103 48 74 34 27 179 198 246 51 25 22 24 25 26 26 31 31 34 43 43 48 58 61 72 82 96 138 174 205 283 338 487 579 702 1274 1658 2161 1653 1243 683 543 440 298 238 125 94 99 166 127 126 1 0 119 49 0 27 25 135 174 50 0 0 17 138 286 124 46 39 48 48 99 61 24 76 84 13 15 4 27
0 0 0 0 0 0 0 0 0 0 0 23 18 39 276 199 157 168 115 64 40 71 64 91 79 225 200 128 45 35 30 31 30 34 39 40 43 47 55 59 79 87 102 138 167 204 279 334 461 569 723 1246 1591 1824 1550 1218 682 531 407 258 199 126 110 217 213 132 126 49 0 89 46 0 4 9 80 192 164 0 0 0 62 127 183 134 116 33 37 68 84 186 96 46 35 6 2 0
0 0 0 0 0 0 0 0 0 0 0 0 12 52 152 204 176 86 52 64 92 79 114 95 83 137 210 163 99 98 30 37 30 33 34 39 44 48 53 58 67 99 90 135 162 203 284 319 481 596 666 1063 1311 1458 1271 1005 636 478 366 234 171 98 63 43 126 192 74 111 134 84 82 102 19 19 99 25 42 0 0 0 0 0 159 248 175 101 22 83 173 310 139 73 107 33 5 0
0 0 0 0 0 0 0 0 0 0 0 0 57 79 193 255 157 141 104 77 79 139 133 168 163 142 135 180 168 114 52 38 56 52 43 45 44 44 72 117 82 91 153 181 149 175 248 279 371 442 513 642 754 735 725 624 445 378 298 160 119 50 27 0 0 0 0 0 0 0 40 55 34 0 8 0 0 0 0 0 0 0 0 0 0 0 8 190 230 205 178 73 5 0 0 0
0 0 0 0 0 0 0 0 0 0 0 0 0 69 307 385 216 138 75 139 65 101 115 124 153 168 160 96 142 72 43 34 49 94 61 52 47 55 81 109 101 91 121 155 165 163 224 260 333 385 430 544 550 579 581 490 383 325 252 147 95 33 6 0 0 0 0 0 0 0 0 0 0 0 0 0 0 0 0 0 0 0 0 0 0 0 0 24 59 59 45 32 0 0 0 0
0 0 0 0 0 0 0 0 0 0 0 0 0 21 189 246 217 171 147 152 91 94 123 138 141 135 110 59 107 85 69 52 81 113 104 56 57 53 59 76 85 84 79 128 212 168 199 230 286 319 368 439 448 470 434 397 325 266 224 117 80 18 0 0 0 0 0 0 0 0 0 0 0 0 0 0 0 0 0 0 0 0 0 0 0 0 0 0 0 0 0 0 0 0 0 0
0 0 0 0 0 0 0 0 0 0 0 0 0 0 25 171 219 144 205 245 166 145 125 133 112 77 72 143 50 115 241 202 241 303 286 239 179 118 99 66 115 94 119 72 86 109 151 171 214 229 255 281 298 296 293 278 215 184 156 78 49 0 0 0 0 0 0 0 0 0 0 0 0 0 0 0 0 0 0 0 0 0 0 0 0 0 0 0 0 0 0 0 0 0 0 0
0 0 0 0 0 0 0 0 0 0 0 0 0 0 12 73 195 247 224 188 144 108 123 108 105 105 90 52 83 138 286 361 401 430 416 329 260 220 108 96 128 154 176 76 88 94 130 148 184 192 199 239 255 241 231 218 173 148 122 59 32 0 0 0 0 0 0 0 0 0 0 0 0 0 0 0 0 0 0 0 0 0 0 0 0 0 0 0 0 0 0 0 0 0 0 0
0 0 0 0 0 0 0 0 0 0 0 0 53 36 14 43 59 247 166 241 100 92 109 80 77 92 107 89 60 112 209 346 412 384 381 392 368 305 139 144 209 159 190 75 82 88 103 117 147 154 164 202 206 191 181 169 133 112 92 41 21 0 0 0 0 0 0 0 0 0 0 0 0 0 0 0 0 0 0 0 0 0 0 0 0 0 0 0 0 0 0 0 0 0 0 0
0 0 0 0 0 0 0 0 0 0 0 0 71 15 143 83 180 264 194 200 182 131 87 99 114 83 63 76 57 63 127 137 216 205 247 271 346 405 265 318 344 317 225 125 111 138 94 98 107 109 170 165 141 133 101 98 73 49 46 25 9 0 0 0 0 0 0 0 0 0 0 0 0 0 0 0 0 0 0 0 0 0 0 0 0 0 0 0 0 0 0 0 0 0 0 0
0 0 0 0 0 0 0 0 0 0 0 0 0 12 145 243 203 434 284 153 163 153 106 123 122 105 89 89 62 97 81 119 178 209 210 219 322 362 356 298 347 308 222 156 138 165 110 107 101 128 147 247 164 133 76 64 44 31 25 10 6 0 0 0 0 0 0 0 0 0 0 0 0 0 0 0 0 0 0 0 0 0 0 0 0 0 0 0 0 0 0 0 0 0 0 0
0 0 0 0 0 0 0 0 0 0 0 0 70 93 145 216 187 270 271 249 184 203 135 133 88 121 86 81 79 118 109 126 172 186 144 181 231 290 327 305 342 300 253 165 148 139 127 128 100 101 240 272 184 128 67 46 29 24 127 8 4 0 0 0 0 0 0 0 0 0 0 0 0 0 0 0 0 0 0 0 0 0 0 0 0 0 0 0 0 0 0 0 0 0 0 0
0 0 0 0 0 0 0 0 0 0 0 3 19 56 189 221 230 191 275 470 321 170 125 112 127 129 123 81 103 117 151 145 197 102 102 210 164 180 305 270 299 296 233 155 171 167 150 178 152 108 126 193 111 140 75 74 28 20 17 6 4 0 0 0 0 0 0 0 0 0 0 0 0 0 0 0 0 0 0 0 0 0 0 0 0 0 0 0 0 0 0 0 0 0 0 0
0 0 0 0 0 0 0 0 0 0 5 4 24 22 132 110 204 176 297 396 338 172 125 176 162 157 122 100 118 135 106 142 166 144 95 193 198 183 265 309 246 261 218 180 145 141 198 197 166 109 107 130 109 117 80 70 20 17 14 6 5 0 0 0 0 0 0 0 0 0 0 0 0 0 0 0 0 0 0 0 0 0 0 0 0 0 0 0 0 0 0 0 0 0 0 0
0 0 0 0 0 0 0 0 0 0 0 7 22 148 132 159 198 146 157 338 333 201 223 258 156 134 123 122 139 156 118 94 155 133 84 191 185 171 202 257 260 232 212 136 146 149 181 211 174 102 99 116 98 113 113 91 100 159 64 77 43 26 0 0 0 0 0 0 0 0 0 0 5 3 29 44 52 0 0 0 0 0 0 0 0 0 0 0 0 0 0 0 0 0 0 0
