testing/merapi_topography.txt
ncols         150
nrows         150
xllcorner     338149
yllcorner     9064984
cellsize      1342
NODATA_value  -9999
[rows 86 to 128 of 150, columns 0 to 95 of 150]
180 180 172 168 175 164 167 168 174 174 183 179 169 202 207 251 162 178 233 182 227 167 186 160 172 177 181 170 176 177 176 185 180 186 192 183 171 192 229 126 174 155 46 248 207 150 230 85 152 238 83 130 68 156 231 216 232 164 204 149 153 171 196 179 176 171 168 172 171 186 186 171 174 177 167 169 161 176 174 173 153 142 174 170 187 170 163 169 172 177 177 174 188 171 177 174
168 168 187 170 165 177 187 180 156 196 175 178 182 163 182 127 184 198 121 169 153 180 173 179 170 185 155 180 181 182 188 194 240 191 183 176 182 191 184 174 153 189 87 238 66 234 125 227 204 189 139 231 99 226 107 141 145 197 89 215 169 182 176 197 175 183 169 162 171 166 158 179 149 181 169 176 166 154 157 166 168 159 169 179 174 178 163 180 173 167 172 178 183 169 183 153
174 187 164 173 181 176 180 189 174 194 179 181 173 179 175 138 182 202 177 222 234 185 177 181 184 176 176 187 188 179 163 176 124 176 184 181 182 182 180 193 201 254 236 252 1 109 83 233 242 59 239 178 104 226 241 154 215 47 194 166 211 184 176 159 192 174 190 173 168 181 167 180 179 154 166 164 171 185 181 169 154 175 167 171 170 175 179 174 176 184 176 179 172 180 187 176
183 177 181 195 180 162 177 186 175 189 171 182 185 175 179 182 196 178 176 180 160 170 176 177 176 183 181 164 182 183 189 179 193 179 183 192 160 185 197 168 191 210 147 169 115 0 117 236 193 201 92 61 103 6 0 63 205 184 192 157 176 169 167 158 169 176 181 197 169 189 169 184 161 167 177 168 168 159 183 176 171 171 175 164 168 171 161 176 177 161 166 169 166 170 193 171
179 180 172 185 181 181 188 178 181 182 179 176 183 182 183 177 169 198 179 185 174 170 186 179 181 175 185 163 178 156 200 175 182 166 193 187 184 161 175 203 156 186 131 29 50 253 0 246 237 211 83 67 162 4 146 186 150 189 187 181 188 164 172 168 173 174 178 193 169 182 163 169 167 143 165 164 176 163 179 165 181 164 165 173 165 175 180 168 191 179 171 181 180 172 190 159
197 175 165 179 179 194 181 167 181 156 190 188 176 170 197 175 176 162 177 181 199 177 179 176 196 189 199 181 181 179 177 181 184 191 183 174 180 176 176 175 185 165 165 220 180 66 228 242 76 157 161 6 134 108 111 200 197 192 191 183 165 84 185 182 178 184 130 176 163 179 181 175 184 160 160 177 174 193 174 175 181 181 167 175 181 183 182 164 179 195 174 176 170 165 174 175
192 183 164 175 168 175 193 176 176 205 179 177 183 180 184 180 174 179 197 180 181 183 168 186 175 176 182 176 181 174 173 182 168 184 170 174 182 181 180 179 173 238 252 245 35 201 224 127 8 24 8 90 116 33 0 180 202 194 176 166 180 179 187 159 206 182 188 180 180 179 168 175 168 169 174 169 163 174 179 178 173 180 178 176 180 180 185 170 180 175 180 154 184 181 159 164
175 191 165 190 173 164 192 171 168 201 171 181 193 182 179 174 182 176 187 180 185 183 182 176 177 173 193 178 192 183 185 190 183 172 189 187 180 183 180 192 178 118 201 207 116 244 175 55 0 55 206 149 153 203 142 185 164 164 178 169 189 174 181 181 182 176 170 163 175 169 180 182 173 165 159 183 174 180 95 154 153 177 175 178 175 175 173 185 183 174 246 199 173 161 184 184
180 180 180 180 180 179 181 176 175 182 175 181 171 189 169 177 196 173 185 174 177 157 177 188 182 174 182 181 180 175 194 182 170 176 177 186 167 180 194 189 164 206 78 75 206 157 113 30 211 69 16 151 135 179 159 210 162 192 166 171 193 175 185 170 181 181 166 183 176 175 169 177 183 189 163 162 161 171 163 217 119 162 199 173 212 189 181 173 193 175 168 153 181 190 186 162
180 180 180 180 180 180 180 180 180 179 158 184 184 187 183 177 178 190 190 183 198 185 179 195 183 186 183 172 173 182 179 194 170 182 182 177 177 175 173 178 179 0 227 87 157 188 27 14 168 40 80 135 143 175 207 165 180 151 182 177 177 182 187 183 164 171 155 174 188 171 167 174 174 203 181 164 183 185 162 77 241 109 177 248 207 225 187 177 180 177 169 199 191 124 171 172
180 180 180 180 180 180 180 180 180 180 180 180 180 180 180 152 183 173 181 183 194 173 162 170 188 195 183 178 178 173 160 192 167 182 181 179 171 182 182 135 250 5 237 190 70 79 19 172 171 47 172 175 190 191 134 139 137 183 180 174 174 174 178 184 182 175 169 180 190 176 169 180 168 186 179 181 176 169 172 151 182 126 37 244 112 21 229 169 91 215 178 216 252 177 199 176
180 180 180 180 180 180 180 180 180 180 180 180 180 180 180 180 180 180 180 156 176 179 184 179 191 180 184 174 195 182 199 186 176 182 175 185 182 183 177 181 184 240 234 210 61 77 164 147 179 133 102 184 125 160 150 206 155 123 192 192 180 168 193 203 185 174 175 185 180 173 178 183 170 182 154 183 173 177 192 179 156 159 154 95 247 230 207 237 252 252 250 246 142 225 197 97
180 180 180 180 180 180 180 180 180 180 180 180 180 180 180 180 180 180 180 180 180 180 180 181 177 175 176 189 181 187 175 183 182 182 182 177 168 188 162 174 179 148 123 151 83 21 93 214 251 98 141 186 148 224 133 134 175 217 160 215 191 187 175 206 172 212 162 173 168 176 167 174 186 175 187 198 175 179 186 214 187 151 247 239 163 155 182 244 184 241 236 145 16 23 45 160
180 180 180 180 180 180 180 180 180 180 180 180 180 180 180 180 180 180 180 180 180 180 180 180 180 180 180 176 177 178 179 182 181 175 185 182 178 183 174 181 191 230 32 181 66 190 117 123 81 155 174 160 164 98 145 212 180 187 123 208 192 58 115 90 180 176 184 175 182 174 185 164 172 167 184 194 181 179 149 178 135 119 123 133 83 65 102 250 234 42 0 0 47 198 186 189
180 180 180 180 180 180 180 180 180 180 180 180 180 180 180 180 180 180 180 180 180 180 180 180 180 180 180 180 180 180 185 196 184 184 185 171 187 189 180 181 221 128 254 106 129 126 196 8 81 132 153 189 194 181 219 182 165 161 170 150 214 204 173 206 185 213 176 180 159 179 181 169 169 176 215 192 177 230 135 179 236 220 116 102 176 35 123 171 241 109 0 46 226 182 169 173
180 180 180 180 180 180 180 180 180 180 180 180 180 180 180 180 180 180 180 180 180 180 180 180 180 180 180 180 180 180 180 180 180 179 187 185 177 172 190 181 181 185 158 146 77 38 162 172 144 143 176 180 170 179 178 197 173 137 207 170 173 185 207 198 167 192 177 177 163 164 173 169 175 124 136 78 176 203 149 121 91 76 59 172 82 181 148 146 98 186 157 169 145 149 159 199
180 180 180 180 180 180 180 180 180 180 180 180 180 180 180 180 180 180 180 180 180 180 180 180 180 180 180 180 180 180 180 180 180 180 180 180 168 167 177 181 179 172 187 181 169 189 185 177 187 176 180 207 174 188 225 171 179 204 177 214 189 223 197 133 174 181 169 173 181 168 173 194 179 102 32 164 111 147 176 208 152 222 172 168 184 165 154 104 119 239 133 183 198 148 166 203
180 180 180 180 180 180 180 180 180 180 180 180 180 180 180 180 180 180 180 180 180 180 180 180 180 180 180 180 180 180 180 180 180 180 180 180 180 180 180 171 196 169 201 171 169 155 178 188 184 164 170 183 175 176 153 178 181 149 128 199 59 165 95 207 180 175 173 172 171 178 137 169 221 228 215 171 66 88 99 214 94 152 177 103 140 208 148 179 142 145 143 155 187 158 156 159
180 180 180 180 180 180 180 180 180 180 180 180 180 180 180 180 180 180 180 180 180 180 180 180 180 180 180 180 180 180 180 180 180 180 180 180 180 180 180 180 180 179 166 177 182 179 190 178 184 180 175 180 187 187 190 179 176 195 183 181 192 178 196 180 177 169 161 183 185 170 253 97 59 191 176 132 238 193 208 244 64 188 197 215 207 196 202 132 182 185 173 167 220 199 184 148
180 180 180 180 180 180 180 180 180 180 180 180 180 180 180 180 180 180 180 180 180 180 180 180 180 180 180 180 180 180 180 180 180 180 180 180 180 180 180 180 180 180 180 180 172 178 184 182 182 188 183 157 178 191 177 188 210 151 155 175 165 172 154 176 193 175 182 182 173 157 163 197 240 219 150 0 189 149 132 182 208 156 169 179 170 177 197 176 157 212 185 215 169 177 167 204
180 180 180 180 180 180 180 180 180 180 180 180 180 180 180 180 180 180 180 180 180 180 180 180 180 180 180 180 180 180 180 180 180 180 180 180 180 180 180 180 180 180 180 180 180 180 179 181 181 191 197 178 169 176 182 189 177 185 196 170 181 181 191 189 181 175 179 170 165 173 231 244 254 184 109 236 194 152 139 183 157 203 147 176 181 172 178 174 198 160 168 190 187 171 196 209
180 180 180 180 180 180 180 180 180 180 180 180 180 180 180 180 180 180 180 180 180 180 180 180 180 180 180 180 180 180 180 180 180 180 180 180 180 180 180 180 180 180 180 180 180 180 180 180 181 173 184 181 172 190 173 164 180 172 197 183 167 200 139 172 186 180 171 188 193 190 173 204 199 109 72 137 127 140 190 210 207 208 182 167 191 158 183 172 204 180 196 165 174 181 189 195
180 180 180 180 180 180 180 180 180 180 180 180 180 180 180 180 180 180 180 180 180 180 180 180 180 180 180 180 180 180 180 180 180 180 180 180 180 180 180 180 180 180 180 180 180 180 180 180 180 180 180 170 184 188 175 179 167 146 149 203 187 159 184 168 165 178 156 173 170 180 243 236 202 253 157 39 116 97 211 170 210 163 184 161 176 213 181 151 165 197 151 180 175 196 183 195
180 180 180 180 180 180 180 180 180 180 180 180 180 180 180 180 180 180 180 180 180 180 180 180 180 180 180 180 180 180 180 180 180 180 180 180 180 180 180 180 180 180 180 180 180 180 180 180 180 180 180 180 180 184 191 174 178 203 181 187 157 172 176 162 166 175 181 175 209 231 83 212 178 125 9 136 141 181 184 175 199 171 183 168 173 175 153 169 201 175 193 190 173 195 176 189
180 180 180 180 180 180 180 180 180 180 180 180 180 180 180 180 180 180 180 180 180 180 180 180 180 180 180 180 180 180 180 180 180 180 180 180 180 180 180 180 180 180 180 180 180 180 180 180 180 180 180 180 180 180 180 175 180 195 178 194 193 176 175 158 177 172 195 204 207 146 235 200 177 231 214 138 139 212 204 175 199 156 188 183 194 167 180 194 194 195 202 171 158 196 190 174
180 180 180 180 180 180 180 180 180 180 180 180 180 180 180 180 180 180 180 180 180 180 180 180 180 180 180 180 180 180 180 180 180 180 180 180 180 180 180 180 180 180 180 180 180 180 180 180 180 180 180 180 180 180 180 180 182 179 179 168 169 185 179 170 182 182 215 245 191 167 175 130 126 214 218 100 203 198 185 170 182 208 170 191 182 188 173 145 202 177 168 159 182 186 191 179
180 180 180 180 180 180 180 180 180 180 180 180 180 180 180 180 180 180 180 180 180 180 180 180 180 180 180 180 180 180 180 180 180 180 180 180 180 180 180 180 180 180 180 180 180 180 180 180 180 180 180 180 180 180 180 180 180 180 160 187 178 181 185 199 218 212 228 129 100 135 198 184 192 156 211 173 219 203 173 184 199 187 175 190 184 177 149 172 189 168 162 148 180 194 174 182
180 180 180 180 180 180 180 180 180 180 180 180 180 180 180 180 180 180 180 180 180 180 180 180 180 180 180 180 180 180 180 180 180 180 180 180 180 180 180 180 180 180 180 180 180 180 180 180 180 180 180 180 180 180 180 180 180 180 180 180 180 180 192 170 188 221 118 191 150 85 132 191 214 136 181 209 202 236 99 186 203 196 190 149 160 183 165 156 176 190 201 178 186 190 230 177
180 180 180 180 180 180 180 180 180 180 180 180 180 180 180 180 180 180 180 180 180 180 180 180 180 180 180 180 180 180 180 180 180 180 180 180 180 180 180 180 180 180 180 180 180 180 180 180 180 180 180 180 180 180 180 180 180 180 180 180 180 180 180 180 180 180 207 200 163 204 109 198 161 146 165 220 173 171 207 144 194 141 167 112 217 246 158 169 128 175 234 180 172 213 248 233
180 180 180 180 180 180 180 180 180 180 180 180 180 180 180 180 180 180 180 180 180 180 180 180 180 180 180 180 180 180 180 180 180 180 180 180 180 180 180 180 180 180 180 180 180 180 180 180 180 180 180 180 180 180 180 180 180 180 180 180 180 180 180 180 180 180 180 235 147 202 128 199 131 191 105 208 135 198 190 149 215 188 138 173 165 207 190 214 192 176 204 193 184 118 173 219
180 180 180 180 180 180 180 180 180 180 180 180 180 180 180 180 180 180 180 180 180 180 180 180 180 180 180 180 180 180 180 180 180 180 180 180 180 180 180 180 180 180 180 180 180 180 180 180 180 180 180 180 180 180 180 180 180 180 180 180 180 180 180 180 180 180 180 180 176 213 142 124 179 137 224 206 148 166 160 207 180 134 104 180 150 158 198 174 139 192 229 150 212 239 198 197
180 180 180 180 180 180 180 180 180 180 180 180 180 180 180 180 180 180 180 180 180 180 180 180 180 180 180 180 180 180 180 180 180 180 180 180 180 180 180 180 180 180 180 180 180 180 180 180 180 180 180 180 180 180 180 180 180 180 180 180 180 180 180 180 180 180 180 180 128 155 189 146 141 147 155 170 215 174 119 182 194 203 166 190 192 181 226 201 197 175 195 234 176 159 175 159
180 180 180 180 180 180 180 180 180 180 180 180 180 180 180 180 180 180 180 180 180 180 180 180 180 180 180 180 180 180 180 180 180 180 180 180 180 180 180 180 180 180 180 180 180 180 180 180 180 180 180 180 180 180 180 180 180 180 180 180 180 180 180 180 180 180 180 180 180 94 143 122 185 166 200 187 182 153 211 153 169 137 133 182 217 214 198 171 187 154 114 184 221 183 159 156
180 180 180 180 180 180 180 180 180 180 180 180 180 180 180 180 180 180 180 180 180 180 180 180 180 180 180 180 180 180 180 180 180 180 180 180 180 180 180 180 180 180 180 180 180 180 180 180 180 180 180 180 180 180 180 180 180 180 180 180 180 180 180 180 180 180 180 180 180 180 180 180 179 0 182 135 100 203 182 166 174 165 185 83 192 175 191 149 101 175 185 218 138 206 142 188
180 180 180 180 180 180 180 180 180 180 180 180 180 180 180 180 180 180 180 180 180 180 180 180 180 180 180 180 180 180 180 180 180 180 180 180 180 180 180 180 180 180 180 180 180 180 180 180 180 180 180 180 180 180 180 180 180 180 180 180 180 180 180 180 180 180 180 180 180 180 180 180 180 180 170 207 180 138 130 102 208 192 149 130 147 153 116 202 163 96 119 165 196 111 196 210
180 180 180 180 180 180 180 180 180 180 180 180 180 180 180 180 180 180 180 180 180 180 180 180 180 180 180 180 180 180 180 180 180 180 180 180 180 180 180 180 180 180 180 180 180 180 180 180 180 180 180 180 180 180 180 180 180 180 180 180 180 180 180 180 180 180 180 180 180 180 180 180 180 180 180 180 179 119 187 175 153 217 161 149 165 129 169 165 212 211 160 200 129 194 148 188
180 180 180 180 180 180 180 180 180 180 180 180 180 180 180 180 180 180 180 180 180 180 180 180 180 180 180 180 180 180 180 180 180 180 180 180 180 180 180 180 180 180 180 180 180 180 180 180 180 180 180 180 180 180 180 180 180 180 180 180 180 180 180 180 180 180 180 180 180 180 180 180 180 180 180 180 180 180 180 180 166 222 168 199 194 159 122 98 186 83 193 75 219 162 192 131
180 180 180 180 180 180 180 180 180 180 180 180 180 180 180 180 180 180 180 180 180 180 180 180 180 180 180 180 180 180 180 180 180 180 180 180 180 180 180 180 180 180 180 180 180 180 180 180 180 180 180 180 180 180 180 180 180 180 180 180 180 180 180 180 180 180 180 180 180 180 180 180 180 180 180 180 180 180 180 180 180 161 84 82 203 136 97 92 212 188 176 229 184 188 209 227
180 180 180 180 180 180 180 180 180 180 180 180 180 180 180 180 180 180 180 180 180 180 180 180 180 180 180 180 180 180 180 180 180 180 180 180 180 180 180 180 180 180 180 180 180 180 180 180 180 180 180 180 180 180 180 180 180 180 180 180 180 180 180 180 180 180 180 180 180 180 180 180 180 180 180 180 180 180 180 180 180 180 180 180 180 180 135 173 185 140 128 191 199 75 110 172
180 180 180 180 180 180 180 180 180 180 180 180 180 180 180 180 180 180 180 180 180 180 180 180 180 180 180 180 180 180 180 180 180 180 180 180 180 180 180 180 180 180 180 180 180 180 180 180 180 180 180 180 180 180 180 180 180 180 180 180 180 180 180 180 180 180 180 180 180 180 180 180 180 180 180 180 180 180 180 180 180 180 180 180 180 180 180 180 180 180 162 154 156 140 217 176
180 180 180 180 180 180 180 180 180 180 180 180 180 180 180 180 180 180 180 180 180 180 180 180 180 180 180 180 180 180 180 180 180 180 180 180 180 180 180 180 180 180 180 180 180 180 180 180 180 180 180 180 180 180 180 180 180 180 180 180 180 180 180 180 180 180 180 180 180 180 180 180 180 180 180 180 180 180 180 180 180 180 180 180 180 180 180 180 180 180 180 180 186 221 205 133
180 180 180 180 180 180 180 180 180 180 180 180 180 180 180 180 180 180 180 180 180 180 180 180 180 180 180 180 180 180 180 180 180 180 180 180 180 180 180 180 180 180 180 180 180 180 180 180 180 180 180 180 180 180 180 180 180 180 180 180 180 180 180 180 180 180 180 180 180 180 180 180 180 180 180 180 180 180 180 180 180 180 180 180 180 180 180 180 180 180 180 180 180 180 163 144
180 180 180 180 180 180 180 180 180 180 180 180 180 180 180 180 180 180 180 180 180 180 180 180 180 180 180 180 180 180 180 180 180 180 180 180 180 180 180 180 180 180 180 180 180 180 180 180 180 180 180 180 180 180 180 180 180 180 180 180 180 180 180 180 180 180 180 180 180 180 180 180 180 180 180 180 180 180 180 180 180 180 180 180 180 180 180 180 180 180 180 180 180 180 180 180
