testing/merapi_topography.txt
ncols         150
nrows         150
xllcorner     338149.66936984
yllcorner     9064984.1166437
cellsize      1342
NODATA_value  -9999
[rows 86 to 128 of 150, columns 0 to 95 of 150]
10 14 9 10 12 17 14 16 23 24 19 23 18 21 18 42 28 17 16 18 22 49 13 15 18 15 13 12 16 20 18 20 20 42 23 32 37 43 37 91 120 84 172 196 262 415 274 256 396 498 540 531 275 419 298 387 400 306 182 155 133 183 192 222 234 260 271 287 301 318 327 331 353 355 352 349 337 333 318 325 308 297 264 252 237 224 216 192 191 180 176 153 150 134 126 116
4 12 13 12 17 11 13 13 21 24 25 17 20 20 20 103 14 23 25 22 52 40 10 8 15 8 10 14 15 15 16 18 77 29 33 26 35 48 52 55 76 79 256 284 234 717 545 379 571 660 675 651 594 426 156 431 134 129 218 167 153 153 172 197 205 226 238 245 256 270 277 284 292 302 298 294 279 270 261 267 252 250 228 218 210 193 185 176 169 165 156 148 134 127 119 108
6 9 9 8 8 17 12 13 17 25 18 16 15 12 19 43 15 24 21 28 63 46 18 9 8 11 10 10 12 15 15 12 22 28 32 25 39 43 46 67 75 114 188 412 374 492 507 528 590 788 542 471 562 438 201 230 118 115 110 94 116 144 155 191 197 212 222 227 234 249 262 263 269 277 270 264 260 249 240 237 237 230 212 204 194 178 177 165 160 153 152 144 132 125 117 107
14 12 7 8 9 8 14 17 22 22 15 11 16 10 11 17 15 15 21 18 10 14 13 12 9 8 12 15 11 14 18 22 22 23 22 36 35 60 64 68 71 70 169 194 287 226 411 466 699 775 746 619 466 332 188 165 114 103 124 133 137 148 152 165 174 184 189 196 193 215 220 222 225 228 224 223 212 211 195 196 195 194 184 178 171 163 159 152 145 140 135 130 121 117 113 108
9 8 5 8 8 12 18 14 14 12 14 11 11 13 15 11 14 20 18 10 10 16 9 10 7 7 12 9 14 18 18 20 17 20 21 33 30 49 45 58 66 65 83 136 233 303 298 373 696 802 615 510 494 292 133 113 73 111 119 125 127 136 141 162 167 173 177 180 186 199 206 207 210 217 206 203 195 187 182 180 180 176 168 167 163 158 156 142 136 134 130 129 125 110 110 104
10 17 11 9 19 18 9 9 15 11 15 8 10 9 14 8 8 15 9 9 12 10 5 9 9 7 7 13 12 13 11 17 14 14 28 30 34 43 40 37 40 51 89 327 323 264 484 556 696 717 680 607 326 304 103 103 97 111 115 116 116 137 128 143 146 149 150 153 160 170 173 172 179 174 175 173 167 161 152 156 157 153 147 147 144 138 142 135 133 131 126 185 144 114 109 106
10 10 21 19 18 20 9 11 10 14 15 11 8 8 8 9 9 8 8 9 8 15 12 6 6 9 10 13 7 10 13 14 13 13 20 25 32 34 35 35 39 72 172 407 322 473 590 621 701 656 508 390 319 252 110 97 97 100 103 106 116 113 121 135 144 138 146 146 154 156 161 162 163 164 156 159 156 144 140 149 154 149 146 136 136 133 132 133 126 120 120 142 111 112 113 107
8 10 11 19 11 19 15 11 20 16 11 18 19 9 8 9 8 6 7 8 8 12 11 11 7 10 5 11 14 11 11 16 14 11 11 16 26 30 30 32 24 94 212 201 208 497 675 758 457 357 226 352 202 149 131 90 85 89 96 104 101 110 111 119 121 126 120 129 130 136 138 135 140 140 130 133 127 126 172 160 175 139 131 130 125 128 121 127 121 119 140 120 225 172 111 109
-9999 -9999 -9999 -9999 -9999 -9999 6 -9999 5 9 14 12 17 14 21 20 20 14 5 7 6 6 5 5 6 7 7 6 7 7 7 14 14 9 9 12 17 25 29 26 29 172 87 191 237 369 506 512 549 514 167 248 139 102 119 81 79 82 88 96 94 99 104 111 112 115 122 121 124 128 133 124 131 127 121 126 119 118 123 157 374 193 129 129 131 130 124 117 122 127 139 117 125 124 108 103
-9999 -9999 -9999 -9999 -9999 -9999 -9999 -9999 -9999 -9999 -9999 10 10 10 10 12 18 9 17 18 6 6 5 11 8 6 4 6 5 14 7 15 7 9 8 13 11 26 27 28 20 241 175 217 214 294 290 327 384 444 199 151 67 102 101 90 104 75 80 82 81 86 90 100 99 99 98 103 110 109 112 109 108 107 107 106 89 107 106 109 209 340 169 213 292 236 156 133 133 134 129 152 145 178 122 104
-9999 -9999 -9999 -9999 -9999 -9999 -9999 -9999 -9999 -9999 -9999 -9999 -9999 -9999 -9999 -9999 7 12 12 12 17 11 17 13 14 17 5 6 7 8 15 13 7 7 7 12 11 19 20 14 33 68 166 311 404 513 269 206 248 366 148 92 74 116 84 80 94 55 77 69 80 80 88 96 92 92 101 101 104 101 102 105 99 100 99 97 101 98 105 104 99 312 348 236 322 238 145 169 166 252 256 230 264 321 182 119
-9999 -9999 -9999 -9999 -9999 -9999 -9999 -9999 -9999 -9999 -9999 -9999 -9999 -9999 -9999 -9999 -9999 -9999 -9999 8 14 13 12 14 6 14 18 17 7 6 9 8 7 7 12 9 10 14 22 22 75 61 133 364 409 362 261 211 159 232 85 97 64 81 89 75 70 73 72 65 71 82 124 90 88 89 91 91 96 97 95 96 91 91 94 99 85 98 104 94 186 254 196 258 309 380 330 379 444 508 547 554 587 576 447 213
-9999 -9999 -9999 -9999 -9999 -9999 -9999 -9999 -9999 -9999 -9999 -9999 -9999 -9999 -9999 -9999 -9999 -9999 -9999 -9999 -9999 -9999 -9999 -9999 9 11 13 13 13 12 17 17 8 9 9 10 12 17 14 13 26 53 148 191 218 343 188 189 237 158 79 60 47 49 66 66 56 58 84 61 133 93 145 96 89 91 78 79 82 80 77 80 83 80 76 78 84 83 86 94 167 183 310 339 492 389 290 228 279 360 538 656 562 448 336 210
-9999 -9999 -9999 -9999 -9999 -9999 -9999 -9999 -9999 -9999 -9999 -9999 -9999 -9999 -9999 -9999 -9999 -9999 -9999 -9999 -9999 -9999 -9999 -9999 -9999 -9999 -9999 -9999 14 14 14 12 15 8 10 9 10 13 19 14 24 102 100 82 103 340 125 130 163 134 107 62 32 45 44 43 49 59 52 92 97 146 154 104 94 73 90 75 78 76 73 76 76 75 69 79 105 81 270 299 353 360 403 592 661 524 476 212 234 653 630 503 432 239 215 212
-9999 -9999 -9999 -9999 -9999 -9999 -9999 -9999 -9999 -9999 -9999 -9999 -9999 -9999 -9999 -9999 -9999 -9999 -9999 -9999 -9999 -9999 -9999 -9999 -9999 -9999 -9999 -9999 -9999 -9999 -9999 -9999 11 6 11 13 17 10 9 13 17 28 64 29 69 32 285 71 101 51 28 22 27 31 66 61 62 85 50 48 42 102 109 139 115 69 69 65 61 63 60 61 62 68 77 150 110 204 275 262 271 285 272 291 379 428 438 451 460 332 273 181 184 219 225 216
-9999 -9999 -9999 -9999 -9999 -9999 -9999 -9999 -9999 -9999 -9999 -9999 -9999 -9999 -9999 -9999 -9999 -9999 -9999 -9999 -9999 -9999 -9999 -9999 -9999 -9999 -9999 -9999 -9999 -9999 -9999 -9999 -9999 -9999 13 8 15 14 12 9 9 16 12 30 24 77 56 40 48 33 16 21 28 27 29 33 47 72 83 31 40 91 110 121 99 62 62 56 60 60 57 60 56 74 241 228 355 378 216 171 189 173 228 185 205 267 255 310 258 244 220 171 162 166 158 180
-9999 -9999 -9999 -9999 -9999 -9999 -9999 -9999 -9999 -9999 -9999 -9999 -9999 -9999 -9999 -9999 -9999 -9999 -9999 -9999 -9999 -9999 -9999 -9999 -9999 -9999 -9999 -9999 -9999 -9999 -9999 -9999 -9999 -9999 -9999 -9999 -9999 -9999 7 8 12 15 9 10 10 7 13 19 14 12 19 10 73 69 61 30 26 26 52 65 47 84 107 47 51 52 52 52 46 47 47 73 59 61 93 181 350 275 157 140 98 145 175 131 173 160 142 166 151 247 256 195 155 214 244 201
-9999 -9999 -9999 -9999 -9999 -9999 -9999 -9999 -9999 -9999 -9999 -9999 -9999 -9999 -9999 -9999 -9999 -9999 -9999 -9999 -9999 -9999 -9999 -9999 -9999 -9999 -9999 -9999 -9999 -9999 -9999 -9999 -9999 -9999 -9999 -9999 -9999 -9999 -9999 5 7 5 16 9 11 7 11 16 9 15 10 10 49 57 29 41 28 31 26 41 72 37 74 40 42 46 51 49 50 45 47 75 99 126 137 337 335 214 151 94 146 192 126 149 152 139 157 154 153 222 224 207 148 192 219 221
-9999 -9999 -9999 -9999 -9999 -9999 -9999 -9999 -9999 -9999 -9999 -9999 -9999 -9999 -9999 -9999 -9999 -9999 -9999 -9999 -9999 -9999 -9999 -9999 -9999 -9999 -9999 -9999 -9999 -9999 -9999 -9999 -9999 -9999 -9999 -9999 -9999 -9999 -9999 -9999 -9999 -9999 -9999 9 12 14 9 6 8 14 16 11 10 12 18 18 51 70 96 24 35 35 29 40 38 38 42 39 39 35 57 45 84 80 377 388 160 239 209 175 185 138 214 191 215 204 202 130 142 182 151 183 149 210 202 191
-9999 -9999 -9999 -9999 -9999 -9999 -9999 -9999 -9999 -9999 -9999 -9999 -9999 -9999 -9999 -9999 -9999 -9999 -9999 -9999 -9999 -9999 -9999 -9999 -9999 -9999 -9999 -9999 -9999 -9999 -9999 -9999 -9999 -9999 -9999 -9999 -9999 -9999 -9999 -9999 -9999 -9999 -9999 -9999 -9999 1 11 6 7 5 13 15 12 4 16 25 73 43 33 55 34 28 31 31 35 32 32 33 35 36 61 42 249 292 431 352 204 227 185 97 181 213 208 213 212 206 218 177 161 147 146 144 156 188 183 210
-9999 -9999 -9999 -9999 -9999 -9999 -9999 -9999 -9999 -9999 -9999 -9999 -9999 -9999 -9999 -9999 -9999 -9999 -9999 -9999 -9999 -9999 -9999 -9999 -9999 -9999 -9999 -9999 -9999 -9999 -9999 -9999 -9999 -9999 -9999 -9999 -9999 -9999 -9999 -9999 -9999 -9999 -9999 -9999 -9999 -9999 -9999 -9999 10 11 13 3 3 3 11 8 19 17 25 26 29 30 74 29 34 31 28 26 36 28 36 96 346 349 254 222 201 217 152 135 174 191 207 189 197 192 192 200 194 201 183 166 174 187 173 216
-9999 -9999 -9999 -9999 -9999 -9999 -9999 -9999 -9999 -9999 -9999 -9999 -9999 -9999 -9999 -9999 -9999 -9999 -9999 -9999 -9999 -9999 -9999 -9999 -9999 -9999 -9999 -9999 -9999 -9999 -9999 -9999 -9999 -9999 -9999 -9999 -9999 -9999 -9999 -9999 -9999 -9999 -9999 -9999 -9999 -9999 -9999 -9999 -9999 -9999 13 12 8 2 14 9 18 19 21 21 23 40 53 30 33 29 27 26 22 35 41 143 200 291 211 214 188 177 139 133 180 178 180 193 189 189 185 192 201 190 197 170 173 185 188 188
-9999 -9999 -9999 -9999 -9999 -9999 -9999 -9999 -9999 -9999 -9999 -9999 -9999 -9999 -9999 -9999 -9999 -9999 -9999 -9999 -9999 -9999 -9999 -9999 -9999 -9999 -9999 -9999 -9999 -9999 -9999 -9999 -9999 -9999 -9999 -9999 -9999 -9999 -9999 -9999 -9999 -9999 -9999 -9999 -9999 -9999 -9999 -9999 -9999 -9999 -9999 5 13 11 14 16 14 20 9 25 24 37 28 29 25 20 29 30 25 57 28 101 230 165 215 41 132 142 136 145 157 181 166 179 188 180 194 190 191 199 202 204 181 193 192 197
-9999 -9999 -9999 -9999 -9999 -9999 -9999 -9999 -9999 -9999 -9999 -9999 -9999 -9999 -9999 -9999 -9999 -9999 -9999 -9999 -9999 -9999 -9999 -9999 -9999 -9999 -9999 -9999 -9999 -9999 -9999 -9999 -9999 -9999 -9999 -9999 -9999 -9999 -9999 -9999 -9999 -9999 -9999 -9999 -9999 -9999 -9999 -9999 -9999 -9999 -9999 -9999 -9999 8 5 3 4 8 7 12 20 20 21 20 17 14 15 19 125 107 57 98 294 247 87 40 128 121 122 147 163 169 166 171 178 176 178 182 180 186 183 194 194 193 191 208
-9999 -9999 -9999 -9999 -9999 -9999 -9999 -9999 -9999 -9999 -9999 -9999 -9999 -9999 -9999 -9999 -9999 -9999 -9999 -9999 -9999 -9999 -9999 -9999 -9999 -9999 -9999 -9999 -9999 -9999 -9999 -9999 -9999 -9999 -9999 -9999 -9999 -9999 -9999 -9999 -9999 -9999 -9999 -9999 -9999 -9999 -9999 -9999 -9999 -9999 -9999 -9999 -9999 -9999 8 3 4 6 10 10 18 11 19 15 19 15 14 44 236 201 178 263 367 342 256 173 121 117 123 143 155 154 163 164 164 195 182 170 176 183 197 201 192 188 193 198
-9999 -9999 -9999 -9999 -9999 -9999 -9999 -9999 -9999 -9999 -9999 -9999 -9999 -9999 -9999 -9999 -9999 -9999 -9999 -9999 -9999 -9999 -9999 -9999 -9999 -9999 -9999 -9999 -9999 -9999 -9999 -9999 -9999 -9999 -9999 -9999 -9999 -9999 -9999 -9999 -9999 -9999 -9999 -9999 -9999 -9999 -9999 -9999 -9999 -9999 -9999 -9999 -9999 -9999 -9999 -9999 -9999 9 8 11 16 6 5 8 11 67 76 385 400 373 366 368 354 370 335 337 136 132 128 150 141 149 162 161 167 180 168 175 165 186 195 188 179 179 182 199
-9999 -9999 -9999 -9999 -9999 -9999 -9999 -9999 -9999 -9999 -9999 -9999 -9999 -9999 -9999 -9999 -9999 -9999 -9999 -9999 -9999 -9999 -9999 -9999 -9999 -9999 -9999 -9999 -9999 -9999 -9999 -9999 -9999 -9999 -9999 -9999 -9999 -9999 -9999 -9999 -9999 -9999 -9999 -9999 -9999 -9999 -9999 -9999 -9999 -9999 -9999 -9999 -9999 -9999 -9999 -9999 -9999 -9999 -9999 7 10 10 11 12 9 322 344 373 373 341 348 316 343 319 337 320 182 131 146 146 151 162 163 175 170 158 148 175 161 163 184 165 182 189 182 199
-9999 -9999 -9999 -9999 -9999 -9999 -9999 -9999 -9999 -9999 -9999 -9999 -9999 -9999 -9999 -9999 -9999 -9999 -9999 -9999 -9999 -9999 -9999 -9999 -9999 -9999 -9999 -9999 -9999 -9999 -9999 -9999 -9999 -9999 -9999 -9999 -9999 -9999 -9999 -9999 -9999 -9999 -9999 -9999 -9999 -9999 -9999 -9999 -9999 -9999 -9999 -9999 -9999 -9999 -9999 -9999 -9999 -9999 -9999 -9999 -9999 -9999 -9999 7 8 105 141 324 309 304 318 299 304 306 282 302 333 303 281 186 175 187 182 170 165 147 147 155 157 156 162 182 164 161 172 215
-9999 -9999 -9999 -9999 -9999 -9999 -9999 -9999 -9999 -9999 -9999 -9999 -9999 -9999 -9999 -9999 -9999 -9999 -9999 -9999 -9999 -9999 -9999 -9999 -9999 -9999 -9999 -9999 -9999 -9999 -9999 -9999 -9999 -9999 -9999 -9999 -9999 -9999 -9999 -9999 -9999 -9999 -9999 -9999 -9999 -9999 -9999 -9999 -9999 -9999 -9999 -9999 -9999 -9999 -9999 -9999 -9999 -9999 -9999 -9999 -9999 -9999 -9999 -9999 -9999 9 32 256 256 288 280 308 300 307 283 279 306 288 311 280 258 253 192 185 139 125 160 149 129 150 159 178 166 171 176 298
-9999 -9999 -9999 -9999 -9999 -9999 -9999 -9999 -9999 -9999 -9999 -9999 -9999 -9999 -9999 -9999 -9999 -9999 -9999 -9999 -9999 -9999 -9999 -9999 -9999 -9999 -9999 -9999 -9999 -9999 -9999 -9999 -9999 -9999 -9999 -9999 -9999 -9999 -9999 -9999 -9999 -9999 -9999 -9999 -9999 -9999 -9999 -9999 -9999 -9999 -9999 -9999 -9999 -9999 -9999 -9999 -9999 -9999 -9999 -9999 -9999 -9999 -9999 -9999 -9999 -9999 -9999 165 202 217 236 261 278 299 291 288 293 300 301 288 310 320 277 243 200 176 160 175 208 198 191 205 247 247 248 272
-9999 -9999 -9999 -9999 -9999 -9999 -9999 -9999 -9999 -9999 -9999 -9999 -9999 -9999 -9999 -9999 -9999 -9999 -9999 -9999 -9999 -9999 -9999 -9999 -9999 -9999 -9999 -9999 -9999 -9999 -9999 -9999 -9999 -9999 -9999 -9999 -9999 -9999 -9999 -9999 -9999 -9999 -9999 -9999 -9999 -9999 -9999 -9999 -9999 -9999 -9999 -9999 -9999 -9999 -9999 -9999 -9999 -9999 -9999 -9999 -9999 -9999 -9999 -9999 -9999 -9999 -9999 126 132 190 181 235 245 266 257 256 281 272 284 277 314 312 294 279 266 202 190 228 222 247 221 238 248 275 286 290
-9999 -9999 -9999 -9999 -9999 -9999 -9999 -9999 -9999 -9999 -9999 -9999 -9999 -9999 -9999 -9999 -9999 -9999 -9999 -9999 -9999 -9999 -9999 -9999 -9999 -9999 -9999 -9999 -9999 -9999 -9999 -9999 -9999 -9999 -9999 -9999 -9999 -9999 -9999 -9999 -9999 -9999 -9999 -9999 -9999 -9999 -9999 -9999 -9999 -9999 -9999 -9999 -9999 -9999 -9999 -9999 -9999 -9999 -9999 -9999 -9999 -9999 -9999 -9999 -9999 -9999 -9999 -9999 -9999 140 157 173 165 185 213 221 257 263 237 250 301 290 266 252 273 216 252 270 274 262 274 289 268 313 321 314
-9999 -9999 -9999 -9999 -9999 -9999 -9999 -9999 -9999 -9999 -9999 -9999 -9999 -9999 -9999 -9999 -9999 -9999 -9999 -9999 -9999 -9999 -9999 -9999 -9999 -9999 -9999 -9999 -9999 -9999 -9999 -9999 -9999 -9999 -9999 -9999 -9999 -9999 -9999 -9999 -9999 -9999 -9999 -9999 -9999 -9999 -9999 -9999 -9999 -9999 -9999 -9999 -9999 -9999 -9999 -9999 -9999 -9999 -9999 -9999 -9999 -9999 -9999 -9999 -9999 -9999 -9999 -9999 -9999 -9999 -9999 118 175 161 197 204 233 244 245 222 242 267 244 229 244 243 218 277 278 277 297 298 293 309 304 321
-9999 -9999 -9999 -9999 -9999 -9999 -9999 -9999 -9999 -9999 -9999 -9999 -9999 -9999 -9999 -9999 -9999 -9999 -9999 -9999 -9999 -9999 -9999 -9999 -9999 -9999 -9999 -9999 -9999 -9999 -9999 -9999 -9999 -9999 -9999 -9999 -9999 -9999 -9999 -9999 -9999 -9999 -9999 -9999 -9999 -9999 -9999 -9999 -9999 -9999 -9999 -9999 -9999 -9999 -9999 -9999 -9999 -9999 -9999 -9999 -9999 -9999 -9999 -9999 -9999 -9999 -9999 -9999 -9999 -9999 -9999 -9999 -9999 -9999 113 126 131 130 177 142 164 169 153 177 176 172 173 214 225 245 259 260 250 291 278 303
-9999 -9999 -9999 -9999 -9999 -9999 -9999 -9999 -9999 -9999 -9999 -9999 -9999 -9999 -9999 -9999 -9999 -9999 -9999 -9999 -9999 -9999 -9999 -9999 -9999 -9999 -9999 -9999 -9999 -9999 -9999 -9999 -9999 -9999 -9999 -9999 -9999 -9999 -9999 -9999 -9999 -9999 -9999 -9999 -9999 -9999 -9999 -9999 -9999 -9999 -9999 -9999 -9999 -9999 -9999 -9999 -9999 -9999 -9999 -9999 -9999 -9999 -9999 -9999 -9999 -9999 -9999 -9999 -9999 -9999 -9999 -9999 -9999 -9999 33 46 106 115 123 114 106 127 145 131 135 169 178 189 214 221 249 258 243 266 265 317
-9999 -9999 -9999 -9999 -9999 -9999 -9999 -9999 -9999 -9999 -9999 -9999 -9999 -9999 -9999 -9999 -9999 -9999 -9999 -9999 -9999 -9999 -9999 -9999 -9999 -9999 -9999 -9999 -9999 -9999 -9999 -9999 -9999 -9999 -9999 -9999 -9999 -9999 -9999 -9999 -9999 -9999 -9999 -9999 -9999 -9999 -9999 -9999 -9999 -9999 -9999 -9999 -9999 -9999 -9999 -9999 -9999 -9999 -9999 -9999 -9999 -9999 -9999 -9999 -9999 -9999 -9999 -9999 -9999 -9999 -9999 -9999 -9999 -9999 -9999 -9999 -9999 57 64 90 79 91 113 109 100 128 127 157 197 213 232 250 253 273 269 291
-9999 -9999 -9999 -9999 -9999 -9999 -9999 -9999 -9999 -9999 -9999 -9999 -9999 -9999 -9999 -9999 -9999 -9999 -9999 -9999 -9999 -9999 -9999 -9999 -9999 -9999 -9999 -9999 -9999 -9999 -9999 -9999 -9999 -9999 -9999 -9999 -9999 -9999 -9999 -9999 -9999 -9999 -9999 -9999 -9999 -9999 -9999 -9999 -9999 -9999 -9999 -9999 -9999 -9999 -9999 -9999 -9999 -9999 -9999 -9999 -9999 -9999 -9999 -9999 -9999 -9999 -9999 -9999 -9999 -9999 -9999 -9999 -9999 -9999 -9999 -9999 -9999 -9999 -9999 -9999 -9999 30 58 44 58 55 88 86 110 177 208 219 233 267 261 279
-9999 -9999 -9999 -9999 -9999 -9999 -9999 -9999 -9999 -9999 -9999 -9999 -9999 -9999 -9999 -9999 -9999 -9999 -9999 -9999 -9999 -9999 -9999 -9999 -9999 -9999 -9999 -9999 -9999 -9999 -9999 -9999 -9999 -9999 -9999 -9999 -9999 -9999 -9999 -9999 -9999 -9999 -9999 -9999 -9999 -9999 -9999 -9999 -9999 -9999 -9999 -9999 -9999 -9999 -9999 -9999 -9999 -9999 -9999 -9999 -9999 -9999 -9999 -9999 -9999 -9999 -9999 -9999 -9999 -9999 -9999 -9999 -9999 -9999 -9999 -9999 -9999 -9999 -9999 -9999 -9999 -9999 -9999 24 19 43 26 76 62 127 173 193 189 235 224 250
-9999 -9999 -9999 -9999 -9999 -9999 -9999 -9999 -9999 -9999 -9999 -9999 -9999 -9999 -9999 -9999 -9999 -9999 -9999 -9999 -9999 -9999 -9999 -9999 -9999 -9999 -9999 -9999 -9999 -9999 -9999 -9999 -9999 -9999 -9999 -9999 -9999 -9999 -9999 -9999 -9999 -9999 -9999 -9999 -9999 -9999 -9999 -9999 -9999 -9999 -9999 -9999 -9999 -9999 -9999 -9999 -9999 -9999 -9999 -9999 -9999 -9999 -9999 -9999 -9999 -9999 -9999 -9999 -9999 -9999 -9999 -9999 -9999 -9999 -9999 -9999 -9999 -9999 -9999 -9999 -9999 -9999 -9999 -9999 -9999 -9999 -9999 -9999 -9999 39 100 153 185 215 232 225
-9999 -9999 -9999 -9999 -9999 -9999 -9999 -9999 -9999 -9999 -9999 -9999 -9999 -9999 -9999 -9999 -9999 -9999 -9999 -9999 -9999 -9999 -9999 -9999 -9999 -9999 -9999 -9999 -9999 -9999 -9999 -9999 -9999 -9999 -9999 -9999 -9999 -9999 -9999 -9999 -9999 -9999 -9999 -9999 -9999 -9999 -9999 -9999 -9999 -9999 -9999 -9999 -9999 -9999 -9999 -9999 -9999 -9999 -9999 -9999 -9999 -9999 -9999 -9999 -9999 -9999 -9999 -9999 -9999 -9999 -9999 -9999 -9999 -9999 -9999 -9999 -9999 -9999 -9999 -9999 -9999 -9999 -9999 -9999 -9999 -9999 -9999 -9999 -9999 -9999 40 140 140 185 195 202
-9999 -9999 -9999 -9999 -9999 -9999 -9999 -9999 -9999 -9999 -9999 -9999 -9999 -9999 -9999 -9999 -9999 -9999 -9999 -9999 -9999 -9999 -9999 -9999 -9999 -9999 -9999 -9999 -9999 -9999 -9999 -9999 -9999 -9999 -9999 -9999 -9999 -9999 -9999 -9999 -9999 -9999 -9999 -9999 -9999 -9999 -9999 -9999 -9999 -9999 -9999 -9999 -9999 -9999 -9999 -9999 -9999 -9999 -9999 -9999 -9999 -9999 -9999 -9999 -9999 -9999 -9999 -9999 -9999 -9999 -9999 -9999 -9999 -9999 -9999 -9999 -9999 -9999 -9999 -9999 -9999 -9999 -9999 -9999 -9999 -9999 -9999 -9999 -9999 -9999 -9999 -9999 -9999 88 56 119
-9999 -9999 -9999 -9999 -9999 -9999 -9999 -9999 -9999 -9999 -9999 -9999 -9999 -9999 -9999 -9999 -9999 -9999 -9999 -9999 -9999 -9999 -9999 -9999 -9999 -9999 -9999 -9999 -9999 -9999 -9999 -9999 -9999 -9999 -9999 -9999 -9999 -9999 -9999 -9999 -9999 -9999 -9999 -9999 -9999 -9999 -9999 -9999 -9999 -9999 -9999 -9999 -9999 -9999 -9999 -9999 -9999 -9999 -9999 -9999 -9999 -9999 -9999 -9999 -9999 -9999 -9999 -9999 -9999 -9999 -9999 -9999 -9999 -9999 -9999 -9999 -9999 -9999 -9999 -9999 -9999 -9999 -9999 -9999 -9999 -9999 -9999 -9999 -9999 -9999 -9999 -9999 -9999 -9999 14 60
-9999 -9999 -9999 -9999 -9999 -9999 -9999 -9999 -9999 -9999 -9999 -9999 -9999 -9999 -9999 -9999 -9999 -9999 -9999 -9999 -9999 -9999 -9999 -9999 -9999 -9999 -9999 -9999 -9999 -9999 -9999 -9999 -9999 -9999 -9999 -9999 -9999 -9999 -9999 -9999 -9999 -9999 -9999 -9999 -9999 -9999 -9999 -9999 -9999 -9999 -9999 -9999 -9999 -9999 -9999 -9999 -9999 -9999 -9999 -9999 -9999 -9999 -9999 -9999 -9999 -9999 -9999 -9999 -9999 -9999 -9999 -9999 -9999 -9999 -9999 -9999 -9999 -9999 -9999 -9999 -9999 -9999 -9999 -9999 -9999 -9999 -9999 -9999 -9999 -9999 -9999 -9999 -9999 -9999 -9999 -9999
