testing/merapi_topography.txt
ncols         150
nrows         150
xllcorner     338149
yllcorner     9064984
cellsize      1342
NODATA_value  -9999
[rows 0 to 42 of 150, columns 0 to 95 of 150]
180 180 180 180 180 180 180 180 180 180 180 180 180 180 180 180 180 180 180 180 180 180 180 180 180 180 180 180 180 180 180 180 180 180 180 180 180 180 180 180 180 180 180 180 180 180 180 180 180 180 180 180 180 180 180 180 180 180 180 180 180 180 180 180 180 180 180 180 180 180 180 180 180 180 180 180 180 180 180 180 180 180 180 180 180 180 180 180 180 180 180 182 182 176 192 187
180 180 180 180 180 180 180 180 180 180 180 180 180 180 180 180 180 180 180 180 180 180 180 180 180 180 180 180 180 180 180 180 180 180 180 180 180 180 180 180 180 180 180 180 180 180 180 180 180 180 180 180 180 180 180 180 180 180 180 180 180 180 180 180 180 180 180 180 180 180 180 180 180 180 180 180 180 180 180 180 180 180 180 180 180 180 180 180 180 180 180 180 180 177 156 169
180 180 180 180 180 180 180 180 180 180 180 180 180 180 180 180 180 180 180 180 180 180 180 180 180 180 180 180 180 180 180 180 180 180 180 180 180 180 180 180 180 180 180 180 180 180 180 180 180 180 180 180 180 180 180 180 180 180 180 180 180 180 180 180 180 180 180 180 180 180 180 180 180 180 180 180 180 180 180 180 180 180 180 180 180 180 180 180 180 180 180 180 183 184 193 174
180 180 180 180 180 180 180 180 180 180 180 180 180 180 180 180 180 180 180 180 180 180 180 180 180 180 180 180 180 180 180 180 180 180 180 180 180 180 180 180 180 180 180 180 180 180 180 180 180 180 180 180 180 180 180 180 180 180 180 180 180 180 180 180 180 180 180 180 180 180 180 180 180 180 180 180 180 180 180 180 180 180 180 180 180 180 180 180 180 180 175 179 181 159 177 176
180 180 180 180 180 180 180 180 180 180 180 180 180 180 180 180 180 180 180 180 180 180 180 180 180 180 180 180 180 180 180 180 180 180 180 180 180 180 180 180 180 180 180 180 180 180 180 180 180 180 180 180 180 180 180 180 180 180 180 180 180 180 180 180 180 180 180 180 180 180 180 180 180 180 180 180 180 180 180 180 180 180 180 180 180 180 180 180 180 180 180 182 175 177 181 169
180 180 180 180 180 180 180 180 180 180 180 180 180 180 180 180 180 180 180 180 180 180 180 180 180 180 180 180 180 180 180 180 180 180 180 180 180 180 180 180 180 180 180 180 180 180 180 180 180 180 180 180 180 180 180 180 180 180 180 180 180 180 180 180 180 180 180 180 180 180 180 180 180 180 180 180 180 180 180 180 180 180 180 180 180 180 180 180 180 179 185 177 172 179 179 175
180 180 180 180 180 180 180 180 180 180 180 180 180 180 180 180 180 180 180 180 180 180 180 180 180 180 180 180 180 180 180 180 180 180 180 180 180 180 180 180 180 180 180 180 180 180 180 180 180 180 180 180 180 180 180 180 180 180 180 180 180 180 180 180 180 180 180 180 180 180 180 180 180 180 180 180 180 180 180 180 180 180 180 180 180 180 180 180 180 180 182 182 181 176 184 176
180 180 180 180 180 180 180 180 180 180 180 180 180 180 180 180 180 180 180 180 180 180 180 180 180 180 180 180 180 180 180 180 180 180 180 180 180 180 180 180 180 180 180 180 180 180 180 180 180 180 180 180 180 180 180 180 180 180 180 180 180 180 180 180 180 180 180 180 180 180 180 180 180 180 180 180 180 180 180 180 180 180 180 183 187 180 175 180 180 180 168 180 169 187 174 181
180 180 180 180 180 180 180 180 180 180 180 180 180 180 180 180 180 180 180 180 180 180 180 180 180 180 180 180 180 180 180 180 180 180 180 180 180 180 180 180 180 180 180 180 180 180 180 180 180 180 180 180 180 180 180 180 180 180 180 180 180 180 180 180 180 180 180 180 180 180 180 180 180 180 180 180 180 180 180 180 180 180 180 180 186 181 170 180 180 180 174 187 182 174 176 175
180 180 180 180 180 180 180 180 180 180 180 180 180 180 180 180 180 180 180 180 180 180 180 180 180 180 180 180 180 180 180 180 180 180 180 180 180 180 180 180 180 180 180 180 180 180 180 180 180 180 180 180 180 180 180 180 180 180 180 180 180 180 180 180 180 180 180 180 180 180 180 180 180 180 180 180 180 180 180 180 180 180 179 185 178 180 176 176 185 175 181 172 180 181 182 183
180 180 180 180 180 180 180 180 180 180 180 180 180 180 180 180 180 180 180 180 180 180 180 180 180 180 180 180 180 180 180 180 180 180 180 180 180 180 180 180 180 180 180 180 180 180 180 180 180 180 180 180 180 180 180 180 180 180 180 180 180 180 180 180 180 180 180 180 180 180 180 180 180 180 180 180 180 180 180 180 180 180 180 180 164 179 174 168 175 177 182 176 173 172 182 184
180 180 180 180 180 180 180 180 180 180 180 180 180 180 180 180 180 180 180 180 180 180 180 180 180 180 180 180 180 180 180 180 180 180 180 180 180 180 180 180 180 180 180 180 180 180 180 180 180 180 180 180 180 180 180 180 180 180 180 180 180 180 180 180 180 180 180 180 180 180 180 180 180 180 180 180 180 180 180 180 180 180 180 180 180 192 179 181 180 169 177 180 173 182 180 182
180 180 180 180 180 180 180 180 180 180 180 180 180 180 180 180 180 180 180 180 180 180 180 180 180 180 180 180 180 180 180 180 180 180 180 180 180 180 180 180 180 180 180 180 180 180 180 180 180 180 180 180 180 180 180 180 180 180 180 180 180 180 180 180 180 180 180 180 180 180 180 180 180 180 180 180 180 180 180 180 180 180 180 180 180 180 181 184 177 175 185 174 181 193 174 177
176 180 180 180 180 180 180 180 180 180 180 180 180 180 180 180 180 180 180 180 180 180 180 180 180 180 180 180 180 180 180 180 180 180 180 180 180 180 180 180 180 180 180 180 180 180 180 180 180 180 180 180 180 180 180 180 180 180 180 180 180 180 180 180 180 180 180 180 180 180 180 180 180 180 180 180 180 180 180 180 180 180 180 180 188 180 181 185 180 174 183 190 184 179 184 182
177 180 180 180 180 180 180 180 180 180 180 180 180 180 180 180 180 180 180 180 180 180 180 180 180 180 180 180 180 180 180 180 180 180 180 180 180 180 180 180 180 180 180 180 180 180 180 180 180 180 180 180 180 180 180 180 180 180 180 180 180 180 180 180 180 180 180 180 180 180 180 180 180 180 180 180 180 180 180 180 180 180 180 175 177 171 177 182 180 184 173 179 180 176 174 177
176 180 180 180 180 180 180 180 180 180 180 180 180 180 180 180 180 180 180 180 180 180 180 180 180 180 180 180 180 180 180 180 180 180 180 180 180 180 180 180 180 180 180 180 180 180 180 180 180 180 180 180 180 180 180 180 180 180 180 180 180 180 180 180 180 180 180 180 180 180 180 180 180 180 180 180 180 180 180 180 180 180 173 180 180 181 175 183 182 178 176 184 176 179 178 180
176 170 182 180 180 180 180 180 180 180 180 180 180 180 180 180 180 180 180 180 180 180 180 180 180 180 180 180 180 180 180 180 180 180 180 180 180 180 180 180 180 180 180 180 180 180 180 180 180 180 180 180 180 180 180 180 180 180 180 180 180 180 180 180 180 180 180 180 180 180 180 180 180 180 180 180 180 180 180 180 180 173 184 172 179 176 179 181 174 179 180 177 179 180 182 185
174 179 177 183 174 175 182 177 176 182 180 180 180 180 180 180 180 180 180 180 180 180 180 180 180 180 180 180 180 180 180 180 180 180 180 180 180 180 180 180 180 180 180 180 180 180 180 180 180 180 180 180 187 180 180 180 180 180 180 180 180 180 180 180 180 180 180 180 180 180 180 180 180 180 180 180 180 180 180 180 180 197 180 176 180 183 175 179 181 178 175 175 183 175 181 179
185 176 175 180 176 180 178 180 183 187 190 184 180 189 180 180 180 180 180 180 180 180 180 180 180 180 180 180 180 180 180 180 180 180 180 180 180 180 180 180 180 180 180 180 180 180 180 180 180 180 180 180 191 175 180 177 182 180 180 180 180 180 180 180 180 180 180 180 180 180 180 180 180 180 180 180 180 180 180 180 180 180 180 181 179 176 182 171 176 179 175 179 179 185 179 185
176 170 182 180 177 178 180 176 177 188 181 177 180 184 179 183 183 180 180 180 180 180 180 180 180 180 180 180 180 180 180 180 180 180 180 180 180 180 180 180 180 180 180 180 180 180 180 180 180 180 176 182 176 182 194 180 175 179 180 180 180 180 180 180 180 180 180 180 180 180 180 180 180 180 180 180 180 180 180 180 174 180 176 179 185 176 178 180 175 178 177 179 179 183 183 178
177 173 183 177 182 178 174 171 197 183 188 179 177 175 180 174 179 185 183 184 181 180 180 180 180 180 180 180 180 180 180 180 180 180 180 180 180 180 180 180 180 180 180 180 180 180 180 194 179 176 182 186 191 188 177 180 180 180 180 180 180 180 180 180 180 180 180 180 180 180 180 180 180 180 180 180 180 180 180 180 180 189 181 194 180 181 172 180 177 176 173 183 177 180 183 182
184 185 185 181 183 181 182 183 173 167 183 185 185 183 177 180 180 175 183 180 185 198 180 180 180 180 180 180 180 180 180 180 180 180 180 180 180 180 180 180 180 180 180 180 190 182 187 177 181 185 187 182 179 162 176 176 181 180 181 180 180 180 180 180 180 180 180 180 180 180 180 180 180 180 180 180 180 180 180 180 180 180 180 175 180 179 176 183 176 185 173 174 176 183 182 179
183 184 176 179 193 180 185 181 176 172 188 185 185 178 177 178 178 182 182 190 169 178 183 182 181 193 180 180 180 180 180 180 180 180 180 180 180 180 180 180 180 177 179 180 179 181 183 174 175 179 174 159 169 180 173 183 179 180 181 180 180 180 180 180 180 180 180 180 180 180 180 180 180 180 180 180 180 180 181 177 180 184 187 178 181 180 179 177 182 183 181 175 192 185 181 174
182 174 176 162 178 176 175 176 200 172 183 188 177 182 177 179 182 197 197 201 187 176 158 164 149 190 189 238 194 187 219 187 172 184 220 186 180 181 182 188 176 187 173 178 178 175 184 183 181 184 188 183 188 191 183 169 193 176 180 180 180 180 181 180 180 180 180 180 180 180 180 180 180 180 180 180 180 180 180 180 180 191 184 182 180 181 195 168 177 180 169 183 181 186 176 184
178 180 171 187 176 177 183 170 176 192 168 194 182 183 206 195 188 184 170 190 169 190 200 130 240 227 170 208 101 237 189 166 182 139 164 131 173 180 147 183 183 176 173 189 175 181 181 176 167 188 175 179 187 181 175 183 176 183 175 172 180 180 169 180 180 180 180 180 180 180 180 180 180 180 180 180 180 185 180 183 174 189 175 183 189 193 180 185 173 181 172 182 192 176 182 181
169 186 182 176 195 176 179 174 184 188 177 178 178 177 173 210 218 184 189 186 180 133 131 162 185 54 242 43 173 159 167 206 242 118 161 182 166 178 187 147 187 180 179 176 186 178 188 185 172 181 189 181 185 168 182 181 181 191 180 186 180 181 180 179 180 176 180 180 180 180 184 180 194 178 171 180 169 186 189 177 178 183 178 181 176 176 179 186 181 173 173 177 169 181 176 196
176 169 182 183 173 179 185 187 179 191 192 187 158 184 185 159 181 197 200 188 189 175 201 190 186 238 167 194 188 192 75 151 174 204 185 208 233 192 176 188 164 179 187 183 190 174 187 189 182 175 172 175 164 186 185 179 176 187 169 168 178 183 181 176 180 180 180 180 180 180 184 177 181 179 184 177 176 177 173 179 174 179 182 186 177 188 181 176 184 184 177 181 185 176 186 169
182 179 176 182 180 184 181 182 194 185 184 162 175 176 191 196 154 183 197 219 201 180 73 178 217 196 163 152 200 106 176 146 167 130 120 213 242 180 207 183 167 173 187 177 183 182 174 184 182 173 173 184 175 181 184 194 174 190 170 192 168 177 188 187 182 183 172 179 184 180 174 178 182 189 182 180 176 175 182 184 192 170 178 177 174 171 179 181 189 171 184 179 180 177 171 181
169 180 176 185 181 194 190 188 182 191 179 186 184 167 181 233 220 188 212 174 133 30 150 229 159 239 179 213 174 178 197 170 188 181 171 185 52 204 102 238 249 161 229 228 182 180 181 186 181 175 175 175 179 179 186 176 179 175 176 206 189 232 127 192 188 181 200 175 176 171 182 184 183 179 183 179 190 185 182 187 187 179 179 164 174 183 182 177 188 171 182 181 190 163 179 180
169 200 251 169 143 187 168 177 184 215 183 190 188 189 223 168 205 157 154 185 165 238 201 64 239 204 182 0 169 176 222 173 210 210 219 251 254 147 221 229 192 232 78 142 145 175 183 179 184 189 181 189 170 196 188 203 215 169 223 220 226 207 221 202 124 166 210 159 155 197 217 187 155 181 169 174 187 174 180 182 169 179 192 186 177 173 191 183 192 181 175 175 181 184 181 183
145 178 174 174 163 192 201 189 168 222 191 201 184 214 210 189 224 210 166 166 216 152 201 165 204 186 195 194 0 166 118 216 204 171 188 210 168 175 145 1 232 197 210 193 192 182 179 184 177 190 230 240 162 160 94 226 176 131 132 198 167 169 175 166 155 204 224 199 170 188 176 115 135 190 173 177 180 180 175 177 192 166 189 173 171 175 185 181 186 180 180 177 175 180 171 180
184 181 187 184 177 200 189 174 180 190 162 185 147 203 209 192 210 188 212 186 196 198 55 201 166 166 210 212 75 118 178 130 192 227 203 212 183 175 176 42 183 194 0 232 208 36 230 189 220 180 188 174 168 190 146 212 132 185 188 203 161 181 204 148 194 181 185 159 171 218 123 128 203 199 178 158 180 185 187 184 182 179 179 168 177 181 182 170 173 187 185 180 182 174 181 173
180 170 170 191 193 195 185 190 215 184 175 198 145 177 231 179 211 225 174 185 146 199 215 180 232 219 218 196 156 165 206 173 164 137 177 211 192 68 201 84 230 102 232 252 83 221 235 203 197 199 103 149 192 117 186 187 195 230 211 179 175 215 215 196 184 196 207 172 226 238 206 222 123 183 183 223 184 184 192 184 185 182 167 187 169 194 183 175 180 184 176 184 186 181 179 177
185 180 174 193 187 186 182 198 161 207 192 223 215 253 230 249 245 231 149 147 197 218 205 179 159 186 201 195 216 202 249 204 167 89 209 240 248 150 124 248 155 202 192 0 94 157 63 167 199 223 227 153 192 200 164 149 191 52 212 194 160 209 199 205 194 192 152 92 110 198 132 215 202 154 215 200 166 175 188 193 181 169 176 183 174 172 183 177 189 170 202 184 181 170 173 179
182 181 181 192 190 207 209 153 208 224 198 222 228 180 215 176 182 205 222 245 207 237 193 245 172 145 176 180 213 79 122 209 224 215 0 245 185 140 200 183 229 121 195 92 133 134 193 148 208 173 195 122 220 166 214 203 240 143 160 179 222 188 123 185 194 174 199 150 192 234 205 33 202 176 177 46 169 173 202 182 168 178 181 190 179 192 184 166 174 179 182 178 181 191 184 185
213 210 94 184 43 207 100 238 187 150 122 216 162 179 171 201 202 236 146 39 152 165 175 180 147 143 199 223 208 246 209 0 165 239 184 174 175 219 218 217 81 141 123 123 107 103 214 121 168 199 211 135 141 195 243 171 182 220 122 194 220 126 183 193 182 172 200 178 206 170 143 175 188 205 156 136 158 185 149 182 177 185 181 164 182 179 176 168 187 181 164 170 180 190 184 179
202 80 87 165 175 240 207 185 234 111 246 235 246 73 62 218 241 154 236 200 201 175 225 176 210 128 226 165 229 169 79 241 196 43 208 167 250 177 185 185 146 215 120 123 178 200 93 173 232 230 180 215 152 187 192 233 123 165 169 186 115 134 175 132 187 219 192 220 173 183 225 253 179 96 169 124 201 195 176 170 181 183 178 175 190 176 180 179 176 183 183 177 174 175 170 177
252 162 119 219 136 210 106 168 115 250 109 111 239 1 216 223 65 120 231 126 169 236 230 245 209 144 173 249 99 228 130 148 183 245 235 231 144 19 188 233 204 144 140 172 215 186 180 10 91 183 153 164 188 69 218 169 135 197 150 171 95 190 202 193 171 198 204 219 191 151 195 232 174 145 53 203 197 236 222 113 165 226 193 193 165 188 191 189 195 204 178 184 180 181 188 177
127 252 243 108 101 223 36 220 251 50 219 203 231 127 207 173 93 167 230 0 242 31 235 142 213 99 191 226 232 136 97 182 232 125 228 219 167 244 189 251 124 193 220 171 163 127 109 136 230 188 199 159 136 0 197 208 148 172 174 183 198 216 226 205 207 195 175 206 227 194 153 120 183 222 233 220 247 120 94 209 107 184 132 185 184 185 201 181 202 190 185 152 203 158 152 163
111 247 222 240 61 181 208 253 218 246 190 58 253 0 201 1 155 20 0 247 117 242 43 240 198 188 216 219 239 224 127 169 187 229 185 234 209 251 203 191 208 192 223 166 206 219 108 185 128 88 229 9 152 22 176 212 177 172 219 155 177 204 201 199 179 253 236 215 197 175 130 213 156 198 190 175 176 98 213 139 130 168 162 193 180 201 160 187 149 188 139 172 175 220 180 182
222 125 101 185 179 144 213 219 13 68 73 62 0 11 240 202 31 230 251 0 213 124 235 164 239 193 60 26 227 210 1 242 181 211 248 180 109 249 241 246 118 105 16 171 189 99 244 249 158 219 188 222 183 99 141 117 140 247 166 171 157 196 188 226 213 223 188 228 240 166 136 189 178 143 225 196 228 134 182 254 169 108 115 165 216 208 190 189 203 166 212 194 185 173 194 183
126 102 208 155 228 89 228 42 66 80 80 203 164 249 191 0 100 117 159 250 6 175 207 183 218 1 84 245 213 151 252 251 211 0 178 69 79 165 121 86 178 209 254 75 231 249 187 158 95 226 123 247 227 166 198 197 58 184 155 214 166 214 174 215 203 235 71 149 71 204 154 176 186 166 197 170 186 186 206 148 92 120 151 188 206 143 228 208 180 219 217 127 173 176 184 158
84 144 239 212 216 250 216 181 0 0 172 44 77 100 53 141 184 67 233 152 101 43 172 237 252 0 127 244 118 180 249 173 0 217 222 138 81 63 142 90 58 61 0 146 42 211 223 85 107 194 244 239 59 37 193 210 110 216 168 166 197 194 217 213 193 220 250 232 231 107 118 193 193 166 224 186 191 181 211 230 93 198 35 191 203 182 154 105 150 191 132 183 164 208 143 195
