testing/merapi_topography.txt
ncols         150
nrows         150
xllcorner     338149
yllcorner     9064984
cellsize      1342
NODATA_value  -9999
[rows 43 to 85 of 150, columns 0 to 95 of 150]
125 192 184 118 163 86 123 210 231 46 135 214 73 141 216 252 238 179 206 230 252 194 38 246 170 174 150 0 183 174 161 119 249 238 127 245 241 181 252 221 58 39 207 158 246 170 109 88 231 125 227 51 67 0 238 182 186 64 173 245 194 104 207 145 36 248 152 238 97 38 135 210 206 204 213 173 187 76 64 223 160 116 132 236 149 129 196 151 88 125 152 185 97 128 142 171
196 202 150 145 203 218 0 178 238 140 63 210 32 125 109 139 236 213 231 253 205 238 130 239 205 206 66 222 239 169 139 92 64 123 245 255 211 223 252 94 237 0 28 147 105 112 103 60 61 206 229 193 34 199 157 216 195 84 213 216 196 127 251 110 116 251 183 230 36 51 130 203 188 187 217 236 137 141 227 166 83 96 213 212 172 199 175 146 133 169 161 152 175 184 183 180
191 158 106 169 78 241 248 238 224 0 32 66 165 253 155 240 196 231 32 60 39 59 173 185 185 74 103 0 0 227 248 84 34 0 43 134 170 189 248 98 32 57 190 250 131 224 240 234 186 195 123 204 110 55 159 221 213 232 157 137 183 127 193 231 241 222 246 0 0 1 209 152 211 186 177 47 149 132 172 118 239 126 216 188 196 172 186 206 142 189 210 175 156 177 124 163
72 145 170 238 0 217 208 117 174 175 248 23 217 0 0 246 0 173 144 181 167 22 233 32 70 118 79 252 209 83 66 182 97 103 0 209 76 159 168 28 215 124 191 217 194 212 61 113 103 109 29 130 68 207 0 144 202 163 97 207 240 113 220 236 215 234 1 0 181 85 143 139 181 170 236 84 187 186 180 74 159 173 72 64 252 198 223 184 157 160 137 193 194 232 201 203
232 169 247 91 97 219 104 95 177 174 192 229 186 121 94 0 14 116 104 83 226 70 90 232 233 135 187 179 35 207 0 160 163 186 40 73 47 154 193 213 11 236 205 169 157 178 168 166 148 173 181 102 231 182 231 237 235 163 134 221 220 216 187 193 185 161 117 81 22 109 163 147 149 178 135 119 132 48 92 206 221 173 238 162 90 228 196 190 186 145 181 205 212 171 220 179
149 234 253 145 18 184 5 66 233 30 157 114 216 92 85 1 1 127 143 226 227 1 110 208 97 179 143 243 154 83 190 230 98 24 118 154 238 118 73 0 135 170 172 181 169 183 164 160 140 137 140 111 197 199 197 134 125 153 168 250 253 241 96 247 181 102 131 137 119 110 109 192 0 192 174 182 213 102 197 187 186 152 232 134 129 156 191 209 189 213 179 216 196 191 157 137
62 66 20 72 90 70 216 167 136 0 0 122 133 25 104 158 179 78 12 247 101 189 35 126 81 5 0 254 242 231 0 43 0 0 106 221 135 181 59 142 178 172 172 161 154 156 182 92 185 179 189 160 145 137 188 168 155 154 162 49 217 124 180 156 142 156 171 97 184 103 173 152 124 166 145 151 140 250 1 240 229 197 79 185 184 120 130 159 126 173 194 189 197 134 213 183
85 142 204 162 175 0 156 134 26 245 232 95 42 176 15 177 190 225 80 42 105 192 226 152 38 184 163 15 187 0 0 47 59 0 119 162 4 33 15 41 196 170 173 144 179 180 217 180 168 197 207 190 173 175 176 194 194 216 96 57 135 252 178 33 148 106 200 222 162 102 74 160 167 176 198 36 174 141 217 64 224 112 177 49 207 216 182 185 187 188 214 220 186 187 138 165
22 57 114 92 5 204 185 198 27 253 67 157 226 145 175 16 121 31 161 228 114 180 188 90 0 0 241 254 20 0 87 51 94 111 122 181 152 0 26 161 158 192 136 189 159 170 170 166 190 166 129 171 196 150 189 171 110 160 238 227 237 88 28 113 184 150 76 174 51 5 84 133 153 140 137 75 177 246 129 55 163 192 162 164 154 162 108 170 190 234 207 186 229 176 136 155
43 145 39 183 166 153 253 191 0 108 107 191 142 73 191 223 141 160 104 13 195 242 243 133 109 19 181 188 173 49 99 124 178 231 211 241 239 184 209 116 176 121 135 162 149 166 144 182 185 101 184 125 194 179 149 188 163 120 133 64 105 135 239 231 123 102 147 41 148 148 181 164 179 172 180 186 68 193 147 189 198 185 73 120 156 112 84 203 192 167 208 162 133 117 186 147
128 109 0 0 94 248 120 166 179 141 75 55 136 41 238 90 16 197 39 64 129 252 0 229 223 173 95 16 87 135 69 147 184 225 234 213 251 221 120 132 58 123 130 136 162 159 143 157 158 168 149 172 184 101 175 171 239 82 115 221 209 88 134 240 151 228 197 210 64 172 183 187 181 180 180 182 225 149 76 200 186 150 150 151 230 132 25 236 241 238 151 184 114 120 101 139
138 192 150 8 138 172 130 92 0 0 60 116 224 16 55 46 0 193 0 135 0 211 59 173 228 27 116 69 25 34 174 172 203 180 239 108 210 229 76 0 28 96 129 153 165 96 204 162 189 192 185 168 163 158 185 191 215 193 157 203 229 214 135 0 93 128 74 185 228 239 199 186 180 180 180 185 191 202 173 128 187 225 233 179 188 106 230 175 150 84 147 105 168 177 185 165
197 44 89 121 221 74 217 180 92 73 186 229 236 131 70 31 39 0 0 97 107 253 17 173 99 72 213 132 15 149 148 232 205 170 180 214 227 77 0 0 96 93 152 195 175 233 133 222 187 192 168 169 150 130 182 195 208 207 121 175 237 234 216 92 219 3 148 194 205 204 0 221 139 110 180 182 196 204 195 98 202 245 86 239 184 162 235 193 69 202 219 173 136 144 172 209
18 102 251 220 176 191 0 124 26 205 228 76 2 44 38 67 168 149 40 201 234 38 184 248 38 111 1 188 57 143 184 201 197 221 121 145 0 0 0 36 56 114 123 241 141 42 222 154 61 192 216 170 178 167 177 183 58 224 79 230 203 214 155 233 170 138 208 237 218 176 179 227 88 175 175 183 186 201 195 195 191 201 194 130 164 209 243 21 117 62 176 149 162 190 222 191
239 237 232 246 160 117 163 230 71 0 89 83 158 160 52 0 41 164 198 56 80 111 217 255 181 93 131 161 182 175 180 187 164 166 141 134 114 175 29 108 111 139 226 249 254 235 251 167 147 85 92 144 164 173 147 155 168 219 88 232 228 120 109 138 172 149 246 241 192 219 244 0 0 102 180 203 211 199 188 199 183 207 234 142 215 100 53 134 217 222 107 215 211 210 111 220
189 149 144 113 178 170 125 202 10 86 203 234 217 82 248 163 86 47 195 50 73 204 45 149 117 227 14 218 176 230 200 225 151 181 158 192 182 107 142 130 183 208 215 237 173 235 90 214 95 122 173 175 153 160 211 166 148 203 115 223 220 183 220 97 126 163 171 228 184 153 229 156 240 0 157 233 225 180 164 209 168 197 185 119 200 106 187 211 145 13 206 208 245 146 90 140
158 130 111 171 198 149 125 53 190 92 195 194 186 211 199 239 138 144 66 82 205 242 253 79 149 151 189 168 177 110 72 135 176 180 174 222 0 125 139 75 182 234 155 219 172 155 37 166 13 10 162 106 174 143 166 180 190 190 201 211 175 116 162 246 228 175 224 215 240 0 249 0 108 248 170 191 196 174 220 163 197 161 167 154 176 188 169 135 136 98 200 169 107 192 163 175
214 147 151 142 151 175 142 215 169 132 165 156 93 197 0 246 203 119 143 0 232 212 210 129 147 104 124 82 170 241 134 183 176 180 168 135 31 145 242 109 240 130 239 212 217 66 31 0 176 0 124 83 187 139 167 167 173 193 186 119 139 230 148 164 49 186 190 223 240 221 91 53 14 180 184 124 180 172 171 138 149 88 163 154 182 194 106 185 165 210 214 202 227 179 218 126
110 105 199 159 226 195 181 180 151 155 162 188 191 188 173 196 202 180 181 115 81 181 182 65 69 117 66 36 121 196 206 106 196 181 181 176 139 239 201 153 206 249 222 219 55 118 0 16 71 81 88 123 150 167 178 141 194 187 129 152 171 186 242 219 201 181 232 240 252 218 221 176 191 244 188 173 160 201 212 161 168 198 121 131 162 169 177 157 182 65 234 204 180 181 214 223
167 155 224 227 158 146 198 175 190 166 175 184 220 191 150 168 204 213 187 157 177 74 4 186 76 237 190 205 163 186 51 224 62 185 188 174 214 214 189 185 215 143 142 94 0 0 0 27 31 157 174 201 132 140 142 142 117 144 173 110 162 165 77 1 123 194 199 206 101 189 172 188 185 237 151 136 69 170 136 185 194 212 177 186 156 150 214 193 205 123 153 198 229 204 159 161
189 182 154 124 185 176 216 155 208 135 186 199 151 203 185 186 202 188 223 192 139 133 139 70 172 206 68 119 173 24 98 216 168 190 216 169 205 202 188 161 144 187 223 24 12 16 0 45 126 101 240 77 223 144 164 188 171 197 154 212 176 206 191 145 185 232 202 232 187 174 199 204 218 181 230 126 94 92 121 148 169 186 142 168 93 172 54 168 134 145 228 212 127 193 165 97
185 73 144 214 232 199 150 172 220 165 204 172 220 239 17 120 166 101 224 92 221 94 70 164 140 178 185 140 157 184 207 188 204 223 220 144 181 179 185 170 219 164 94 0 28 0 8 71 134 74 72 0 7 124 132 164 180 179 175 147 166 202 210 151 167 175 164 232 182 177 186 236 219 251 206 67 136 70 186 171 179 169 181 140 197 96 175 96 161 177 197 86 234 155 151 190
185 156 207 189 179 199 124 228 192 193 97 180 233 251 245 208 208 129 211 141 27 183 217 122 234 148 233 215 209 191 215 190 147 243 88 223 171 158 18 225 241 139 126 57 132 101 81 101 142 124 17 2 149 69 152 201 190 201 226 187 216 183 208 176 190 230 175 208 219 163 207 226 254 238 229 167 90 88 84 149 162 180 170 206 162 158 163 167 206 171 184 58 187 170 175 161
244 197 196 106 236 162 206 225 251 202 226 97 170 100 237 167 69 189 224 236 207 5 168 74 94 208 253 177 205 176 222 193 179 249 108 250 148 175 220 137 150 172 163 95 159 77 78 39 122 61 166 147 132 149 161 145 189 187 206 181 211 192 199 205 200 214 174 199 227 235 225 232 166 227 208 83 48 50 86 134 172 189 170 175 188 155 146 98 139 132 170 105 199 187 165 189
185 177 205 146 183 169 195 238 250 0 23 218 252 12 254 118 193 170 76 41 121 174 119 121 155 152 159 78 112 172 203 189 188 175 160 178 184 197 85 179 157 169 2 133 125 99 123 151 121 151 44 132 84 174 173 168 190 174 162 206 170 201 207 202 192 190 215 208 225 186 240 251 227 206 239 0 6 18 94 160 134 145 159 157 168 152 204 150 138 210 176 219 225 136 177 172
215 207 202 192 141 101 188 201 122 113 222 65 220 0 37 13 190 73 188 103 187 171 127 146 136 145 232 216 189 153 231 115 87 97 202 162 157 129 139 184 181 141 209 243 124 126 122 109 133 124 154 147 147 141 176 112 203 175 169 184 155 201 192 199 173 204 145 228 212 234 150 113 239 148 0 155 0 94 74 136 133 99 126 162 158 152 139 152 136 188 171 197 164 150 240 191
219 102 210 181 191 212 238 205 148 25 104 130 1 212 123 51 93 252 165 88 84 48 211 200 101 212 122 222 186 224 224 205 126 187 195 142 81 213 135 129 143 190 200 85 0 51 180 254 106 172 114 156 155 147 162 126 174 134 130 164 144 189 185 171 229 252 175 163 209 191 211 238 182 75 169 0 14 46 93 138 108 141 130 150 141 179 217 150 175 151 177 140 135 190 124 183
196 100 171 175 154 215 158 28 143 47 248 30 76 236 0 184 90 0 60 108 120 242 148 169 198 150 253 231 236 193 209 145 144 118 47 99 87 155 157 108 180 56 196 142 72 65 176 231 91 24 26 20 67 161 222 200 215 162 184 155 190 91 118 235 165 144 25 88 140 38 118 150 162 166 144 19 72 105 154 126 94 181 148 170 171 158 175 154 160 153 143 180 148 166 168 171
98 115 176 217 224 225 248 10 168 45 0 184 0 0 0 254 135 162 218 210 245 143 212 163 161 247 240 226 221 182 224 107 187 115 104 95 134 26 97 155 164 158 234 144 0 171 147 228 61 0 52 140 111 106 172 161 153 192 157 160 173 186 161 209 251 173 209 164 157 129 195 86 192 206 232 221 143 49 159 176 145 160 163 146 165 165 177 156 175 167 183 158 193 229 109 150
209 227 223 221 167 15 118 245 217 175 0 22 3 233 199 0 134 75 225 221 249 86 95 156 138 169 218 186 158 216 211 217 78 246 42 116 28 240 62 85 176 159 237 188 28 129 158 159 119 78 134 138 180 147 200 193 174 182 192 216 191 176 216 171 215 168 144 184 210 252 197 212 240 177 78 224 120 190 115 104 157 151 156 119 154 164 160 155 152 158 185 96 152 167 182 177
114 49 48 117 106 0 37 17 187 238 89 215 195 231 132 134 216 198 94 84 70 100 162 224 117 146 189 220 56 222 100 95 73 143 131 47 179 41 113 146 172 209 224 113 205 104 169 228 149 175 147 83 151 185 192 163 174 163 121 170 200 225 171 180 150 156 159 205 198 203 216 217 177 230 234 122 224 0 79 120 119 132 159 122 148 158 164 158 134 175 162 135 171 189 172 154
152 145 243 235 251 232 135 234 61 185 140 229 177 75 28 214 132 92 122 108 74 211 166 50 164 189 252 119 156 203 0 19 124 70 33 187 225 223 138 116 96 182 208 160 151 150 84 77 175 220 127 144 188 176 181 211 168 189 218 141 151 184 182 180 198 205 193 201 200 206 223 243 243 197 183 0 0 0 0 152 114 114 128 166 142 150 152 158 156 158 162 170 132 178 177 169
162 190 226 242 231 111 83 228 0 11 227 175 89 134 65 106 141 107 50 195 71 91 216 96 205 233 231 248 17 89 85 0 170 226 180 158 244 182 181 190 246 168 115 170 182 219 139 204 203 183 176 167 190 156 181 220 162 175 179 183 188 203 195 183 221 189 174 172 196 176 153 180 121 101 54 0 0 27 53 127 105 168 148 149 151 166 165 161 163 164 161 165 186 185 165 168
213 183 241 181 131 66 173 214 180 175 143 175 185 188 252 150 9 189 110 127 179 180 208 220 246 85 5 76 76 199 118 74 103 241 125 189 196 75 30 11 84 172 214 193 120 222 222 179 145 169 170 191 170 175 169 163 173 187 185 185 191 190 182 187 162 203 179 195 213 153 229 176 137 150 61 62 51 119 93 90 143 144 143 142 158 161 156 162 164 146 168 169 183 161 175 182
165 98 111 174 168 247 229 191 157 100 207 145 236 208 69 41 178 215 178 167 154 239 235 251 243 0 12 183 0 118 67 159 174 191 130 104 164 197 251 96 228 149 210 37 162 99 184 205 168 153 179 166 179 128 182 173 177 174 182 174 174 181 174 176 195 175 186 205 138 167 232 141 162 54 133 146 1 75 64 96 128 120 134 152 142 159 167 151 171 168 162 165 170 168 181 189
166 223 204 172 231 137 159 168 138 111 80 107 225 78 192 172 251 231 134 108 169 180 205 243 166 58 89 138 255 241 0 99 127 190 59 16 209 247 233 123 151 81 135 115 162 228 229 171 182 190 218 149 173 183 174 179 180 184 192 173 179 184 182 200 184 192 185 198 170 176 205 189 179 0 84 75 91 85 93 116 126 123 150 143 152 151 150 154 166 168 151 168 177 172 170 176
181 238 188 109 226 199 69 33 19 93 180 246 187 213 166 165 242 230 19 141 180 206 228 59 112 45 49 120 95 144 205 38 219 163 7 80 10 137 235 144 126 15 162 36 171 85 147 179 242 110 231 82 228 164 170 182 173 187 176 180 170 156 188 187 193 163 197 175 198 114 232 171 117 128 221 108 116 92 130 130 139 152 153 163 159 153 156 169 159 153 168 167 160 173 178 164
180 168 151 153 105 85 69 119 165 101 152 216 53 207 190 77 0 0 132 37 234 244 20 130 57 250 30 0 10 181 148 21 221 51 0 249 241 236 53 132 102 177 162 36 248 75 254 140 251 171 203 109 161 170 190 178 188 188 186 164 190 190 117 167 193 180 173 165 153 156 168 157 151 153 118 163 137 128 144 144 136 141 174 149 158 162 164 149 153 158 156 182 178 173 173 178
187 183 178 183 169 136 95 235 249 1 208 111 92 111 195 26 209 252 191 69 233 221 136 185 218 35 64 237 205 198 73 4 164 200 80 160 84 161 169 182 100 57 172 155 196 191 185 238 116 175 60 250 245 241 171 178 191 145 169 181 167 170 211 180 178 164 200 177 160 174 169 166 165 107 154 162 144 139 169 152 166 145 159 166 154 149 164 164 161 152 163 177 176 171 179 169
190 179 160 183 164 216 50 136 230 60 187 242 112 32 59 176 201 245 112 92 242 152 60 177 83 112 0 182 65 93 234 112 243 5 102 187 161 227 81 206 54 180 177 150 239 193 167 126 126 137 206 237 253 224 209 234 17 144 192 173 173 194 189 181 186 204 167 171 177 160 175 174 152 140 151 153 147 151 133 147 162 144 153 155 146 167 156 168 167 168 162 168 172 174 173 156
190 183 181 172 170 180 198 134 188 140 164 128 189 156 206 128 188 30 136 119 237 66 250 88 122 8 192 222 128 43 88 92 174 139 131 152 195 121 114 164 158 179 149 155 93 253 16 247 170 71 71 136 245 230 177 86 177 179 107 149 176 208 167 183 181 167 176 169 182 166 160 143 162 152 141 150 153 142 155 144 164 139 159 149 154 169 163 170 170 164 164 157 175 175 174 171
173 172 184 179 170 181 179 181 74 197 180 184 196 189 179 220 207 85 137 174 180 163 183 161 170 83 158 136 130 141 137 91 249 166 171 172 175 181 189 94 91 171 187 175 6 209 110 153 200 189 6 70 57 0 65 32 46 253 3 165 171 185 185 180 164 153 173 166 180 170 162 160 147 128 116 132 132 149 159 169 149 168 176 149 144 170 157 163 177 167 180 172 185 171 188 175
175 196 181 183 191 198 170 176 193 178 176 173 176 193 179 205 138 170 212 91 168 183 193 170 177 180 185 181 173 179 159 170 178 165 180 188 170 174 221 131 125 177 233 237 234 38 242 253 203 243 87 167 133 83 237 55 92 202 126 133 163 186 186 172 177 181 173 169 195 175 168 172 163 165 175 168 151 155 166 156 159 150 165 163 159 170 177 168 172 172 183 182 179 177 172 169
