testing/merapi_topography.txt
ncols         150
nrows         150
xllcorner     338149.66936984
yllcorner     9064984.1166437
cellsize      1342
NODATA_value  -9999
[rows 0 to 42 of 150, columns 0 to 95 of 150]
-9999 -9999 -9999 -9999 -9999 -9999 -9999 -9999 -9999 -9999 -9999 -9999 -9999 -9999 -9999 -9999 -9999 -9999 -9999 -9999 -9999 -9999 -9999 -9999 -9999 -9999 -9999 -9999 -9999 -9999 -9999 -9999 -9999 -9999 -9999 -9999 -9999 -9999 -9999 -9999 -9999 -9999 -9999 -9999 -9999 -9999 -9999 -9999 -9999 -9999 -9999 -9999 -9999 -9999 -9999 -9999 -9999 -9999 -9999 -9999 -9999 -9999 -9999 -9999 -9999 -9999 -9999 -9999 -9999 -9999 -9999 -9999 -9999 -9999 -9999 -9999 -9999 -9999 -9999 -9999 -9999 -9999 -9999 -9999 -9999 -9999 -9999 -9999 -9999 -9999 -9999 4 2 32 39 64
-9999 -9999 -9999 -9999 -9999 -9999 -9999 -9999 -9999 -9999 -9999 -9999 -9999 -9999 -9999 -9999 -9999 -9999 -9999 -9999 -9999 -9999 -9999 -9999 -9999 -9999 -9999 -9999 -9999 -9999 -9999 -9999 -9999 -9999 -9999 -9999 -9999 -9999 -9999 -9999 -9999 -9999 -9999 -9999 -9999 -9999 -9999 -9999 -9999 -9999 -9999 -9999 -9999 -9999 -9999 -9999 -9999 -9999 -9999 -9999 -9999 -9999 -9999 -9999 -9999 -9999 -9999 -9999 -9999 -9999 -9999 -9999 -9999 -9999 -9999 -9999 -9999 -9999 -9999 -9999 -9999 -9999 -9999 -9999 -9999 -9999 -9999 -9999 -9999 -9999 -9999 0 2 24 30 50
-9999 -9999 -9999 -9999 -9999 -9999 -9999 -9999 -9999 -9999 -9999 -9999 -9999 -9999 -9999 -9999 -9999 -9999 -9999 -9999 -9999 -9999 -9999 -9999 -9999 -9999 -9999 -9999 -9999 -9999 -9999 -9999 -9999 -9999 -9999 -9999 -9999 -9999 -9999 -9999 -9999 -9999 -9999 -9999 -9999 -9999 -9999 -9999 -9999 -9999 -9999 -9999 -9999 -9999 -9999 -9999 -9999 -9999 -9999 -9999 -9999 -9999 -9999 -9999 -9999 -9999 -9999 -9999 -9999 -9999 -9999 -9999 -9999 -9999 -9999 -9999 -9999 -9999 -9999 -9999 -9999 -9999 -9999 -9999 -9999 -9999 -9999 -9999 -9999 -9999 -9999 0 4 19 19 42
-9999 -9999 -9999 -9999 -9999 -9999 -9999 -9999 -9999 -9999 -9999 -9999 -9999 -9999 -9999 -9999 -9999 -9999 -9999 -9999 -9999 -9999 -9999 -9999 -9999 -9999 -9999 -9999 -9999 -9999 -9999 -9999 -9999 -9999 -9999 -9999 -9999 -9999 -9999 -9999 -9999 -9999 -9999 -9999 -9999 -9999 -9999 -9999 -9999 -9999 -9999 -9999 -9999 -9999 -9999 -9999 -9999 -9999 -9999 -9999 -9999 -9999 -9999 -9999 -9999 -9999 -9999 -9999 -9999 -9999 -9999 -9999 -9999 -9999 -9999 -9999 -9999 -9999 -9999 -9999 -9999 -9999 -9999 -9999 -9999 -9999 -9999 -9999 -9999 -9999 -9999 3 3 23 8 18
-9999 -9999 -9999 -9999 -9999 -9999 -9999 -9999 -9999 -9999 -9999 -9999 -9999 -9999 -9999 -9999 -9999 -9999 -9999 -9999 -9999 -9999 -9999 -9999 -9999 -9999 -9999 -9999 -9999 -9999 -9999 -9999 -9999 -9999 -9999 -9999 -9999 -9999 -9999 -9999 -9999 -9999 -9999 -9999 -9999 -9999 -9999 -9999 -9999 -9999 -9999 -9999 -9999 -9999 -9999 -9999 -9999 -9999 -9999 -9999 -9999 -9999 -9999 -9999 -9999 -9999 -9999 -9999 -9999 -9999 -9999 -9999 -9999 -9999 -9999 -9999 -9999 -9999 -9999 -9999 -9999 -9999 -9999 -9999 -9999 -9999 -9999 -9999 -9999 -9999 3 1 5 6 2 8
-9999 -9999 -9999 -9999 -9999 -9999 -9999 -9999 -9999 -9999 -9999 -9999 -9999 -9999 -9999 -9999 -9999 -9999 -9999 -9999 -9999 -9999 -9999 -9999 -9999 -9999 -9999 -9999 -9999 -9999 -9999 -9999 -9999 -9999 -9999 -9999 -9999 -9999 -9999 -9999 -9999 -9999 -9999 -9999 -9999 -9999 -9999 -9999 -9999 -9999 -9999 -9999 -9999 -9999 -9999 -9999 -9999 -9999 -9999 -9999 -9999 -9999 -9999 -9999 -9999 -9999 -9999 -9999 -9999 -9999 -9999 -9999 -9999 -9999 -9999 -9999 -9999 -9999 -9999 -9999 -9999 -9999 -9999 -9999 -9999 -9999 -9999 -9999 -9999 2 0 4 1 4 3 4
-9999 -9999 -9999 -9999 -9999 -9999 -9999 -9999 -9999 -9999 -9999 -9999 -9999 -9999 -9999 -9999 -9999 -9999 -9999 -9999 -9999 -9999 -9999 -9999 -9999 -9999 -9999 -9999 -9999 -9999 -9999 -9999 -9999 -9999 -9999 -9999 -9999 -9999 -9999 -9999 -9999 -9999 -9999 -9999 -9999 -9999 -9999 -9999 -9999 -9999 -9999 -9999 -9999 -9999 -9999 -9999 -9999 -9999 -9999 -9999 -9999 -9999 -9999 -9999 -9999 -9999 -9999 -9999 -9999 -9999 -9999 -9999 -9999 -9999 -9999 -9999 -9999 -9999 -9999 -9999 -9999 -9999 -9999 -9999 -9999 -9999 -9999 -9999 0 1 1 0 2 2 4 2
-9999 -9999 -9999 -9999 -9999 -9999 -9999 -9999 -9999 -9999 -9999 -9999 -9999 -9999 -9999 -9999 -9999 -9999 -9999 -9999 -9999 -9999 -9999 -9999 -9999 -9999 -9999 -9999 -9999 -9999 -9999 -9999 -9999 -9999 -9999 -9999 -9999 -9999 -9999 -9999 -9999 -9999 -9999 -9999 -9999 -9999 -9999 -9999 -9999 -9999 -9999 -9999 -9999 -9999 -9999 -9999 -9999 -9999 -9999 -9999 -9999 -9999 -9999 -9999 -9999 -9999 -9999 -9999 -9999 -9999 -9999 -9999 -9999 -9999 -9999 -9999 -9999 -9999 -9999 -9999 -9999 -9999 -9999 -9999 3 -9999 -9999 1 1 1 4 1 4 1 2 4
-9999 -9999 -9999 -9999 -9999 -9999 -9999 -9999 -9999 -9999 -9999 -9999 -9999 -9999 -9999 -9999 -9999 -9999 -9999 -9999 -9999 -9999 -9999 -9999 -9999 -9999 -9999 -9999 -9999 -9999 -9999 -9999 -9999 -9999 -9999 -9999 -9999 -9999 -9999 -9999 -9999 -9999 -9999 -9999 -9999 -9999 -9999 -9999 -9999 -9999 -9999 -9999 -9999 -9999 -9999 -9999 -9999 -9999 -9999 -9999 -9999 -9999 -9999 -9999 -9999 -9999 -9999 -9999 -9999 -9999 -9999 -9999 -9999 -9999 -9999 -9999 -9999 -9999 -9999 -9999 -9999 -9999 -9999 -9999 4 4 4 1 1 1 4 -1 1 3 2 2
-9999 -9999 -9999 -9999 -9999 -9999 -9999 -9999 -9999 -9999 -9999 -9999 -9999 -9999 -9999 -9999 -9999 -9999 -9999 -9999 -9999 -9999 -9999 -9999 -9999 -9999 -9999 -9999 -9999 -9999 -9999 -9999 -9999 -9999 -9999 -9999 -9999 -9999 -9999 -9999 -9999 -9999 -9999 -9999 -9999 -9999 -9999 -9999 -9999 -9999 -9999 -9999 -9999 -9999 -9999 -9999 -9999 -9999 -9999 -9999 -9999 -9999 -9999 -9999 -9999 -9999 -9999 -9999 -9999 -9999 -9999 -9999 -9999 -9999 -9999 -9999 -9999 -9999 -9999 -9999 -9999 -9999 -9999 -9999 5 3 3 2 1 2 7 0 2 4 0 2
-9999 -9999 -9999 -9999 -9999 -9999 -9999 -9999 -9999 -9999 -9999 -9999 -9999 -9999 -9999 -9999 -9999 -9999 -9999 -9999 -9999 -9999 -9999 -9999 -9999 -9999 -9999 -9999 -9999 -9999 -9999 -9999 -9999 -9999 -9999 -9999 -9999 -9999 -9999 -9999 -9999 -9999 -9999 -9999 -9999 -9999 -9999 -9999 -9999 -9999 -9999 -9999 -9999 -9999 -9999 -9999 -9999 -9999 -9999 -9999 -9999 -9999 -9999 -9999 -9999 -9999 -9999 -9999 -9999 -9999 -9999 -9999 -9999 -9999 -9999 -9999 -9999 -9999 -9999 -9999 -9999 -9999 -9999 -9999 -9999 -9999 2 2 5 2 3 2 1 6 1 4
-9999 -9999 -9999 -9999 -9999 -9999 -9999 -9999 -9999 -9999 -9999 -9999 -9999 -9999 -9999 -9999 -9999 -9999 -9999 -9999 -9999 -9999 -9999 -9999 -9999 -9999 -9999 -9999 -9999 -9999 -9999 -9999 -9999 -9999 -9999 -9999 -9999 -9999 -9999 -9999 -9999 -9999 -9999 -9999 -9999 -9999 -9999 -9999 -9999 -9999 -9999 -9999 -9999 -9999 -9999 -9999 -9999 -9999 -9999 -9999 -9999 -9999 -9999 -9999 -9999 -9999 -9999 -9999 -9999 -9999 -9999 -9999 -9999 -9999 -9999 -9999 -9999 -9999 -9999 -9999 -9999 -9999 -9999 -9999 -9999 -9999 0 3 3 4 4 2 1 2 2 7
-9999 -9999 -9999 -9999 -9999 -9999 -9999 -9999 -9999 -9999 -9999 -9999 -9999 -9999 -9999 -9999 -9999 -9999 -9999 -9999 -9999 -9999 -9999 -9999 -9999 -9999 -9999 -9999 -9999 -9999 -9999 -9999 -9999 -9999 -9999 -9999 -9999 -9999 -9999 -9999 -9999 -9999 -9999 -9999 -9999 -9999 -9999 -9999 -9999 -9999 -9999 -9999 -9999 -9999 -9999 -9999 -9999 -9999 -9999 -9999 -9999 -9999 -9999 -9999 -9999 -9999 -9999 -9999 -9999 -9999 -9999 -9999 -9999 -9999 -9999 -9999 -9999 -9999 -9999 -9999 -9999 -9999 -9999 -9999 -9999 0 0 2 4 2 1 3 4 5 2 2
-9999 -9999 -9999 -9999 -9999 -9999 -9999 -9999 -9999 -9999 -9999 -9999 -9999 -9999 -9999 -9999 -9999 -9999 -9999 -9999 -9999 -9999 -9999 -9999 -9999 -9999 -9999 -9999 -9999 -9999 -9999 -9999 -9999 -9999 -9999 -9999 -9999 -9999 -9999 -9999 -9999 -9999 -9999 -9999 -9999 -9999 -9999 -9999 -9999 -9999 -9999 -9999 -9999 -9999 -9999 -9999 -9999 -9999 -9999 -9999 -9999 -9999 -9999 -9999 -9999 -9999 -9999 -9999 -9999 -9999 -9999 -9999 -9999 -9999 -9999 -9999 -9999 -9999 -9999 -9999 -9999 -9999 -9999 -9999 0 2 0 2 2 1 2 4 1 2 1 2
2 -9999 -9999 -9999 -9999 -9999 -9999 -9999 -9999 -9999 -9999 -9999 -9999 -9999 -9999 -9999 -9999 -9999 -9999 -9999 -9999 -9999 -9999 -9999 -9999 -9999 -9999 -9999 -9999 -9999 -9999 -9999 -9999 -9999 -9999 -9999 -9999 -9999 -9999 -9999 -9999 -9999 -9999 -9999 -9999 -9999 -9999 -9999 -9999 -9999 -9999 -9999 -9999 -9999 -9999 -9999 -9999 -9999 -9999 -9999 -9999 -9999 -9999 -9999 -9999 -9999 -9999 -9999 -9999 -9999 -9999 -9999 -9999 -9999 -9999 -9999 -9999 -9999 -9999 -9999 -9999 -9999 -9999 -9999 3 -2 4 -1 4 3 2 2 2 2 4 3
6 2 -9999 -9999 -9999 -9999 -9999 -9999 -9999 -9999 -9999 -9999 -9999 -9999 -9999 -9999 -9999 -9999 -9999 -9999 -9999 -9999 -9999 -9999 -9999 -9999 -9999 -9999 -9999 -9999 -9999 -9999 -9999 -9999 -9999 -9999 -9999 -9999 -9999 -9999 -9999 -9999 -9999 -9999 -9999 -9999 -9999 -9999 -9999 -9999 -9999 -9999 -9999 -9999 -9999 -9999 -9999 -9999 -9999 -9999 -9999 -9999 -9999 -9999 -9999 -9999 -9999 -9999 -9999 -9999 -9999 -9999 -9999 -9999 -9999 -9999 -9999 -9999 -9999 -9999 -9999 -9999 1 3 0 0 1 1 3 2 3 2 2 2 3 2
4 3 3 -9999 -9999 -9999 -9999 -9999 -9999 -9999 -9999 -9999 -9999 -9999 -9999 -9999 -9999 -9999 -9999 -9999 -9999 -9999 -9999 -9999 -9999 -9999 -9999 -9999 -9999 -9999 -9999 -9999 -9999 -9999 -9999 -9999 -9999 -9999 -9999 -9999 -9999 -9999 -9999 -9999 -9999 -9999 -9999 -9999 -9999 -9999 -9999 -9999 -9999 -9999 -9999 -9999 -9999 -9999 -9999 -9999 -9999 -9999 -9999 -9999 -9999 -9999 -9999 -9999 -9999 -9999 -9999 -9999 -9999 -9999 -9999 -9999 -9999 -9999 -9999 -9999 -9999 -9999 2 4 1 5 1 2 3 2 4 5 3 4 5 4
4 4 4 3 3 4 3 6 4 3 -9999 -9999 -9999 -9999 -9999 -9999 -9999 -9999 -9999 -9999 -9999 -9999 -9999 -9999 -9999 -9999 -9999 -9999 -9999 -9999 -9999 -9999 -9999 -9999 -9999 -9999 -9999 -9999 -9999 -9999 -9999 -9999 -9999 -9999 -9999 -9999 -9999 -9999 -9999 -9999 -9999 -9999 3 3 -9999 -9999 -9999 -9999 -9999 -9999 -9999 -9999 -9999 -9999 -9999 -9999 -9999 -9999 -9999 -9999 -9999 -9999 -9999 -9999 -9999 -9999 -9999 -9999 -9999 -9999 -9999 -9999 1 2 3 3 4 5 2 3 2 3 2 4 5 6
9 7 7 1 3 2 2 1 1 2 3 3 -9999 -9999 -9999 -9999 -9999 -9999 -9999 -9999 -9999 -9999 -9999 -9999 -9999 -9999 -9999 -9999 -9999 -9999 -9999 -9999 -9999 -9999 -9999 -9999 -9999 -9999 -9999 -9999 -9999 -9999 -9999 -9999 -9999 -9999 -9999 -9999 -9999 -9999 -9999 -9999 5 3 1 1 -9999 -9999 -9999 -9999 -9999 -9999 -9999 -9999 -9999 -9999 -9999 -9999 -9999 -9999 -9999 -9999 -9999 -9999 -9999 -9999 -9999 -9999 -9999 -9999 -9999 2 1 1 2 3 3 3 3 3 3 3 3 4 3 4
11 8 11 6 3 5 3 6 4 5 6 7 3 2 2 3 0 -9999 -9999 -9999 -9999 -9999 -9999 -9999 -9999 -9999 -9999 -9999 -9999 -9999 -9999 -9999 -9999 -9999 -9999 -9999 -9999 -9999 -9999 -9999 -9999 -9999 -9999 -9999 -9999 -9999 -9999 -9999 -9999 -9999 1 2 3 3 0 7 2 -9999 -9999 -9999 -9999 -9999 -9999 -9999 -9999 -9999 -9999 -9999 -9999 -9999 -9999 -9999 -9999 -9999 -9999 -9999 -9999 -9999 -9999 -9999 2 2 5 2 3 1 4 4 5 4 4 4 7 3 6 4
12 9 9 4 5 4 6 4 7 5 5 7 4 4 3 2 4 2 1 -9999 -9999 -9999 -9999 -9999 -9999 -9999 -9999 -9999 -9999 -9999 -9999 -9999 -9999 -9999 -9999 -9999 -9999 -9999 -9999 -9999 -9999 -9999 -9999 -9999 -9999 -9999 -9999 -9999 -9999 1 4 3 6 3 8 1 1 -9999 -9999 -9999 -9999 -9999 -9999 -9999 -9999 -9999 -9999 -9999 -9999 -9999 -9999 -9999 -9999 -9999 -9999 -9999 -9999 -9999 -9999 -9999 0 1 1 2 4 4 4 3 3 8 6 7 6 5 8 3
11 8 8 5 4 11 6 9 5 6 7 9 4 4 9 7 8 4 4 3 2 22 3 -9999 -9999 -9999 -9999 -9999 -9999 -9999 -9999 -9999 -9999 -9999 -9999 -9999 -9999 -9999 -9999 -9999 -9999 -9999 -9999 -9999 -9999 3 4 3 6 8 4 13 10 11 4 2 1 1 -9999 -9999 -9999 -9999 -9999 -9999 -9999 -9999 -9999 -9999 -9999 -9999 -9999 -9999 -9999 -9999 -9999 -9999 -9999 -9999 -9999 4 0 0 3 4 2 1 2 3 4 5 7 7 10 4 5 5
11 11 6 4 3 8 11 10 5 8 12 9 6 10 5 5 10 7 5 3 3 4 3 3 2 2 -9999 -9999 -9999 -9999 -9999 -9999 -9999 -9999 -9999 -9999 -9999 -9999 -9999 -9999 -9999 5 4 6 5 5 4 9 10 11 7 12 7 14 3 3 1 3 1 -9999 -9999 -9999 -9999 -9999 -9999 -9999 -9999 -9999 -9999 -9999 -9999 -9999 -9999 -9999 -9999 -9999 -9999 -9999 -9999 0 0 2 2 2 3 3 3 4 4 7 5 7 7 6 5 6
16 14 9 11 6 7 11 10 12 6 14 6 11 10 7 13 24 38 40 33 72 40 39 47 40 7 23 28 10 9 33 44 51 58 45 37 2 15 3 6 2 7 2 5 6 5 8 6 13 12 14 11 12 8 7 9 6 5 1 1 1 1 1 -9999 -9999 -9999 -9999 -9999 -9999 -9999 -9999 -9999 -9999 -9999 -9999 -9999 -9999 -9999 0 0 0 3 8 4 2 7 5 3 5 7 7 7 6 8 9 7
15 9 9 10 10 13 10 10 14 8 10 13 12 16 21 48 45 62 74 62 79 66 55 69 31 103 96 157 60 64 86 131 58 48 53 60 55 53 35 6 3 4 3 10 7 8 6 6 15 12 10 14 6 5 8 5 4 5 2 6 1 1 1 4 -9999 -9999 -9999 -9999 -9999 -9999 -9999 -9999 -9999 -9999 -9999 -9999 -9999 -9999 0 3 5 5 6 4 2 2 4 4 3 11 9 5 6 7 8 8
9 11 8 7 10 8 14 15 8 9 10 9 19 14 32 44 38 40 73 96 93 69 86 99 79 76 160 246 228 219 207 162 190 222 68 58 33 41 57 27 16 10 12 10 8 12 6 8 17 12 18 9 11 8 12 11 6 5 5 4 2 1 1 1 1 1 2 -9999 -9999 -9999 -9999 -9999 6 4 5 -9999 4 3 6 6 2 4 4 1 4 5 4 4 4 5 6 8 10 9 5 11
12 12 11 8 11 8 13 15 12 19 15 14 17 19 26 22 45 69 68 108 91 85 73 71 94 155 145 157 189 198 244 247 293 309 226 162 49 48 45 27 42 13 15 13 11 9 8 11 15 14 14 11 11 15 9 8 11 4 11 5 4 4 4 3 7 1 1 1 2 2 7 5 4 6 6 4 6 3 4 8 8 7 4 7 6 3 6 2 4 4 5 7 8 9 11 8
15 12 10 13 7 7 10 19 14 19 17 22 21 25 26 41 64 75 104 117 127 103 126 89 101 143 138 180 169 198 226 212 227 247 283 260 219 85 47 42 26 19 20 12 13 12 14 13 15 20 19 18 12 12 6 6 7 9 16 30 16 6 10 3 20 2 6 1 3 6 6 9 7 11 7 7 6 6 9 10 3 7 7 6 3 10 5 9 6 7 6 8 6 10 7 8
16 13 12 12 11 13 32 35 23 19 31 35 46 52 48 71 135 135 138 161 160 197 142 218 184 250 213 238 262 207 185 196 210 192 184 162 175 187 190 134 134 73 41 56 20 17 15 24 17 19 13 17 20 14 13 13 46 27 34 36 91 97 49 46 29 37 33 13 3 5 7 11 14 8 7 4 7 13 8 15 10 6 8 6 6 7 4 5 8 6 8 5 5 11 8 7
15 17 19 31 57 48 50 37 21 23 38 49 61 61 73 74 111 156 167 187 209 158 187 228 204 298 241 281 329 243 198 176 215 204 189 169 173 144 103 82 96 41 169 134 38 16 19 19 20 21 20 20 22 13 14 28 39 40 66 53 77 62 79 84 89 57 81 50 39 27 19 9 30 14 9 6 10 8 14 16 9 11 7 7 6 10 10 6 8 7 6 7 14 9 10 7
25 16 16 19 34 40 49 42 43 36 71 77 101 103 126 77 127 219 223 248 256 323 225 352 314 367 303 312 323 339 280 266 272 257 209 246 296 286 304 220 144 291 326 104 95 45 25 25 23 29 67 67 85 67 105 89 102 79 108 93 98 126 120 135 134 158 171 102 58 67 17 44 88 16 13 12 16 14 14 20 15 10 9 11 8 11 12 8 8 6 8 12 7 7 7 8
23 18 22 18 44 52 59 62 47 51 87 109 122 151 161 141 109 218 253 270 293 349 259 359 312 336 337 355 354 380 273 290 286 243 251 266 270 277 248 147 242 290 339 75 151 70 44 28 30 44 45 44 81 100 66 41 61 55 64 89 108 110 117 184 202 167 198 147 71 67 17 54 91 79 36 23 28 21 23 16 13 19 18 9 10 8 11 12 9 9 7 7 10 7 9 13
22 21 19 31 47 60 93 91 107 86 115 151 171 207 224 192 214 314 289 347 343 386 354 363 420 450 393 409 373 374 386 367 305 310 290 293 246 291 271 327 438 474 291 304 288 104 67 66 113 72 80 80 49 54 89 80 90 102 130 104 106 182 187 183 184 214 202 130 188 67 137 48 137 110 127 121 31 25 26 19 22 18 21 14 13 12 11 10 13 10 18 7 8 9 17 10
25 24 22 27 49 65 98 106 135 115 121 157 237 256 289 252 273 368 311 302 395 404 419 410 389 477 403 434 415 410 423 490 483 416 345 329 431 481 473 313 448 431 385 422 261 119 89 53 61 147 120 120 55 65 82 101 146 200 225 150 129 145 230 236 228 236 211 161 203 51 177 63 106 162 126 98 56 38 35 24 23 27 21 16 15 15 17 14 13 16 10 10 10 16 13 12
26 25 25 40 117 140 164 168 195 189 242 262 308 383 313 460 455 488 431 537 518 436 499 459 531 509 438 481 488 505 547 593 504 582 524 461 431 514 487 479 470 455 475 513 270 143 103 76 94 117 133 121 65 139 191 199 312 225 298 294 288 263 246 236 239 235 226 219 225 214 220 183 235 213 203 204 47 48 91 31 30 24 18 22 17 19 22 21 11 9 7 7 7 16 15 17
55 68 158 213 216 134 192 292 144 295 234 352 383 470 464 565 503 585 480 585 590 490 556 497 523 471 486 521 551 564 630 626 596 632 626 603 543 552 536 531 529 510 518 510 431 211 168 162 146 146 147 128 93 67 195 342 342 292 305 271 257 250 263 254 251 247 228 248 237 242 252 172 234 199 211 190 55 36 44 47 32 31 22 26 19 24 18 23 13 15 10 11 14 17 15 20
162 208 199 168 263 211 327 399 225 348 345 301 464 462 602 402 670 664 598 645 634 533 604 526 564 508 538 621 674 662 690 720 758 715 732 687 694 670 619 576 571 574 558 558 541 528 448 314 363 388 377 372 218 128 118 234 311 337 283 297 261 254 275 237 243 242 248 262 280 304 299 280 275 201 177 82 48 104 78 46 53 33 31 25 30 25 23 20 18 14 14 10 10 18 15 18
268 478 534 456 355 582 540 495 536 314 671 500 699 761 609 501 825 825 769 781 775 645 679 770 728 681 695 646 682 710 754 752 751 700 752 660 674 717 674 611 601 570 559 517 537 537 514 464 432 341 320 314 279 283 223 291 308 287 283 300 280 274 269 261 280 274 272 317 317 296 331 263 307 188 172 77 69 67 137 127 98 71 42 47 31 30 33 20 20 25 25 12 14 13 20 27
412 292 455 564 470 480 666 566 524 484 738 689 769 733 607 579 730 939 961 929 871 769 684 870 838 782 797 713 782 760 799 799 728 747 763 654 694 739 741 646 670 556 540 534 537 511 498 475 391 317 317 285 239 276 167 198 289 246 271 291 311 289 303 336 323 356 335 389 423 381 326 335 355 239 151 94 161 230 174 123 138 88 67 53 35 40 50 40 24 32 65 44 46 31 35 25
619 538 574 630 510 639 846 813 710 623 480 672 996 1182 851 1070 786 891 1321 849 1175 987 938 1091 1093 987 1044 972 941 932 877 872 804 825 733 762 847 825 796 818 718 700 662 558 542 492 445 444 455 380 325 291 230 178 217 222 257 284 308 342 302 328 360 382 396 477 399 450 489 403 378 310 326 333 151 131 195 257 134 114 193 98 73 54 37 36 58 41 36 39 82 41 35 43 22 58
676 591 621 674 711 705 887 1046 801 853 408 679 971 947 971 1283 946 840 1042 985 1360 1045 1073 1185 1228 1258 1182 1077 1124 1016 1022 964 1055 917 782 845 850 911 893 783 786 756 690 578 519 512 501 538 567 532 322 204 267 286 268 329 373 300 377 376 363 365 384 434 422 450 453 497 546 486 413 308 310 327 179 197 266 281 153 139 167 152 131 73 55 43 66 40 47 48 52 52 40 29 28 69
499 573 617 678 836 888 802 873 1042 805 461 807 506 814 999 1220 1399 983 1246 1097 1506 1321 1423 1386 1385 1728 1418 1174 1349 1292 1171 1165 1104 1076 984 1051 963 1045 1004 901 866 850 752 682 653 631 597 426 353 364 259 246 275 247 178 205 353 444 423 479 470 400 425 550 594 609 721 732 762 605 427 351 348 342 330 342 313 290 185 156 185 190 140 64 125 116 152 112 117 92 80 101 54 30 41 39
434 414 533 572 787 986 868 978 1120 1003 685 701 751 612 785 964 1105 1160 1308 1238 1342 1493 1382 1578 1533 1691 1477 1455 1400 1246 1339 1283 1208 1034 1145 1070 1107 1044 986 939 886 840 847 735 736 603 528 456 387 299 298 310 516 310 214 267 239 334 393 508 504 400 424 573 634 770 878 921 878 596 492 360 371 381 353 376 358 313 234 182 178 170 173 75 117 151 133 143 115 91 83 63 53 51 83 78
