testing/merapi_topography.txt
ncols         150
nrows         150
xllcorner     338149.66936984
yllcorner     9064984.1166437
cellsize      1342
NODATA_value  -9999
[rows 43 to 85 of 150, columns 0 to 95 of 150]
910 638 558 562 667 758 1047 1079 1134 933 763 910 981 1047 1109 967 1141 1654 1546 1538 1567 1863 1631 1916 1857 1809 1634 2010 1468 1435 1676 1550 1632 1525 1342 1277 1166 1137 1064 1051 1081 1002 833 708 693 612 517 350 402 417 564 561 755 676 242 225 370 463 517 586 482 519 541 770 1035 1076 1128 1298 1470 826 604 418 429 437 455 440 358 323 285 209 236 230 159 104 180 186 145 113 100 100 53 40 72 107 127 70
962 858 770 688 626 688 814 952 1305 1339 1046 1294 1288 1387 1473 1016 1222 1599 1767 1672 1686 1856 1894 1980 1905 1890 1894 2089 1856 1534 1796 1917 1673 1805 1382 1366 1249 1151 1111 1096 1120 929 813 707 694 662 694 361 520 602 555 641 569 523 426 390 275 296 588 622 567 509 566 714 994 1242 1402 1483 1594 929 663 471 467 466 478 456 381 353 274 292 231 166 148 179 165 134 137 70 62 52 45 67 44 37 46 65
806 936 1232 1082 836 879 1010 1055 1068 1104 1206 1167 1571 1712 1773 1667 1661 1507 1517 1605 1590 1637 1697 1975 2003 2016 1893 1876 1887 2074 1958 2139 2497 2358 1740 1509 1335 1253 1241 1135 1017 768 742 758 719 778 792 829 742 650 591 592 647 638 549 569 436 480 472 456 780 709 655 830 945 1476 1865 1521 1344 923 687 568 519 487 473 432 349 342 289 212 212 198 141 129 101 88 102 97 89 81 74 49 79 51 52 89
625 765 981 1219 964 1055 1029 1093 1044 1046 1126 1186 1462 1719 1813 1928 1892 1595 1416 1459 1450 1495 1576 1753 1736 1736 1777 1758 1896 1997 2106 2110 2376 2522 1922 1597 1415 1282 1249 984 839 829 802 782 816 931 906 911 754 694 644 633 693 712 640 495 439 488 577 617 834 809 730 814 929 1375 1594 1474 1153 903 770 572 513 485 446 430 367 349 281 290 212 194 186 171 151 105 92 71 71 83 96 52 81 74 90 82
628 611 862 1118 1238 1276 1342 1142 1040 1044 1057 1125 1344 1543 1556 1922 1893 1551 1389 1383 1338 1463 1455 1572 1572 1577 1611 1681 1894 1972 2108 2070 1958 2082 1908 1648 1417 1216 1143 1063 952 876 864 807 780 758 760 763 825 824 765 734 690 573 679 654 819 811 935 825 942 909 849 888 942 1052 1119 1104 1063 810 727 641 553 528 548 521 436 305 256 277 255 209 148 185 127 148 186 96 105 82 58 71 88 145 139 143
900 894 965 942 888 896 1207 1318 1052 1232 1322 1293 1309 1315 1263 1230 1386 1378 1422 1285 1348 1386 1536 1473 1534 1593 1595 1635 1802 1878 2092 2142 1992 1835 1716 1592 1432 1318 1369 1076 973 916 883 818 790 738 718 724 724 707 777 794 715 685 700 741 816 787 937 1023 1072 1138 999 925 927 1006 1008 980 923 769 718 656 676 549 496 445 350 380 290 268 341 315 193 245 201 175 138 112 117 84 95 75 99 98 115 123
996 893 959 771 897 889 974 1068 1011 1086 1313 1326 1340 1270 1171 1124 1121 1211 1344 1270 1329 1305 1435 1370 1493 1476 1626 1616 1799 1938 2161 2148 1987 1760 1542 1632 1597 1689 1394 1137 1041 947 915 832 801 749 737 713 690 687 647 652 662 668 690 691 671 692 795 864 1080 1078 1000 1072 984 955 888 832 774 678 672 575 558 538 558 554 442 396 364 306 410 381 305 250 196 193 167 128 97 84 89 90 151 141 168 207
1023 992 939 833 757 678 742 848 927 952 1023 1128 1187 1132 1070 1151 1186 1205 1217 1093 1180 1105 1181 1357 1395 1436 1422 1444 1915 2211 1688 1931 1832 1575 1421 1614 1914 1967 1562 1248 1182 1040 988 890 842 776 771 729 705 703 675 666 657 646 656 672 709 697 731 769 901 1009 1037 1072 1015 965 978 873 824 721 677 557 560 525 516 513 534 427 373 411 419 371 303 238 287 185 139 117 107 120 111 112 135 167 182 202
885 1180 986 934 1028 643 983 1040 875 786 859 908 937 1098 1024 1073 1167 1160 1152 1018 1054 1048 1141 1297 1382 1323 1318 1396 1665 1695 1454 1571 1529 1432 1376 1545 1705 2080 1705 1357 1271 1103 1036 910 870 795 768 715 698 748 688 645 637 630 636 649 642 693 679 727 811 962 1039 1038 1031 954 947 887 851 728 592 520 493 497 517 531 525 500 504 499 386 365 266 274 260 264 178 190 184 259 272 266 253 193 211 192
722 817 1122 787 830 551 931 1007 780 915 645 850 867 1009 891 1004 1029 993 1143 911 883 1078 1153 1181 1209 1208 1239 1204 1263 1303 1130 1191 1235 1194 1399 1515 1819 1884 1843 1603 1485 1226 1125 963 900 814 776 732 706 689 653 644 617 572 591 592 651 677 643 748 806 841 900 953 945 786 759 706 585 468 469 470 470 468 463 464 544 640 445 402 399 392 454 419 277 218 211 220 216 291 296 273 216 179 163 179
382 508 844 793 678 511 773 823 607 920 585 674 669 927 816 1062 1077 965 1126 859 872 1224 1239 1123 1018 1115 1166 1142 1157 1189 1039 1110 1116 1198 1425 1581 1735 2117 2133 1843 1616 1301 1176 990 930 823 797 745 712 687 657 636 609 597 579 582 586 601 635 686 689 836 883 944 902 760 699 644 542 467 469 465 466 463 463 463 495 612 563 473 438 441 428 411 450 290 242 260 259 299 276 203 211 236 179 131
331 402 348 284 469 484 784 777 583 550 456 581 654 790 868 934 962 883 915 797 697 888 982 994 950 1132 1121 1093 1002 949 941 981 1116 1211 1476 1641 1874 2690 3122 2154 1777 1359 1229 1019 957 896 843 795 765 719 668 654 593 609 524 547 608 644 672 749 747 777 793 823 791 779 762 670 576 579 526 485 467 463 463 463 469 494 575 690 477 474 488 475 460 432 363 342 291 251 244 218 178 157 148 138
272 454 297 354 606 673 728 702 434 417 489 537 642 808 729 734 631 643 801 699 638 945 882 874 958 1151 1034 1015 923 960 894 935 1083 1164 1464 1610 1867 2559 2801 2094 1785 1394 1254 1055 999 992 944 861 827 771 707 659 585 582 538 548 600 640 633 663 744 767 751 715 715 722 721 705 662 706 789 645 614 473 464 467 472 500 546 607 520 522 558 516 436 443 431 356 321 224 233 189 189 163 163 129
203 259 269 344 442 559 556 576 481 376 621 635 574 951 743 536 534 522 527 700 790 684 695 1160 1215 1006 932 932 853 876 851 905 1043 1130 1298 1466 1682 1877 1904 1727 1646 1395 1249 1204 1263 1187 1101 965 916 910 765 690 599 564 530 504 561 586 626 661 692 684 685 709 700 648 693 768 919 1283 844 1055 823 634 467 472 473 494 540 562 601 590 622 612 510 526 561 393 357 280 246 193 185 197 171 192
224 260 210 251 338 423 510 524 511 329 502 475 534 598 763 431 604 615 734 850 718 678 804 1118 1064 1005 859 849 840 781 841 884 988 1065 1221 1351 1430 1605 1667 1561 1515 1371 1314 1351 1330 1311 1217 1075 1009 923 772 712 606 566 530 498 517 573 590 607 603 739 740 644 637 673 693 857 994 1308 927 1179 935 711 506 480 499 527 562 584 609 611 633 608 597 590 529 416 373 304 255 200 245 244 227 239
269 291 317 322 330 358 474 500 431 464 441 420 444 531 529 489 574 715 982 732 672 690 705 943 949 857 775 798 695 756 813 828 872 934 1067 1144 1253 1313 1334 1342 1341 1448 1549 1667 1768 1615 1449 1241 1139 981 811 744 624 582 483 466 479 481 515 543 563 590 602 624 631 612 668 944 1171 1342 1316 1121 1053 1048 715 723 681 670 617 642 646 650 653 673 628 586 544 478 457 315 256 278 296 282 221 231
239 255 280 283 274 285 306 299 270 284 276 292 317 332 472 504 496 585 643 611 597 567 684 845 888 880 758 742 662 761 800 785 843 892 995 1091 1286 1203 1223 1262 1302 1526 1690 1965 2076 1830 1667 1314 1158 1053 846 782 642 595 506 447 470 486 557 573 552 591 607 587 602 639 649 801 1061 1257 1344 1506 1260 959 957 875 783 749 690 702 676 686 649 675 592 554 543 464 446 345 278 281 284 243 230 251
210 228 255 271 233 262 219 225 256 248 276 276 305 330 390 481 523 515 485 513 510 670 805 781 833 826 759 676 662 667 744 728 808 848 928 1008 1141 1116 1106 1237 1398 1729 1975 2661 2984 2414 2135 1437 1314 1076 917 797 646 584 507 455 448 472 594 615 580 586 606 643 635 702 696 831 1003 1131 1207 1289 1215 1128 1089 1052 906 854 793 771 729 719 726 663 594 565 552 475 427 385 338 334 296 244 238 273
201 186 204 181 180 212 226 226 225 229 253 272 253 287 282 310 324 353 368 436 547 654 709 695 711 710 660 705 698 625 662 752 753 773 835 877 916 1016 1079 1192 1330 1731 2047 2848 3244 2718 2198 1483 1241 1115 893 810 634 578 498 471 441 457 518 534 543 582 597 647 722 709 742 944 1057 1208 1227 1301 1259 1207 1157 1098 1004 956 818 791 728 721 729 664 583 561 546 488 442 359 401 377 338 248 257 355
180 170 148 159 215 228 226 225 237 253 235 261 250 283 301 312 321 309 345 384 411 586 704 643 671 638 667 650 636 656 707 720 700 754 798 842 874 981 1044 1240 1343 1698 1886 2661 2993 2439 2071 1523 1275 1126 897 804 705 581 493 455 429 443 474 532 497 559 605 691 668 739 751 910 1239 1279 1293 1334 1393 1388 1322 1282 1078 1008 882 834 772 755 794 747 604 562 527 490 411 412 422 386 323 320 308 252
132 154 238 201 135 185 215 207 273 249 267 299 284 321 312 391 402 542 460 416 411 409 433 484 545 554 605 563 574 608 581 675 682 699 759 798 832 951 1007 1147 1228 1501 1633 1948 2091 1921 1611 1291 1192 1076 964 902 692 580 477 454 418 434 457 461 455 502 517 585 691 763 825 967 1089 1282 1346 1431 1480 1585 1441 1414 1181 1088 891 854 770 765 755 754 660 617 576 503 487 447 421 397 349 318 349 205
199 223 166 169 177 194 216 222 247 260 257 257 275 378 409 445 535 656 639 460 491 424 401 408 482 481 527 505 568 574 570 597 650 678 869 851 835 928 980 1123 1207 1380 1525 1721 1750 1650 1515 1234 1062 1048 1049 1130 662 574 429 452 385 408 437 446 445 483 514 621 655 783 864 1030 1158 1295 1343 1494 1567 1747 1662 1634 1374 1135 909 838 760 725 716 720 613 586 560 521 505 476 469 394 340 245 263 183
147 128 162 160 172 183 212 204 240 266 295 331 330 660 722 784 860 937 918 806 689 649 512 582 569 527 501 502 563 556 601 640 626 644 804 779 811 858 876 1010 1008 1228 1328 1354 1393 1386 1252 1037 1035 879 768 813 604 554 443 395 379 390 418 428 438 477 510 586 630 780 869 1031 1095 1231 1312 1617 1764 2040 2393 2150 1776 1463 992 909 838 789 714 681 653 630 578 544 488 476 458 334 252 212 197 176
136 144 146 161 172 181 208 233 371 356 472 392 401 560 584 778 579 853 978 883 833 620 630 686 582 648 606 601 570 573 627 643 628 748 810 760 773 810 801 941 1022 1139 1195 1254 1272 1201 1134 987 948 937 722 669 534 452 422 394 390 389 420 425 448 502 534 608 665 781 846 1021 1101 1230 1301 1645 1859 2113 2709 2587 2053 1633 1095 986 872 821 728 690 649 592 565 504 491 445 376 282 254 208 195 175
125 130 147 162 180 197 186 232 407 366 309 359 320 556 526 427 432 680 714 529 482 533 547 504 510 492 479 491 473 518 712 737 765 808 805 753 753 739 756 843 891 986 941 1223 1054 959 912 849 808 755 653 604 509 478 411 387 382 377 409 426 465 528 547 637 687 791 857 1010 1096 1217 1286 1628 1865 2315 2948 2818 1816 1542 1203 1082 920 848 737 698 665 606 590 484 416 354 367 284 285 261 211 181
113 135 133 165 184 177 177 216 287 291 225 264 401 425 353 380 393 576 554 415 398 464 419 466 491 490 471 458 480 524 669 763 835 816 800 693 709 701 716 787 818 877 867 1227 1018 937 838 836 743 708 611 573 506 465 391 372 379 364 406 422 450 519 552 627 673 760 855 1006 1097 1214 1287 1511 1762 2111 2572 2753 2088 1734 1221 1116 929 835 734 692 664 588 561 482 439 375 391 304 310 244 200 181
101 98 133 125 153 184 245 211 282 333 294 298 406 214 331 364 311 409 351 306 232 260 355 508 498 468 474 436 479 506 706 830 836 738 829 672 791 626 654 694 725 735 785 799 841 713 702 688 820 644 568 530 451 420 380 325 381 355 370 407 413 486 519 594 642 760 812 932 1020 1110 1221 1356 1449 1570 1960 1989 1837 1701 1305 1188 924 822 721 696 662 590 535 458 413 363 331 313 297 250 219 185
181 256 229 281 213 195 350 462 179 309 133 324 349 232 503 266 317 323 219 198 181 305 513 530 470 453 403 470 568 528 619 764 684 751 787 674 742 594 604 634 673 694 681 725 989 647 647 643 738 870 732 670 453 386 342 360 373 348 383 394 414 461 506 573 633 740 792 889 1005 1123 1112 1203 1243 1361 1601 1700 1745 1555 1339 1221 936 818 738 702 657 560 532 448 423 367 334 314 266 258 225 177
171 209 332 287 339 307 446 519 177 113 246 139 223 372 260 315 312 171 160 221 286 392 510 506 488 443 484 555 724 621 681 678 614 654 540 491 501 630 659 565 578 603 584 674 694 550 564 534 587 590 480 449 330 322 334 349 352 326 329 370 402 459 481 539 581 657 716 778 885 950 930 1096 1189 1308 1503 1556 1595 1464 1326 1168 960 898 784 729 665 572 527 452 418 373 350 314 297 187 170 158
419 237 295 407 434 353 230 322 191 103 152 102 128 242 124 142 89 157 181 366 586 417 358 377 417 368 585 891 1033 987 956 798 578 710 561 405 399 647 597 486 554 579 562 571 620 506 522 503 514 488 413 416 314 307 316 340 353 333 330 365 386 417 460 540 585 670 651 755 800 907 986 1160 1289 1356 1656 1628 1692 1556 1290 1174 1010 940 796 729 660 567 524 457 443 358 341 256 240 217 198 166
313 353 198 175 268 299 146 173 187 133 152 134 82 74 82 178 153 258 460 558 447 375 380 297 339 337 596 732 957 1009 862 890 571 606 549 441 382 389 615 534 535 539 549 541 480 484 472 452 443 391 369 339 297 294 308 332 337 343 334 349 361 416 426 476 501 570 611 690 740 883 974 1153 1247 1428 2128 2352 2011 1643 1360 1217 1004 930 773 714 645 557 519 446 404 333 309 260 237 201 190 165
115 200 176 262 339 286 114 78 97 107 124 139 212 424 331 493 418 360 346 253 232 261 236 412 278 356 631 738 911 895 763 688 345 351 360 329 302 434 551 504 487 574 466 495 478 423 415 408 308 336 332 292 287 259 293 282 285 308 310 369 355 390 413 468 499 559 602 687 754 879 952 1182 1342 1483 2280 2877 2357 1789 1259 1210 998 907 762 703 635 541 503 439 400 341 314 261 244 203 187 161
63 66 163 130 274 267 214 166 171 159 70 46 85 154 242 424 328 417 342 220 188 249 223 288 362 359 593 867 843 883 610 660 360 249 315 293 275 572 543 484 431 539 528 435 497 440 381 372 305 295 305 283 290 272 292 273 289 312 303 324 341 387 417 462 492 550 582 677 732 861 940 1139 1269 1425 2133 2328 2016 1809 1282 1128 965 870 737 673 627 534 493 418 394 340 309 260 241 202 185 152
60 192 194 175 146 211 231 172 227 209 171 43 42 88 90 163 130 303 271 186 184 188 186 225 402 590 644 544 453 509 389 295 284 360 344 295 260 479 415 351 493 520 411 453 444 478 448 357 323 308 279 280 285 269 266 280 266 274 301 311 334 365 392 436 465 513 551 644 690 818 886 1051 1137 1223 1462 1506 1365 1284 1119 1045 876 803 708 660 609 519 482 409 372 319 297 244 228 191 174 152
176 83 106 136 144 208 329 326 293 234 286 124 112 216 247 116 134 300 297 210 184 234 308 411 540 651 461 498 359 537 381 316 190 275 264 382 291 406 348 401 443 459 384 373 413 400 379 424 304 294 293 295 286 263 267 272 259 268 291 308 321 356 378 420 444 510 543 635 680 796 858 998 1086 1176 1267 1267 1273 1194 1018 947 835 768 671 633 587 504 470 407 369 316 291 238 217 186 179 151
31 28 86 45 43 54 229 455 209 102 49 43 60 131 54 132 234 444 478 219 184 204 380 515 467 512 416 390 548 420 460 348 217 405 534 404 211 508 261 416 383 389 339 367 297 400 449 597 308 291 291 285 271 255 259 258 248 254 271 286 296 335 351 396 431 492 526 594 627 702 762 858 924 947 1008 973 1024 948 866 830 725 677 591 560 531 466 442 377 353 297 271 230 204 176 165 152
32 97 224 258 75 148 286 249 244 187 33 146 215 64 41 114 211 431 449 260 184 380 435 468 384 376 263 271 374 338 475 467 291 394 422 294 228 293 296 479 274 315 259 221 316 313 357 437 372 335 405 303 336 285 266 250 247 244 261 272 289 314 337 386 411 479 508 564 596 653 697 816 836 865 894 886 920 867 797 761 684 631 556 516 498 442 420 364 338 288 261 218 198 174 165 149
26 25 122 166 145 250 258 145 224 187 27 84 155 64 31 113 177 82 104 164 112 232 136 225 307 227 214 204 287 291 229 441 451 404 267 143 176 253 312 432 237 230 223 241 205 287 333 403 525 386 359 411 282 265 251 243 236 228 247 256 265 290 300 362 381 433 456 514 528 618 639 676 702 716 745 733 745 731 696 645 596 567 499 480 454 400 374 327 311 269 249 211 199 166 157 148
14 20 12 13 49 97 224 63 122 144 25 109 161 150 29 77 40 160 271 156 84 207 219 71 174 113 192 96 238 269 301 354 329 215 228 77 313 294 173 422 309 224 188 223 219 244 304 427 834 510 507 440 324 343 259 250 230 220 234 241 247 276 279 326 363 406 431 488 525 580 571 594 623 646 668 666 672 663 630 607 545 527 469 441 423 378 355 312 295 254 241 207 189 162 155 140
11 13 18 17 14 55 39 116 159 47 26 140 214 213 40 44 145 346 240 60 164 170 98 78 222 126 68 192 166 84 142 200 181 181 119 82 52 112 126 259 285 143 161 131 243 333 312 335 731 846 650 681 572 565 699 732 395 341 200 214 217 238 260 303 323 373 391 424 436 475 486 511 541 549 547 558 547 551 529 510 473 454 413 390 371 337 318 277 262 231 222 192 175 154 142 129
11 8 12 10 12 16 40 37 102 40 24 27 23 53 24 60 144 320 164 51 110 79 95 135 38 73 165 168 121 132 151 174 145 144 95 45 48 58 74 171 225 119 147 130 222 274 311 311 414 699 900 782 906 891 734 631 510 421 248 227 216 223 249 287 310 345 369 395 403 434 450 467 495 502 501 500 504 500 482 471 438 415 375 362 340 309 296 265 242 219 209 180 170 147 140 132
17 10 10 19 13 22 16 18 69 39 29 23 18 20 20 146 89 190 104 63 82 30 18 29 25 27 89 106 64 44 118 96 98 51 65 32 41 40 42 71 154 118 132 177 228 301 275 253 401 521 772 558 620 500 601 526 349 278 279 241 188 208 224 253 270 302 323 340 346 371 387 399 413 425 419 420 408 413 392 396 367 347 326 305 289 273 248 232 217 199 186 164 159 137 131 118
8 9 8 12 14 12 16 18 48 28 29 21 17 19 23 63 39 48 25 52 41 29 16 13 14 14 11 18 14 18 24 25 23 46 35 40 41 36 46 146 196 104 184 213 266 215 275 306 350 502 544 390 454 318 374 349 375 400 200 199 168 192 208 238 252 284 292 313 321 346 359 359 380 383 380 383 365 370 356 351 328 314 289 281 267 251 238 215 203 183 184 165 155 137 132 119
