testing/pinatubo_topography.txt
ncols         151
nrows         151
xllcorner     113512
yllcorner     1573425
cellsize      1342
NODATA_value  -9999
[rows 0 to 40 of 151, columns 0 to 90 of 151]
-9999 -9999 -9999 -9999 -9999 -9999 -9999 -9999 -9999 -9999 -9999 -9999 -9999 -9999 -9999 -9999 -9999 -9999 -9999 -9999 -9999 -9999 -9999 -9999 -9999 -9999 -9999 -9999 -9999 -9999 -9999 49 23 -9999 -9999 -9999 -9999 -9999 -9999 -9999 -9999 -9999 -9999 -9999 -9999 -9999 -9999 -9999 -9999 -9999 -9999 -9999 -9999 -9999 -9999 -9999 -9999 -9999 -9999 -9999 -9999 -9999 -9999 -9999 -9999 -9999 -9999 -9999 -9999 -9999 -9999 -9999 -9999 -9999 -9999 -9999 -9999 -9999 -9999 -9999 -9999 -9999 -9999 -9999 -9999 -9999 -9999 -9999 -9999 -9999 -9999
-9999 -9999 -9999 -9999 -9999 -9999 -9999 -9999 -9999 -9999 -9999 -9999 -9999 -9999 -9999 -9999 -9999 -9999 -9999 -9999 -9999 -9999 -9999 -9999 -9999 -9999 -9999 -9999 -9999 -9999 -9999 22 50 58 68 41 75 73 68 57 46 50 39 56 90 154 25 89 138 118 237 297 199 231 214 281 118 83 37 87 5 7 6 3 5 1 6 10 8 8 11 5 8 6 2 4 8 8 3 3 3 3 11 8 14 15 15 17 22 22 20
-9999 -9999 -9999 -9999 -9999 -9999 -9999 -9999 -9999 -9999 -9999 -9999 -9999 -9999 -9999 -9999 -9999 -9999 -9999 -9999 -9999 -9999 -9999 -9999 -9999 -9999 -9999 -9999 -9999 -9999 19 40 49 62 80 38 59 49 55 40 11 26 41 51 175 161 87 97 47 109 184 179 194 353 284 393 306 245 212 215 49 7 6 2 7 4 8 5 8 6 8 6 6 2 4 5 8 8 6 6 7 5 9 8 12 11 13 18 17 20 21
-9999 -9999 -9999 -9999 -9999 -9999 -9999 -9999 -9999 -9999 -9999 -9999 -9999 -9999 -9999 -9999 -9999 -9999 -9999 -9999 -9999 -9999 -9999 -9999 -9999 -9999 -9999 -9999 -9999 -9999 41 47 50 77 40 38 53 25 9 7 37 46 56 53 125 95 46 81 161 123 149 110 112 193 322 402 371 469 293 209 50 9 6 4 7 5 8 4 6 5 6 4 5 5 3 7 6 8 8 8 7 10 11 11 10 13 12 22 19 18 23
-9999 -9999 -9999 -9999 -9999 -9999 -9999 -9999 -9999 -9999 -9999 -9999 -9999 -9999 -9999 -9999 -9999 -9999 -9999 -9999 -9999 -9999 -9999 -9999 -9999 -9999 -9999 -9999 -9999 -9999 32 40 47 64 26 30 33 37 11 14 32 56 53 66 100 68 95 139 163 187 256 206 216 194 330 217 291 476 566 317 43 16 7 6 5 8 7 7 4 9 4 8 6 5 7 4 9 11 8 8 6 11 11 16 11 13 16 21 17 15 19
-9999 -9999 -9999 -9999 -9999 -9999 -9999 -9999 -9999 -9999 -9999 -9999 -9999 -9999 -9999 -9999 -9999 -9999 -9999 -9999 -9999 -9999 -9999 -9999 -9999 -9999 -9999 -9999 -9999 19 32 31 33 35 25 28 0 4 11 47 20 34 33 113 130 77 130 195 114 189 282 313 367 288 186 210 503 410 627 496 118 37 13 9 8 8 10 4 4 6 6 4 3 4 1 9 9 14 10 11 9 9 11 11 10 14 20 14 19 16 19
-9999 -9999 -9999 -9999 -9999 -9999 -9999 -9999 -9999 -9999 -9999 -9999 -9999 -9999 -9999 -9999 -9999 -9999 -9999 -9999 -9999 -9999 -9999 -9999 -9999 -9999 -9999 -9999 -9999 29 43 36 28 30 17 20 -9999 8 22 47 40 49 39 47 130 156 145 106 236 241 360 402 338 299 251 360 505 687 384 260 101 62 17 10 7 7 6 7 12 5 4 6 8 5 7 15 5 14 14 14 9 10 12 14 14 20 14 19 19 16 17
-9999 -9999 -9999 -9999 -9999 -9999 -9999 -9999 -9999 -9999 -9999 -9999 -9999 -9999 -9999 -9999 -9999 -9999 -9999 -9999 -9999 -9999 -9999 -9999 -9999 -9999 -9999 -9999 -9999 -9999 34 23 26 35 -9999 -9999 -9999 -9999 23 35 84 93 117 102 88 138 106 84 144 213 357 363 331 266 227 270 408 411 524 388 168 124 26 15 11 9 7 3 6 7 6 7 2 4 8 11 12 15 13 18 14 10 9 14 12 21 21 38 23 20 19
-9999 -9999 -9999 -9999 -9999 -9999 -9999 -9999 -9999 -9999 -9999 -9999 -9999 -9999 -9999 -9999 -9999 -9999 -9999 -9999 -9999 -9999 -9999 -9999 -9999 -9999 -9999 -9999 -9999 -9999 26 28 21 27 -9999 -9999 -9999 -9999 19 42 72 103 63 40 51 114 126 143 114 315 212 172 210 263 253 425 341 419 410 505 331 158 54 20 14 19 8 7 13 6 8 3 10 7 9 5 14 8 6 10 11 21 10 15 13 14 19 39 26 36 26
-9999 -9999 -9999 -9999 -9999 -9999 -9999 -9999 -9999 -9999 -9999 -9999 -9999 -9999 -9999 -9999 -9999 -9999 -9999 -9999 -9999 -9999 -9999 -9999 -9999 -9999 -9999 -9999 -9999 -9999 14 -9999 20 -9999 -9999 -9999 -9999 -9999 11 22 39 64 57 24 59 119 216 238 150 207 195 236 241 296 298 273 304 327 571 552 305 178 51 31 28 11 15 10 10 6 8 6 6 3 9 8 11 14 10 15 14 14 18 12 12 16 19 40 39 50 38
-9999 -9999 -9999 -9999 -9999 -9999 -9999 -9999 -9999 -9999 -9999 -9999 -9999 -9999 -9999 -9999 -9999 -9999 -9999 -9999 -9999 -9999 -9999 -9999 -9999 -9999 -9999 -9999 -9999 -9999 -9999 -9999 -9999 -9999 -9999 -9999 -9999 -9999 -9999 11 37 97 14 48 41 78 130 235 241 223 263 254 354 353 315 306 335 387 437 258 115 66 76 65 47 18 12 9 7 7 16 10 5 9 6 7 9 16 10 12 15 15 17 20 15 13 22 52 64 61 72
-9999 -9999 -9999 -9999 -9999 -9999 -9999 -9999 -9999 -9999 -9999 -9999 -9999 -9999 -9999 -9999 -9999 -9999 -9999 -9999 -9999 -9999 -9999 -9999 -9999 -9999 -9999 -9999 -9999 -9999 -9999 -9999 -9999 -9999 -9999 -9999 -9999 -9999 -9999 -9999 15 29 37 34 122 200 137 145 238 234 155 162 254 243 383 395 511 367 282 314 231 183 146 45 76 46 22 14 6 8 10 6 3 16 11 14 11 7 11 14 11 11 17 15 14 17 21 43 49 76 69
-9999 -9999 -9999 -9999 -9999 -9999 -9999 -9999 -9999 -9999 -9999 -9999 -9999 -9999 -9999 -9999 -9999 -9999 -9999 -9999 -9999 -9999 -9999 -9999 -9999 -9999 -9999 -9999 -9999 -9999 -9999 -9999 -9999 -9999 -9999 -9999 -9999 -9999 -9999 -9999 11 12 35 37 87 77 135 181 159 167 177 178 191 216 352 320 442 326 272 188 166 212 82 155 92 62 24 9 8 9 3 11 10 17 10 12 8 9 12 12 17 11 13 15 15 15 16 43 44 49 46
-9999 -9999 -9999 -9999 -9999 -9999 -9999 -9999 -9999 -9999 -9999 -9999 -9999 -9999 -9999 -9999 -9999 -9999 -9999 -9999 -9999 -9999 -9999 -9999 -9999 -9999 -9999 -9999 -9999 -9999 -9999 -9999 -9999 -9999 -9999 -9999 -9999 -9999 -9999 -9999 8 37 27 49 155 263 156 120 102 138 107 92 145 139 132 255 352 441 420 274 366 139 214 150 147 55 40 19 15 9 9 13 13 16 17 17 11 8 11 19 13 16 15 17 15 17 20 39 48 49 42
-9999 -9999 -9999 -9999 -9999 -9999 -9999 -9999 -9999 -9999 -9999 -9999 -9999 -9999 -9999 -9999 -9999 -9999 -9999 -9999 -9999 -9999 -9999 -9999 -9999 -9999 -9999 -9999 -9999 -9999 -9999 -9999 -9999 -9999 -9999 -9999 -9999 -9999 -9999 -9999 -9999 15 29 50 81 130 111 123 156 96 79 79 167 212 229 231 325 526 473 405 471 197 215 152 187 88 62 31 20 7 7 14 11 12 17 11 10 13 10 20 16 11 10 19 16 21 17 18 21 21 22
-9999 -9999 -9999 -9999 -9999 -9999 -9999 -9999 -9999 -9999 -9999 -9999 -9999 -9999 -9999 -9999 -9999 -9999 -9999 -9999 -9999 -9999 -9999 -9999 -9999 -9999 -9999 -9999 -9999 -9999 -9999 -9999 -9999 -9999 -9999 -9999 -9999 -9999 -9999 -9999 -9999 6 15 26 31 155 87 203 146 105 125 239 142 163 253 276 253 557 556 527 284 452 534 368 299 184 93 76 38 9 10 13 13 11 11 14 11 11 13 16 15 13 13 20 19 18 18 21 20 26 25
-9999 -9999 -9999 -9999 -9999 -9999 -9999 -9999 -9999 -9999 -9999 -9999 -9999 -9999 -9999 -9999 -9999 -9999 -9999 -9999 -9999 -9999 -9999 -9999 -9999 -9999 -9999 -9999 -9999 -9999 -9999 -9999 -9999 -9999 -9999 -9999 -9999 -9999 -9999 -9999 -9999 -9999 46 10 20 35 137 163 109 84 194 224 259 110 200 222 267 474 497 422 298 781 494 294 228 191 157 115 15 12 17 9 12 14 22 9 8 9 12 13 15 19 16 15 18 17 20 21 20 20 29
-9999 -9999 -9999 -9999 -9999 -9999 -9999 -9999 -9999 -9999 -9999 -9999 -9999 -9999 -9999 -9999 -9999 -9999 -9999 -9999 -9999 -9999 -9999 -9999 -9999 -9999 -9999 -9999 -9999 -9999 -9999 -9999 -9999 -9999 -9999 -9999 -9999 -9999 -9999 -9999 -9999 9 10 25 20 20 53 53 99 94 104 168 164 251 206 276 233 252 399 476 488 550 587 507 409 241 199 59 25 18 14 13 8 15 19 10 11 8 18 14 13 15 20 18 19 19 23 21 23 25 26
-9999 -9999 -9999 -9999 -9999 -9999 -9999 -9999 -9999 -9999 -9999 -9999 -9999 -9999 -9999 -9999 -9999 -9999 -9999 -9999 -9999 -9999 -9999 -9999 -9999 -9999 -9999 -9999 -9999 -9999 -9999 -9999 -9999 -9999 -9999 -9999 -9999 -9999 -9999 9 9 28 22 17 22 20 35 88 100 60 77 117 131 315 292 396 316 323 377 546 448 430 381 468 501 174 301 58 39 29 19 14 9 15 12 13 14 9 10 16 16 14 14 17 27 26 25 21 20 20 19
-9999 -9999 -9999 -9999 -9999 -9999 -9999 -9999 -9999 -9999 -9999 -9999 -9999 -9999 -9999 -9999 -9999 -9999 -9999 -9999 -9999 -9999 -9999 -9999 -9999 -9999 -9999 -9999 -9999 -9999 -9999 18 10 -9999 -9999 -9999 -9999 -9999 -9999 -9999 12 8 7 9 14 14 16 25 44 111 106 108 286 454 528 446 361 417 328 503 491 233 177 376 395 116 144 102 43 23 19 13 12 11 14 14 14 12 12 13 11 14 13 19 40 25 24 23 24 19 18
-9999 -9999 -9999 -9999 -9999 -9999 -9999 -9999 -9999 -9999 -9999 -9999 -9999 -9999 -9999 -9999 -9999 -9999 -9999 -9999 -9999 -9999 -9999 -9999 -9999 -9999 -9999 -9999 -9999 -9999 -9999 -9999 30 -9999 -9999 -9999 -9999 -9999 -9999 -9999 14 9 9 10 11 13 15 24 43 149 250 378 354 457 534 506 415 482 396 550 339 442 270 233 164 336 408 136 53 24 21 20 14 11 13 23 15 19 16 16 15 14 14 21 32 27 18 23 20 20 17
-9999 -9999 -9999 -9999 -9999 -9999 -9999 -9999 -9999 -9999 -9999 -9999 -9999 -9999 -9999 -9999 -9999 -9999 -9999 -9999 -9999 -9999 -9999 -9999 -9999 -9999 -9999 -9999 -9999 -9999 -9999 -9999 12 -9999 -9999 -9999 -9999 -9999 -9999 -9999 -9999 7 9 6 11 16 22 89 70 110 202 431 406 271 366 427 339 515 471 587 404 558 287 326 447 481 315 151 53 28 24 17 24 17 14 18 16 15 20 14 15 21 15 16 25 20 16 18 18 18 18
-9999 -9999 -9999 -9999 -9999 -9999 -9999 -9999 -9999 -9999 -9999 -9999 -9999 -9999 -9999 -9999 -9999 -9999 -9999 -9999 -9999 -9999 -9999 -9999 -9999 -9999 -9999 -9999 -9999 -9999 -9999 -9999 -9999 -9999 -9999 -9999 -9999 -9999 -9999 -9999 -9999 11 7 10 38 71 84 79 215 224 226 408 358 278 332 304 326 429 533 657 473 270 399 598 496 315 246 139 94 39 27 22 19 19 20 13 13 12 17 16 15 23 18 16 26 21 20 15 17 17 16
-9999 -9999 -9999 -9999 -9999 -9999 -9999 -9999 -9999 -9999 -9999 -9999 -9999 -9999 -9999 -9999 -9999 -9999 -9999 -9999 -9999 -9999 -9999 -9999 -9999 -9999 -9999 -9999 -9999 -9999 -9999 -9999 -9999 -9999 -9999 -9999 -9999 -9999 -9999 -9999 -9999 6 3 28 20 166 278 296 380 391 216 561 239 536 386 407 483 444 585 668 479 370 546 614 577 525 497 239 213 70 41 32 24 19 15 14 14 16 17 17 15 18 21 19 18 17 18 16 16 15 16
-9999 -9999 -9999 -9999 -9999 -9999 -9999 -9999 -9999 -9999 -9999 -9999 -9999 -9999 -9999 -9999 -9999 -9999 -9999 -9999 -9999 -9999 -9999 -9999 -9999 -9999 -9999 -9999 -9999 -9999 -9999 -9999 -9999 -9999 -9999 -9999 -9999 -9999 -9999 10 10 7 8 10 33 183 294 445 509 460 368 371 214 588 403 728 689 674 753 889 912 768 715 507 324 212 240 359 233 99 86 39 24 25 20 16 14 14 13 13 13 15 15 20 26 20 19 16 16 14 15
-9999 -9999 -9999 -9999 -9999 -9999 -9999 -9999 -9999 -9999 -9999 -9999 -9999 -9999 -9999 -9999 -9999 -9999 -9999 -9999 -9999 -9999 -9999 -9999 -9999 -9999 -9999 -9999 -9999 -9999 -9999 -9999 -9999 -9999 12 -9999 -9999 -9999 12 16 7 10 13 39 32 152 94 137 99 353 401 183 277 307 310 487 636 847 922 784 902 675 591 623 662 235 303 131 265 90 59 53 38 27 25 17 23 18 14 14 13 16 16 17 44 19 19 19 17 21 17
-9999 -9999 -9999 -9999 -9999 -9999 -9999 -9999 -9999 -9999 -9999 -9999 -9999 -9999 -9999 -9999 -9999 -9999 -9999 -9999 -9999 -9999 -9999 -9999 -9999 -9999 -9999 -9999 -9999 -9999 -9999 -9999 -9999 -9999 -9999 -9999 -9999 -9999 -9999 5 11 13 34 22 20 103 43 69 214 89 143 397 609 536 549 450 552 638 620 738 921 1023 856 676 440 505 349 148 246 208 124 120 72 79 51 21 22 22 15 14 14 20 21 22 31 19 21 18 16 19 19
-9999 -9999 -9999 -9999 -9999 -9999 -9999 -9999 -9999 -9999 -9999 -9999 -9999 -9999 -9999 -9999 -9999 -9999 -9999 -9999 -9999 -9999 -9999 -9999 -9999 -9999 -9999 -9999 -9999 -9999 -9999 -9999 -9999 -9999 -9999 -9999 -9999 -9999 -9999 -9999 6 -9999 11 79 22 34 146 195 339 308 474 372 518 692 551 469 610 429 505 687 856 984 925 696 737 590 285 388 533 331 216 149 136 94 74 39 31 25 21 15 19 18 24 17 23 20 20 20 18 20 21
-9999 -9999 -9999 -9999 -9999 -9999 -9999 -9999 -9999 -9999 -9999 -9999 -9999 -9999 -9999 -9999 -9999 -9999 -9999 -9999 -9999 -9999 -9999 -9999 -9999 -9999 -9999 -9999 -9999 -9999 -9999 -9999 -9999 -9999 -9999 -9999 -9999 -9999 -9999 -9999 -9999 -9999 -9999 9 7 33 56 412 390 631 671 561 636 656 471 415 370 428 579 755 831 720 600 410 375 510 539 556 682 389 223 218 174 103 79 45 35 24 18 18 17 20 25 18 18 28 20 20 20 18 21
-9999 -9999 -9999 -9999 -9999 -9999 -9999 -9999 -9999 -9999 -9999 -9999 -9999 -9999 -9999 -9999 -9999 -9999 -9999 -9999 -9999 -9999 -9999 -9999 -9999 -9999 -9999 -9999 -9999 -9999 -9999 -9999 -9999 -9999 -9999 -9999 -9999 -9999 -9999 -9999 -9999 -9999 -9999 35 20 31 101 414 570 596 784 560 706 620 460 327 310 489 447 664 791 958 613 569 443 695 786 859 753 564 357 504 270 142 94 42 37 39 34 24 19 25 26 18 18 33 21 29 19 21 23
-9999 -9999 -9999 -9999 -9999 -9999 -9999 -9999 -9999 -9999 -9999 -9999 -9999 -9999 -9999 -9999 -9999 -9999 -9999 -9999 -9999 -9999 -9999 -9999 -9999 -9999 -9999 -9999 -9999 -9999 -9999 -9999 -9999 -9999 -9999 -9999 -9999 -9999 -9999 -9999 -9999 -9999 -9999 2 5 41 160 199 376 547 465 533 764 464 362 262 354 573 631 968 882 1149 919 425 554 1003 892 1037 954 487 369 547 251 157 85 55 60 51 34 24 21 25 22 19 23 33 27 21 20 20 21
-9999 -9999 -9999 -9999 -9999 -9999 -9999 -9999 -9999 -9999 -9999 -9999 -9999 -9999 -9999 -9999 -9999 -9999 -9999 -9999 -9999 -9999 -9999 -9999 -9999 -9999 -9999 -9999 -9999 -9999 -9999 -9999 -9999 -9999 -9999 -9999 -9999 -9999 -9999 -9999 -9999 -9999 -9999 9 9 30 158 393 200 302 422 477 699 463 525 264 360 488 646 1118 989 1169 845 810 965 1154 1311 1174 926 840 786 790 676 275 112 110 63 33 27 27 24 31 23 22 22 38 45 33 31 26 21
-9999 -9999 -9999 -9999 -9999 -9999 -9999 -9999 -9999 -9999 -9999 -9999 -9999 -9999 -9999 -9999 -9999 -9999 -9999 -9999 -9999 -9999 -9999 -9999 -9999 -9999 -9999 -9999 -9999 -9999 -9999 -9999 -9999 -9999 -9999 -9999 -9999 -9999 -9999 -9999 -9999 -9999 -9999 9 7 24 120 286 413 910 930 1111 853 338 220 197 328 787 858 1146 1062 1276 975 850 1061 1365 1426 1225 1090 1090 961 682 552 250 146 99 129 36 30 26 29 28 23 22 22 59 61 50 28 21 24
-9999 -9999 -9999 -9999 -9999 -9999 -9999 -9999 -9999 -9999 -9999 -9999 -9999 -9999 -9999 -9999 -9999 -9999 -9999 -9999 -9999 -9999 -9999 -9999 -9999 -9999 -9999 -9999 -9999 -9999 -9999 -9999 -9999 -9999 -9999 -9999 -9999 -9999 -9999 -9999 -9999 -9999 -9999 10 7 18 127 416 471 804 805 911 957 407 352 301 457 363 614 935 781 1275 1328 1373 1382 1575 1471 1298 1256 946 921 406 442 270 104 87 66 43 36 28 25 43 24 26 26 51 55 53 32 26 22
-9999 -9999 -9999 -9999 -9999 -9999 -9999 -9999 -9999 -9999 -9999 -9999 -9999 -9999 -9999 -9999 -9999 -9999 -9999 -9999 -9999 -9999 -9999 -9999 -9999 -9999 -9999 -9999 -9999 -9999 -9999 -9999 -9999 -9999 -9999 -9999 -9999 -9999 -9999 -9999 -9999 9 13 4 12 10 36 160 268 596 356 600 366 494 302 358 348 681 724 1018 927 1257 1464 1449 1398 1426 1302 1252 1155 1160 964 612 546 281 245 149 61 56 41 32 30 43 31 31 26 28 37 52 35 31 23
-9999 -9999 -9999 -9999 -9999 -9999 -9999 -9999 -9999 -9999 -9999 -9999 -9999 -9999 -9999 -9999 -9999 -9999 -9999 -9999 -9999 -9999 -9999 -9999 -9999 -9999 -9999 -9999 -9999 -9999 -9999 -9999 -9999 -9999 -9999 -9999 -9999 -9999 -9999 -9999 -9999 9 10 11 12 30 41 90 207 209 174 279 198 130 122 338 545 330 346 678 1026 1349 1375 1017 982 1126 1027 874 791 823 854 587 529 462 357 166 59 47 60 46 42 37 37 31 31 26 75 47 30 33 29
-9999 -9999 -9999 -9999 -9999 -9999 -9999 -9999 -9999 -9999 -9999 -9999 -9999 -9999 -9999 -9999 -9999 -9999 -9999 -9999 -9999 -9999 -9999 -9999 -9999 -9999 -9999 -9999 -9999 -9999 -9999 -9999 -9999 -9999 -9999 -9999 -9999 -9999 -9999 -9999 -9999 -9999 8 10 12 35 52 32 34 91 125 111 164 191 373 473 226 427 700 997 1087 1404 1376 1186 860 917 721 654 893 769 690 907 486 473 161 155 75 61 49 67 67 51 51 55 53 33 60 65 44 28 59
-9999 -9999 -9999 -9999 -9999 -9999 -9999 -9999 -9999 -9999 -9999 -9999 -9999 -9999 -9999 -9999 -9999 -9999 -9999 -9999 -9999 -9999 -9999 -9999 -9999 -9999 -9999 -9999 -9999 -9999 -9999 -9999 -9999 -9999 -9999 -9999 -9999 -9999 -9999 -9999 -9999 -9999 6 9 19 25 38 23 36 153 244 192 261 213 197 238 431 621 661 764 1140 1155 1284 1229 996 802 748 587 707 638 827 545 416 422 198 118 92 60 57 58 75 69 51 58 52 44 53 69 38 36 37
-9999 -9999 -9999 -9999 -9999 -9999 -9999 -9999 -9999 -9999 -9999 -9999 -9999 -9999 -9999 -9999 -9999 -9999 -9999 -9999 -9999 -9999 -9999 -9999 -9999 -9999 -9999 -9999 -9999 -9999 -9999 -9999 -9999 -9999 -9999 -9999 -9999 -9999 -9999 -9999 -9999 -9999 14 -9999 19 17 23 74 40 149 197 96 128 97 101 192 391 809 530 596 886 906 1339 1377 1244 940 712 452 669 527 703 545 533 506 171 125 76 70 69 66 77 94 54 70 92 56 39 64 56 103 60
-9999 -9999 -9999 -9999 -9999 -9999 -9999 -9999 -9999 -9999 -9999 -9999 -9999 -9999 -9999 -9999 -9999 -9999 -9999 -9999 -9999 -9999 -9999 -9999 -9999 -9999 -9999 -9999 -9999 -9999 -9999 -9999 -9999 -9999 -9999 -9999 -9999 -9999 -9999 -9999 -9999 -9999 -9999 -9999 28 22 21 56 266 284 206 235 285 317 274 295 226 409 230 354 936 1063 1600 1407 1092 946 775 512 617 551 567 337 310 446 244 189 124 80 75 73 83 102 58 93 63 57 45 51 88 61 56
-9999 -9999 -9999 -9999 -9999 -9999 -9999 -9999 -9999 -9999 -9999 -9999 -9999 -9999 -9999 -9999 -9999 -9999 -9999 -9999 -9999 -9999 -9999 -9999 -9999 -9999 -9999 -9999 -9999 -9999 -9999 -9999 -9999 -9999 -9999 -9999 -9999 -9999 -9999 -9999 -9999 -9999 -9999 40 7 38 13 35 381 373 569 596 537 435 289 388 350 267 474 301 701 841 1367 1511 1060 847 692 574 586 361 278 300 298 420 300 130 121 107 101 87 75 74 77 88 114 95 70 75 80 66 89
