testing/pinatubo_topography.txt
ncols         129
nrows         138
xllcorner     163686.78298046
yllcorner     1581592.4146567
cellsize      1000
NODATA_value  -9999
[rows 0 to 60 of 138, columns 0 to 95 of 129]
-9999 -9999 0 0 17 15 5 0 0 11 13 38 33 38 72 183 481 788 738 813 885 1055 828 828 670 720 922 1118 1050 913 622 578 741 900 987 1128 1331 1175 -9999 -9999 -9999 -9999 -9999 -9999 -9999 -9999 -9999 -9999 -9999 -9999 -9999 -9999 -9999 -9999 -9999 -9999 -9999 -9999 -9999 -9999 -9999 -9999 -9999 -9999 -9999 -9999 -9999 -9999 -9999 -9999 -9999 -9999 -9999 -9999 -9999 -9999 -9999 -9999 -9999 -9999 -9999 -9999 -9999 -9999 -9999 -9999 -9999 -9999 -9999 -9999 -9999 -9999 -9999 -9999 -9999 -9999
-9999 -9999 0 0 11 38 6 0 0 0 10 49 48 39 66 272 388 537 714 731 879 984 1010 965 793 1044 1066 1268 1053 684 628 522 526 905 1054 1251 1303 1127 817 601 674 354 485 670 810 727 713 659 379 303 337 515 426 224 175 125 102 107 115 134 162 201 187 147 129 100 87 79 85 84 70 63 61 66 66 52 40 39 41 39 37 37 36 32 31 28 31 32 28 25 24 21 23 20 19 21
-9999 -9999 0 0 0 0 0 0 0 0 0 35 59 74 106 205 261 352 369 456 826 1057 1226 1101 1055 1186 1243 1536 1101 876 955 699 734 922 1111 1358 1172 1042 678 741 606 434 631 840 892 800 726 641 486 430 389 455 399 171 138 136 145 120 184 182 181 172 167 160 154 145 124 118 111 96 80 69 53 49 45 50 58 44 45 43 38 37 36 32 32 34 29 31 27 26 23 21 20 20 19 21
-9999 -9999 0 0 0 0 0 0 0 6 8 12 40 58 95 216 305 220 471 596 853 1032 1023 1084 1125 1548 1726 1597 1557 1486 1291 1274 950 856 1228 1297 1142 1076 895 733 482 654 576 812 796 705 605 482 335 332 289 296 410 268 189 131 141 136 151 168 180 160 156 146 150 160 145 143 97 90 88 68 58 60 50 44 46 41 47 42 40 36 39 35 35 37 30 29 26 21 21 20 20 21 20 22
-9999 -9999 0 0 9 49 -1 0 8 8 27 32 40 76 71 210 269 301 452 583 822 755 798 756 1118 1234 1508 1771 1639 1664 1614 1352 1076 974 976 1064 1278 1229 778 533 470 781 785 735 761 654 419 462 453 442 438 241 208 249 292 199 149 167 189 157 135 116 177 157 164 179 167 142 96 100 94 79 68 63 45 46 43 46 47 46 41 42 40 34 35 33 30 28 26 21 22 20 19 18 19 19
-9999 -9999 0 0 37 0 0 0 0 11 10 14 36 121 106 118 194 155 309 241 351 371 475 1064 1272 1361 1441 1836 1736 1736 1558 1318 1003 1186 1349 1300 1212 1121 701 516 650 749 852 604 550 502 554 527 614 531 504 335 255 216 171 157 168 166 164 162 128 109 119 195 171 151 183 148 92 74 92 96 87 53 52 59 53 47 47 44 46 42 38 38 36 33 30 29 25 25 28 21 20 16 18 20
-9999 -9999 0 0 30 43 13 28 58 29 28 77 97 105 94 115 181 269 293 338 457 564 624 677 859 1137 1434 1816 1549 1701 1530 1489 1219 1410 1430 1336 1023 774 726 567 798 936 870 728 838 863 702 720 495 558 520 427 377 384 407 213 139 176 161 168 119 100 106 109 109 104 130 108 100 77 84 81 67 55 68 56 52 50 47 42 43 39 38 35 38 33 32 27 25 26 20 21 21 18 17 20
-9999 -9999 0 0 10 23 10 11 32 31 94 85 75 76 85 135 164 174 337 445 664 805 811 952 1030 1443 1718 1495 1269 1499 1776 1628 1455 1444 1403 1034 992 889 784 711 911 968 900 927 849 768 740 603 600 499 344 384 426 190 147 139 125 150 114 125 113 100 94 88 101 93 93 108 100 100 63 77 68 62 68 53 49 57 48 46 41 39 38 35 33 33 31 28 26 25 22 21 17 20 17 19
-9999 -9999 0 0 0 10 14 7 10 17 12 33 43 48 64 82 131 259 412 483 763 761 682 1131 1189 1138 1194 1144 1223 1488 1664 1675 1540 1510 1426 1168 885 700 945 884 881 939 800 762 827 696 654 763 549 476 330 232 267 169 193 133 121 110 105 100 99 94 89 88 89 86 88 89 141 126 97 73 72 54 57 56 70 69 52 49 46 42 41 38 37 32 27 27 23 23 23 21 18 19 18 19
-9999 -9999 0 0 0 10 10 9 42 46 19 21 28 80 102 96 131 231 528 603 608 583 621 874 952 1003 889 798 925 1217 1626 1752 1612 1491 1312 956 1221 1242 1039 985 748 638 694 654 584 614 446 453 407 334 277 341 291 145 134 119 111 113 108 103 98 117 133 113 99 81 115 91 68 74 66 54 59 68 82 59 78 65 51 48 47 44 43 37 34 31 30 26 24 24 26 20 19 17 22 18
-9999 -9999 3 8 12 11 31 22 22 28 56 65 72 92 99 127 125 230 409 452 402 345 418 725 663 614 569 711 1203 1228 1586 1473 1711 1258 1198 1217 1104 1015 801 774 598 618 553 848 811 532 433 471 499 422 372 215 203 149 449 153 190 267 113 114 207 276 138 109 83 80 78 75 66 76 93 69 63 81 75 60 73 73 53 52 49 45 40 38 37 33 28 27 25 24 20 24 18 16 17 18
-9999 -9999 7 9 13 12 24 7 8 22 41 45 72 81 86 99 103 166 205 234 468 415 702 697 795 1085 1133 1252 1264 1239 1335 1113 1283 1304 1243 1105 928 861 699 600 439 477 465 659 870 691 499 372 308 325 434 303 197 218 541 171 370 427 118 121 278 263 213 116 108 106 80 91 77 104 90 88 89 71 68 65 60 59 58 52 53 52 41 39 37 36 32 29 29 23 22 19 18 17 20 19
-9999 -9999 0 5 5 31 17 13 32 26 32 44 60 70 79 83 104 276 351 389 677 687 680 949 997 1019 1046 1142 1003 1049 1060 813 1040 1337 1156 906 818 721 496 656 644 407 336 417 637 450 489 521 324 343 293 254 210 232 252 259 273 178 150 187 283 255 178 167 137 97 88 90 86 116 101 93 99 67 69 64 62 62 59 54 55 49 59 37 40 37 29 27 22 22 21 21 19 17 19 16
-9999 -9999 0 0 5 9 8 17 27 43 36 37 30 38 48 63 73 287 426 523 746 737 956 953 992 731 804 783 813 707 723 1052 1344 1240 1135 886 856 1000 629 807 566 618 508 358 502 360 346 405 329 218 325 225 266 188 274 444 351 297 330 278 311 264 238 220 158 105 98 123 110 110 100 97 98 72 73 65 64 62 58 53 54 45 38 36 32 36 30 26 24 23 21 19 18 18 18 15
-9999 -9999 0 0 5 5 5 6 7 7 28 18 28 36 39 56 66 201 226 273 489 421 664 593 540 387 407 812 916 937 1188 1323 1539 1448 1263 1007 1106 825 782 744 831 857 645 353 337 258 241 267 224 217 221 185 173 337 417 471 536 406 371 320 275 259 223 154 139 100 105 92 94 94 83 84 85 75 74 66 64 63 55 54 58 54 47 36 34 32 27 26 23 23 21 19 17 17 15 16
-9999 -9999 0 0 0 5 7 14 7 9 20 14 27 60 85 62 110 99 91 151 304 355 542 487 426 551 596 1022 960 1027 903 1198 1468 1337 1351 1161 977 965 952 846 980 948 697 434 364 446 370 305 419 280 216 188 207 278 398 514 524 505 377 352 285 287 233 165 157 98 98 95 90 90 87 79 75 76 75 66 64 61 54 57 51 50 45 37 36 30 31 28 25 25 21 18 19 16 18 19
-9999 -9999 0 0 0 0 0 5 12 10 33 40 48 55 76 85 89 103 183 268 170 218 317 385 380 664 581 779 757 738 858 1108 1220 1062 1257 1212 1106 986 997 871 959 878 754 430 316 454 363 315 351 309 406 191 225 389 583 568 515 450 420 309 270 274 200 139 115 104 100 97 94 98 116 99 75 70 70 65 66 62 54 54 50 45 46 40 37 33 31 27 25 24 20 17 17 15 18 17
-9999 -9999 0 0 0 0 0 1 8 10 6 8 40 34 42 79 61 97 226 347 706 726 542 428 482 740 763 872 847 749 1020 1030 1140 937 721 709 860 814 982 991 1128 946 603 431 444 466 432 380 538 538 290 251 216 407 558 519 486 408 313 306 287 256 193 115 114 108 104 100 99 119 96 128 75 72 68 64 62 57 58 51 46 41 43 40 38 32 29 28 26 19 19 18 19 17 18 18
-9999 -9999 0 0 0 0 0 0 0 7 6 15 34 49 52 63 26 153 297 429 376 404 388 483 494 926 1061 1218 1106 1106 1213 1347 1365 1331 1069 541 782 764 871 787 940 982 777 608 684 566 664 646 513 455 465 430 279 251 459 535 493 485 267 356 146 144 129 121 115 109 105 102 120 111 102 95 82 72 67 64 65 59 54 51 47 49 43 37 38 31 28 29 25 24 19 21 16 17 19 16
-9999 -9999 0 0 0 0 0 0 0 0 13 7 28 33 33 25 23 85 45 186 127 216 462 276 501 1074 1211 1166 1293 1361 1527 1490 1545 1359 906 458 676 527 743 716 744 840 899 857 822 754 780 513 465 423 418 373 235 448 500 582 495 321 195 156 141 128 130 124 120 114 104 116 106 110 96 78 72 64 67 60 55 54 50 52 46 49 51 37 34 31 29 27 24 23 22 18 18 14 18 16
-9999 -9999 0 0 0 0 0 0 0 0 10 13 18 23 34 16 15 35 107 218 420 377 326 510 590 822 733 575 825 997 748 773 1308 1487 1177 881 550 278 497 619 443 443 757 837 897 843 676 571 447 441 286 366 258 308 466 525 427 223 255 180 152 156 146 128 126 109 107 126 104 95 75 75 74 70 67 60 55 53 49 49 44 43 41 36 32 33 31 30 25 23 20 18 16 17 16 15
-9999 -9999 0 0 0 0 0 0 0 0 1 20 8 18 21 14 12 38 75 154 175 214 304 304 484 656 791 412 747 792 569 702 974 1305 1266 1048 895 268 511 591 379 415 600 555 659 643 691 720 683 584 461 351 385 277 434 397 514 344 291 210 143 141 137 121 130 124 117 157 115 85 79 60 65 57 55 59 54 53 50 48 44 41 40 36 35 32 31 26 21 23 19 19 17 19 17 15
-9999 -9999 0 0 0 0 0 0 0 0 10 9 6 8 11 15 14 17 30 85 181 167 308 508 611 398 276 277 373 466 543 684 952 1166 1292 780 813 306 516 537 347 358 559 425 461 683 604 618 465 425 372 294 298 271 313 409 531 196 162 188 147 148 133 138 144 127 126 159 109 74 69 77 69 57 53 52 52 47 46 46 44 42 42 35 34 31 30 27 25 22 20 20 19 18 17 13
-9999 -9999 0 0 0 0 0 0 0 0 0 10 12 7 10 10 10 14 16 81 80 62 305 302 368 154 149 411 522 525 515 456 827 779 895 445 563 194 501 530 238 351 390 301 396 494 470 460 375 455 355 325 372 403 340 463 407 173 168 160 153 168 128 212 141 136 137 132 90 80 86 73 68 60 53 52 51 51 46 45 46 44 40 40 34 32 29 30 25 27 21 19 19 19 17 16
-9999 -9999 0 0 0 0 0 0 0 0 0 0 6 12 8 11 14 11 18 103 37 56 116 159 112 180 356 429 407 304 392 550 468 650 835 248 217 322 432 332 201 222 348 314 328 469 416 371 325 318 305 393 546 406 338 190 186 185 184 174 169 153 273 166 164 194 269 97 89 79 90 73 71 60 55 61 53 51 48 47 46 42 42 37 38 33 30 29 26 25 23 20 20 15 17 16
-9999 -9999 0 0 0 0 0 0 0 0 0 0 0 8 6 10 14 15 16 19 21 22 54 231 198 314 322 117 125 286 368 481 350 539 591 446 194 368 420 203 192 232 264 337 353 509 462 384 466 338 284 418 492 356 319 197 221 197 184 187 195 157 217 154 196 249 137 144 97 181 82 82 66 69 68 59 58 54 53 52 49 45 42 36 38 34 33 30 27 26 24 20 20 17 17 16
-9999 -9999 0 0 0 0 0 0 0 0 0 0 0 1 8 9 10 11 12 19 25 27 78 163 162 119 115 135 176 239 308 265 152 155 457 311 112 284 233 128 252 282 259 287 385 542 488 418 383 325 311 426 533 381 251 243 212 288 184 206 283 169 285 161 247 218 198 133 153 128 94 117 77 76 74 57 56 56 58 52 47 46 43 41 37 34 31 31 27 25 22 20 22 16 14 15
-9999 -9999 0 0 0 0 0 0 0 0 0 0 0 0 15 7 10 14 16 23 18 27 27 160 41 39 95 182 169 131 249 311 104 94 286 280 101 131 125 198 231 350 329 276 294 386 521 474 382 316 346 430 454 251 334 239 249 199 426 393 234 288 205 236 299 345 178 217 155 135 113 95 98 90 74 64 59 62 57 54 50 48 44 43 39 33 29 32 26 27 16 19 20 18 13 12
-9999 -9999 0 0 0 0 0 0 0 0 0 0 0 0 0 10 6 13 12 22 20 22 27 29 35 41 44 45 96 151 188 253 116 78 108 83 99 158 220 246 284 431 423 452 324 453 534 382 341 337 320 441 390 362 265 251 339 214 461 400 240 332 195 266 374 230 181 218 199 180 101 173 181 90 69 73 67 65 64 57 54 52 45 43 42 33 34 29 28 25 21 18 20 18 16 10
-9999 0 0 0 0 0 0 0 0 0 0 0 0 0 0 0 9 13 16 17 19 22 26 31 36 41 44 83 106 65 87 184 83 80 80 79 146 215 319 367 240 203 341 398 268 347 281 352 407 397 372 358 360 348 294 265 339 291 506 354 348 338 270 318 381 259 308 257 159 150 116 217 96 79 80 77 75 71 64 61 54 52 46 42 41 37 36 30 27 26 24 21 19 15 14 14
-9999 0 0 0 0 0 0 0 0 0 0 0 0 0 0 0 4 73 29 15 19 18 29 31 37 45 46 52 53 61 67 66 82 82 91 118 92 278 263 437 363 197 226 343 256 304 288 347 479 372 363 381 342 306 302 343 506 380 573 390 286 228 332 397 332 363 350 282 236 171 202 197 168 106 88 85 84 76 73 65 58 53 44 44 41 34 35 28 28 24 23 20 17 15 15 15
-9999 0 0 0 0 0 0 0 0 0 0 0 0 0 0 0 18 203 326 67 117 67 378 127 350 300 97 66 62 70 74 79 92 93 107 159 119 129 190 222 201 188 277 235 242 296 286 338 407 428 384 424 440 312 315 457 476 415 455 429 244 343 344 444 304 382 363 230 234 169 104 98 90 91 90 91 91 79 75 72 61 55 46 45 40 37 36 29 29 26 21 21 16 13 15 13
-9999 0 0 0 0 0 0 0 0 0 0 0 0 0 0 1 17 216 361 143 141 172 556 398 573 272 306 147 99 74 78 85 105 112 102 108 116 131 193 165 173 235 265 281 297 288 317 377 414 446 578 595 388 357 492 550 396 490 367 400 402 439 441 466 457 373 362 273 273 199 120 100 91 147 98 93 90 76 73 69 59 56 50 45 44 37 34 30 28 24 21 19 17 15 13 11
-9999 0 0 0 0 0 0 0 0 0 0 0 0 0 0 0 31 178 356 276 165 169 539 525 712 448 497 92 341 83 78 86 107 111 120 107 137 159 150 185 216 194 270 276 329 345 349 396 425 569 547 675 389 412 498 502 366 598 360 498 447 483 348 300 196 208 143 188 189 256 190 118 103 126 117 103 95 82 82 73 69 60 50 48 45 37 32 27 25 25 22 20 19 14 14 13
-9999 0 0 0 0 0 0 0 0 0 0 0 0 0 0 0 13 59 188 219 254 275 143 213 333 585 505 344 554 466 358 158 122 112 125 131 142 134 157 189 207 224 241 267 359 381 346 423 440 504 561 716 484 449 710 461 575 634 365 482 444 413 210 251 272 223 175 159 153 120 109 155 134 121 121 109 96 87 84 76 68 66 52 49 45 38 36 31 28 38 37 71 127 134 148 71
-9999 0 0 0 0 0 0 0 0 0 0 0 0 0 0 0 12 13 76 198 188 115 166 84 429 461 593 646 634 611 414 307 337 123 129 138 142 160 168 205 227 230 278 303 369 391 409 478 537 536 555 614 536 481 483 562 698 597 438 470 319 242 373 308 383 271 239 285 244 212 168 151 134 129 123 108 102 87 85 78 73 63 54 50 51 39 39 30 31 49 98 124 196 260 259 154
-9999 0 0 0 0 0 0 0 0 0 0 0 0 0 0 0 1 10 26 205 70 29 30 59 99 348 400 673 800 569 499 561 236 140 257 145 153 177 183 215 242 242 275 325 401 433 468 476 534 616 609 655 554 670 554 767 620 555 503 309 279 336 331 407 300 465 338 202 190 173 164 168 151 135 126 110 109 97 88 82 70 67 57 52 48 42 37 33 39 65 134 198 394 535 527 238
-9999 0 0 0 0 0 0 0 0 0 0 0 0 0 0 0 0 8 9 112 54 20 29 185 177 254 257 417 552 775 615 348 213 279 353 552 365 178 192 216 229 247 301 352 441 415 470 576 582 637 664 645 707 802 622 850 703 668 431 317 514 454 441 375 377 374 334 221 199 188 176 164 148 142 123 115 112 95 89 85 69 67 56 55 49 43 40 36 34 61 170 249 527 724 841 404
-9999 0 0 0 0 0 0 0 0 0 0 0 0 0 0 0 0 11 7 13 17 20 60 278 165 219 308 358 510 769 568 399 491 365 409 391 170 250 197 242 270 294 337 373 475 535 546 592 649 682 759 761 858 863 821 879 770 611 612 441 464 513 444 536 319 356 303 244 216 192 178 178 153 144 125 120 111 102 93 85 73 69 60 52 49 43 43 35 34 33 174 246 724 902 855 356
-9999 0 0 0 0 0 0 0 0 0 0 0 0 0 0 0 0 0 6 9 9 55 216 148 301 200 406 415 664 1005 879 598 691 558 552 471 272 375 199 233 257 288 339 383 501 555 592 623 667 726 803 781 841 882 1006 793 673 739 572 610 615 549 591 540 469 289 307 273 223 217 200 190 165 152 133 125 118 104 94 79 74 69 62 59 55 45 42 35 35 29 115 204 471 646 612 250
-9999 0 0 0 0 0 0 0 0 0 0 0 0 0 0 0 0 0 8 28 9 77 129 45 84 272 224 235 282 584 829 976 930 1133 688 374 199 205 208 239 271 336 324 382 483 489 564 653 675 793 820 826 949 885 975 838 945 711 661 651 722 757 531 457 326 366 420 326 291 216 203 191 167 153 132 120 115 102 92 80 80 73 60 59 49 45 42 41 32 26 28 99 170 173 189 101
-9999 0 0 0 0 0 0 0 0 0 0 0 0 0 0 0 0 0 7 14 12 23 22 37 128 277 466 440 572 575 575 1107 1229 1130 633 300 198 277 279 241 263 325 374 404 452 498 644 721 733 848 978 986 1034 1336 1142 1091 966 874 863 765 626 577 447 463 405 385 347 283 270 221 198 183 160 147 131 127 117 103 94 78 77 73 61 57 47 44 42 38 31 29 27 40 48 82 62 11
-9999 0 0 0 0 0 0 0 0 0 0 0 0 0 0 0 0 0 1 37 45 64 68 388 266 144 273 436 634 878 771 651 1105 857 416 281 205 327 230 244 283 323 340 436 466 535 652 710 797 858 917 1098 1219 1156 1221 965 917 976 880 629 577 603 502 486 423 384 364 294 278 227 209 191 159 141 120 116 111 96 94 76 72 65 57 51 43 41 38 32 33 24 23 21 18 14 57 8
-9999 0 0 0 0 0 0 0 0 0 0 0 0 0 0 0 0 0 0 12 55 119 35 71 312 423 258 436 614 617 668 729 837 930 676 743 394 574 416 249 265 341 382 452 533 587 701 751 816 1005 1247 931 942 1162 963 857 806 782 667 672 640 588 527 472 382 395 357 292 271 227 203 184 155 148 132 116 112 97 90 76 67 63 53 51 40 40 37 31 29 25 22 20 16 13 13 9
-9999 0 0 0 0 0 0 0 0 0 0 0 0 0 0 0 0 0 8 14 8 63 98 86 179 171 406 410 457 378 352 705 830 678 805 668 686 384 249 283 327 345 343 395 551 621 683 711 750 983 1029 973 1157 1191 909 876 724 958 973 589 811 611 498 413 391 357 292 258 224 197 199 186 160 147 129 115 111 99 89 77 72 65 58 53 41 38 33 30 30 20 21 19 17 13 9 8
-9999 0 0 0 0 0 0 0 0 0 0 0 0 0 0 0 0 0 0 7 9 68 113 242 249 336 244 280 334 531 541 672 508 573 239 412 435 289 265 290 283 399 396 420 530 582 692 750 791 903 1008 1347 1264 1129 1148 928 851 1036 929 785 735 522 380 408 429 370 319 272 248 187 196 181 154 142 122 112 107 91 85 76 68 63 55 51 42 36 34 28 24 19 18 14 16 9 8 7
-9999 0 0 0 0 0 0 0 0 0 0 0 0 0 0 0 0 0 0 8 7 12 12 68 58 67 218 401 284 507 703 611 246 393 214 288 426 391 297 299 299 347 381 446 532 576 668 708 679 822 820 874 942 1158 1080 1082 996 1045 932 735 823 638 632 629 479 359 310 227 223 205 190 168 149 139 117 108 98 86 80 72 68 60 51 48 37 39 35 25 24 18 17 15 11 10 6 7
-9999 0 0 0 0 0 0 0 0 0 0 0 0 0 0 0 0 0 0 11 8 13 19 13 16 15 73 239 308 209 302 264 324 93 127 191 354 361 324 364 305 357 410 434 460 553 624 644 766 743 781 842 876 994 897 992 1007 1085 1017 800 754 428 383 294 350 325 203 162 167 170 164 159 121 124 110 97 88 73 70 68 66 59 55 50 42 38 34 26 22 17 20 17 12 10 6 6
-9999 0 0 0 0 0 0 0 0 0 0 0 0 0 0 0 0 0 0 1 64 62 202 122 32 25 23 25 29 42 130 154 53 169 160 95 255 164 188 485 322 401 410 450 469 538 502 665 726 711 716 934 1039 1225 769 755 863 935 764 742 675 607 535 514 259 237 252 201 184 123 152 143 133 120 98 94 84 69 68 62 59 57 48 44 38 34 31 23 18 14 11 12 10 7 11 5
-9999 0 0 0 0 0 0 0 0 0 0 0 0 0 0 0 0 0 0 0 13 15 138 189 35 23 79 191 129 73 40 47 94 192 354 216 115 137 171 524 349 329 340 510 455 456 474 423 540 624 643 1077 1091 1381 855 790 429 637 561 566 767 442 536 460 400 355 322 269 184 148 114 125 129 118 93 89 85 68 58 60 56 51 46 44 38 33 29 25 18 12 13 7 9 8 3 10
-9999 0 0 0 0 0 0 0 0 0 0 0 0 0 0 0 0 0 0 0 11 78 24 314 298 228 38 175 300 212 127 183 236 422 512 283 122 155 276 321 234 261 297 394 431 395 498 425 463 568 711 891 1108 1087 788 723 546 380 493 523 620 464 463 305 343 241 184 196 127 107 104 97 100 98 95 92 81 70 60 52 47 47 42 35 35 32 30 21 17 11 10 8 7 8 4 6
-9999 0 0 0 0 0 0 0 0 0 0 0 0 0 0 0 0 0 0 0 0 11 13 20 93 162 158 83 61 78 89 136 306 541 695 390 266 221 169 228 202 279 271 316 390 338 342 383 535 609 720 1078 1107 1003 708 606 412 340 382 301 518 443 431 261 342 371 191 159 102 88 100 80 77 91 89 83 71 63 55 50 47 43 41 38 29 28 22 19 15 11 7 6 7 7 12 10
-9999 0 0 0 0 0 0 0 0 0 0 0 0 0 0 0 0 0 0 0 0 13 10 10 14 112 155 231 211 182 244 270 201 269 470 431 389 350 247 197 216 291 311 326 295 283 633 524 760 851 852 1008 905 781 723 708 746 755 552 443 357 468 456 373 197 213 216 238 189 93 78 64 78 83 78 75 67 59 58 48 41 40 38 33 32 24 22 16 14 7 5 7 10 10 7 10
-9999 0 0 0 0 0 0 0 0 0 0 0 0 0 0 0 0 0 0 0 0 14 10 11 13 15 20 139 37 173 224 384 244 375 361 345 397 408 314 212 213 233 303 296 266 262 321 463 733 609 605 994 744 619 551 531 550 517 515 440 618 221 341 342 241 167 173 75 124 53 60 75 73 69 64 58 50 50 48 43 38 31 30 31 22 24 19 13 10 9 3 10 9 6 9 7
-9999 0 0 0 0 0 0 0 0 0 0 0 0 0 0 0 0 0 0 0 5 12 12 15 13 15 20 24 22 65 200 650 520 368 456 531 371 281 137 145 174 198 233 204 232 224 373 343 419 664 826 957 916 665 441 417 416 421 371 329 358 184 405 312 158 128 93 80 59 71 69 71 65 64 57 55 44 44 41 45 36 29 26 25 22 18 16 11 9 8 7 8 9 6 5 13
-9999 0 0 0 0 0 0 0 0 0 0 0 0 0 0 0 0 0 0 0 10 10 7 15 18 18 21 22 23 47 148 607 645 549 501 549 264 217 109 133 153 212 226 203 206 311 545 717 781 868 789 980 1007 589 478 472 293 203 269 367 151 228 114 186 153 130 101 85 77 60 62 59 58 59 54 50 43 37 35 37 35 28 25 22 19 16 12 11 7 4 10 6 5 7 6 9
-9999 0 0 0 0 0 0 0 0 0 0 0 0 0 0 0 0 0 0 0 10 11 20 14 15 21 26 27 31 29 190 329 589 637 626 582 340 227 105 140 162 194 199 192 207 194 584 424 761 975 1008 940 1086 481 489 381 356 403 444 172 166 137 198 90 141 128 99 72 69 51 36 46 46 45 42 41 32 29 23 29 29 25 19 19 11 10 15 5 7 5 4 6 3 7 11 7
-9999 0 0 0 0 0 0 0 0 0 0 0 0 0 0 0 0 0 0 0 10 12 15 19 18 21 23 27 33 34 103 215 283 163 393 277 78 93 113 104 129 158 156 167 167 154 217 296 443 494 494 808 866 479 478 499 533 472 209 168 272 196 210 159 125 90 85 57 54 48 34 42 42 41 37 38 30 24 22 33 28 21 19 16 12 13 8 10 6 6 5 6 4 6 7 8
-9999 0 0 0 0 0 0 0 0 0 0 0 0 0 0 0 0 0 0 0 8 11 15 16 17 25 29 27 32 37 38 163 93 66 185 173 81 87 96 108 127 141 146 151 152 144 285 216 313 362 486 775 675 508 409 429 409 301 353 284 303 145 83 130 59 85 59 48 41 41 33 35 31 33 30 31 28 23 19 16 14 17 17 15 14 11 10 7 7 8 5 4 4 6 5 3
-9999 0 0 0 0 0 0 0 0 0 0 0 0 0 0 0 0 0 0 0 9 8 16 19 17 23 26 26 33 36 44 50 50 58 65 71 80 87 98 110 118 134 134 143 138 130 136 191 223 356 518 708 649 681 474 549 495 378 278 287 187 101 101 75 57 55 63 52 44 35 33 32 31 29 23 20 19 17 14 10 11 8 12 11 12 10 7 10 5 8 5 4 6 4 7 8
-9999 0 0 0 0 0 0 0 0 0 0 0 0 0 0 0 0 0 0 0 6 9 10 13 17 22 25 31 37 43 41 46 52 61 66 73 78 82 98 108 110 121 153 129 128 128 180 240 422 310 505 521 791 850 844 584 504 374 260 142 148 102 70 74 54 49 56 49 37 31 29 32 27 23 21 18 18 12 10 9 9 10 8 10 10 9 9 6 5 7 5 3 8 4 7 5
