testing/tambora_topography.txt
ncols         150
nrows         150
xllcorner     595107.92893918
yllcorner     9072852.8610178
cellsize      201
NODATA_value  -9999
[rows 46 to 91 of 150, columns 0 to 95 of 150]
203 222 229 227 242 238 243 193 235 212 233 238 250 231 207 225 153 231 229 252 243 227 246 222 178 214 210 242 208 231 241 227 224 240 233 232 217 232 228 221 249 246 244 254 250 243 212 233 240 240 242 165 236 223 245 249 248 254 240 233 236 246 242 251 244 248 235 238 0 0 0 225 38 0 0 187 158 184 194 245 233 217 207 181 198 163 249 232 239 240 191 227 198 236 168 0
222 215 212 227 243 232 229 207 238 231 246 250 239 206 205 238 193 210 239 232 232 236 243 227 217 199 221 235 232 228 242 245 237 228 250 248 229 233 241 243 249 248 245 243 246 248 209 232 248 225 250 210 230 226 254 239 253 251 243 221 244 248 238 247 249 248 251 222 0 0 42 237 38 62 0 233 147 187 210 251 177 243 145 203 99 190 249 254 241 229 196 217 177 74 102 130
222 218 224 205 179 148 117 170 194 236 249 248 238 198 222 243 192 183 237 241 238 237 242 229 223 213 202 224 226 244 240 248 245 224 244 219 241 246 227 249 252 254 249 250 244 238 238 219 252 235 251 230 197 241 254 243 254 251 250 215 240 230 248 245 247 246 251 45 0 0 218 242 49 1 0 250 191 123 204 233 235 214 130 146 81 170 240 236 226 222 246 211 57 184 183 126
211 214 235 226 159 145 93 187 204 233 237 242 232 195 213 220 196 178 227 242 243 237 249 241 238 225 156 222 232 237 243 240 231 238 223 235 252 246 233 251 244 244 251 252 241 243 236 240 242 247 251 245 180 250 253 250 241 254 251 233 232 231 240 245 245 248 246 60 0 159 175 237 0 15 0 238 249 120 137 209 232 220 53 53 136 192 171 234 219 218 227 249 18 214 156 178
212 208 238 206 181 162 234 252 225 215 207 211 215 186 201 175 190 230 185 241 241 247 231 236 239 238 230 207 217 226 222 232 239 247 242 223 246 241 228 244 248 250 232 245 250 226 243 228 254 246 246 249 180 254 254 246 244 247 251 246 229 223 232 236 252 219 212 108 84 144 186 216 0 58 0 234 246 252 108 203 217 224 0 0 222 222 84 209 240 213 219 101 38 135 163 217
232 211 218 204 227 240 207 205 232 245 252 236 208 195 204 186 192 209 172 224 233 226 236 211 228 233 232 232 221 226 239 237 239 240 232 236 204 248 251 248 243 197 218 246 247 242 240 251 236 251 230 244 216 246 249 252 252 246 237 251 253 231 237 224 246 246 239 192 158 168 187 7 13 0 83 234 222 229 138 200 235 237 0 101 223 228 122 146 236 224 231 0 100 172 225 166
211 248 210 210 177 194 220 232 247 235 217 212 200 203 187 199 220 207 210 181 243 247 239 227 214 242 238 241 235 217 194 239 246 220 232 220 222 233 242 248 217 246 249 248 235 240 252 250 237 253 245 228 234 251 245 249 252 250 205 251 253 243 234 233 212 249 244 202 123 107 80 38 26 25 227 226 232 234 167 199 218 151 103 158 210 205 58 136 228 197 5 0 238 220 207 25
170 204 160 221 214 218 233 243 205 185 170 161 188 189 193 182 189 211 142 199 227 229 248 236 230 240 244 234 235 206 221 234 237 235 214 242 246 248 248 245 250 250 252 232 237 246 232 246 244 253 233 221 234 250 251 240 252 250 238 254 255 248 246 238 203 215 242 196 121 98 87 71 64 80 236 230 232 233 193 185 148 96 111 226 227 52 112 210 217 82 51 117 210 247 0 0
216 204 185 164 71 176 178 191 197 120 199 132 160 196 174 171 117 76 209 228 228 223 210 195 215 216 222 232 243 224 135 215 241 236 242 233 249 238 224 250 250 247 250 234 249 247 249 227 244 228 233 228 230 237 253 222 253 248 249 250 251 249 248 246 228 189 217 199 100 73 71 102 95 156 224 234 224 226 247 188 85 100 156 236 246 94 159 214 224 0 60 204 217 56 0 71
222 168 112 101 224 235 237 220 145 199 180 232 242 80 95 96 65 207 213 227 225 218 201 224 192 133 233 230 216 230 185 165 202 231 251 234 230 231 241 244 241 253 225 250 249 250 248 230 226 223 251 235 220 227 255 249 247 253 241 242 252 247 246 246 225 191 199 172 0 8 43 145 157 194 203 225 233 236 238 200 116 79 206 224 243 158 187 197 131 88 195 198 118 64 63 83
149 62 94 236 219 212 203 223 244 244 246 235 113 173 209 238 221 213 160 182 198 200 213 183 166 235 208 166 214 234 192 50 179 161 216 200 231 236 249 244 217 217 237 250 254 234 238 239 253 253 203 247 223 204 222 220 235 248 250 238 246 237 250 250 219 106 0 0 0 0 0 98 213 208 209 245 205 236 238 185 170 154 189 214 210 165 147 155 154 144 163 131 72 51 52 77
65 241 236 192 147 162 227 191 175 216 178 70 134 240 248 233 223 229 237 241 224 188 180 209 228 214 225 238 248 124 104 98 202 197 82 117 110 96 131 243 250 245 243 246 248 226 249 252 253 246 244 207 249 226 223 183 191 251 239 240 252 247 239 232 0 1 0 0 0 0 0 0 91 0 0 0 0 1 0 89 217 173 155 175 171 124 137 121 155 135 107 128 123 119 123 89
251 229 235 246 217 241 152 155 145 91 66 194 249 241 214 211 213 230 243 242 246 226 238 208 210 236 231 164 129 204 182 160 206 202 224 227 219 244 244 165 202 218 224 217 217 239 245 249 251 235 233 239 217 252 238 193 97 244 219 248 73 0 0 0 0 0 0 0 0 0 0 9 0 0 116 0 0 69 0 81 36 182 110 127 130 160 134 154 129 139 121 109 130 102 118 129
210 188 228 237 176 227 238 248 240 221 247 252 233 148 155 107 157 157 174 224 243 243 205 237 228 173 107 205 230 202 246 212 225 236 248 219 232 252 250 249 211 204 158 195 213 181 196 238 239 251 236 205 188 215 252 251 27 221 226 243 0 0 0 0 0 0 0 0 0 0 0 0 0 0 0 0 22 50 0 29 40 81 140 130 110 170 161 161 123 155 133 121 118 100 136 67
121 163 192 133 100 156 145 195 185 194 228 226 90 169 142 194 184 180 182 139 139 154 197 241 220 242 227 253 241 254 251 243 200 238 246 237 247 219 250 241 222 228 253 253 251 247 252 241 250 245 241 251 221 221 235 247 119 151 239 0 0 0 0 0 0 0 0 0 0 9 0 0 1 0 0 0 0 1 34 41 1 88 124 180 142 172 134 106 118 108 96 96 80 119 110 148
167 212 209 191 158 123 157 151 122 146 146 56 238 232 251 250 237 224 224 238 206 160 83 40 47 30 154 251 238 106 91 156 198 229 244 245 250 217 252 223 243 236 225 243 251 244 214 245 232 238 248 241 200 152 165 226 220 131 0 0 1 0 0 1 1 0 0 0 3 0 99 0 0 0 9 0 26 23 35 16 122 99 117 147 153 113 110 121 91 101 81 67 64 98 56 83
231 188 226 234 230 245 235 111 213 233 212 248 249 199 95 85 164 226 232 159 203 242 247 250 243 249 253 244 237 223 236 230 215 230 162 145 192 236 223 252 252 249 249 188 232 236 215 226 241 251 217 236 248 200 211 228 252 0 0 0 1 59 11 0 1 0 0 30 27 0 46 0 2 2 0 0 0 31 96 78 81 99 116 141 187 131 114 100 66 60 65 44 68 78 71 55
226 215 179 157 192 217 207 239 243 248 228 179 93 42 242 251 225 243 250 235 217 217 235 248 194 197 191 175 190 189 226 169 244 167 191 180 135 55 48 142 159 95 67 242 248 179 156 255 246 249 180 248 249 231 207 195 39 0 0 0 0 50 0 0 0 6 53 83 78 101 106 2 47 140 150 169 95 148 114 104 97 88 89 91 88 79 100 93 43 22 22 72 89 114 91 81
68 0 18 109 107 117 217 205 144 122 57 66 179 245 238 183 232 238 185 232 235 212 252 239 250 229 213 201 55 49 60 40 72 71 120 136 236 238 243 102 93 146 213 233 226 232 236 230 232 185 101 240 249 239 247 225 0 1 0 0 0 0 0 1 21 0 0 72 111 112 127 146 175 195 185 159 117 183 146 121 104 82 79 76 68 20 95 93 46 91 61 76 103 92 62 101
22 254 243 233 200 186 141 79 20 68 208 254 249 253 234 220 254 253 230 161 126 128 174 202 218 192 229 217 230 234 226 239 246 253 243 254 252 246 253 221 226 249 206 188 254 250 169 116 83 78 217 184 254 240 251 230 100 0 0 0 24 73 42 0 0 0 110 111 115 114 127 147 175 189 206 179 161 197 172 136 110 76 68 60 62 67 44 64 81 62 88 39 96 96 76 78
234 247 244 247 221 173 191 196 250 241 252 242 237 198 184 147 175 163 161 241 174 116 137 142 102 140 149 203 176 188 223 243 251 234 220 251 232 252 248 251 252 155 233 170 131 221 241 239 223 224 226 157 240 246 232 227 61 0 0 0 20 44 0 0 0 0 114 132 130 136 128 147 171 192 199 157 175 217 167 138 107 62 54 78 57 14 110 53 102 85 69 55 86 74 76 88
223 243 223 225 202 208 171 237 240 220 245 242 216 219 92 143 191 221 195 33 187 244 241 217 181 221 212 154 118 165 116 118 159 200 246 249 236 174 237 172 94 140 234 236 244 234 205 250 253 227 197 242 252 237 216 220 0 0 0 0 0 0 0 0 0 0 18 146 114 102 132 159 182 192 182 172 200 217 212 196 119 41 70 50 32 54 156 169 153 44 82 46 71 88 93 91
222 179 128 155 193 237 149 233 187 223 133 118 136 54 214 236 231 241 72 44 178 213 200 222 244 128 95 113 127 133 157 133 88 49 40 22 38 195 212 118 177 223 246 240 249 253 254 239 233 254 244 217 231 221 94 1 0 0 0 0 0 0 0 0 0 0 140 161 149 158 175 179 174 185 173 186 205 162 142 56 21 115 30 35 85 178 68 138 168 49 72 61 54 69 102 75
171 163 230 234 222 163 141 200 219 168 202 165 131 177 145 144 195 150 0 173 230 155 189 186 105 171 211 121 111 162 190 224 251 244 244 204 211 175 39 249 241 208 204 246 254 247 244 240 239 232 251 252 249 220 0 0 0 0 0 0 0 0 0 0 0 150 170 161 166 177 160 179 175 183 195 200 220 214 187 189 229 102 104 105 110 167 218 167 98 39 70 54 50 81 67 89
165 185 163 149 146 215 206 176 207 237 245 221 238 207 241 167 104 88 253 251 207 218 127 117 71 121 41 166 247 251 246 249 254 251 212 225 247 231 244 212 250 239 228 219 234 184 224 247 238 251 242 239 218 0 0 0 0 0 0 0 0 0 0 0 154 180 156 164 162 159 153 177 203 159 185 190 176 180 166 171 139 167 238 167 109 64 61 147 208 116 48 58 35 62 81 62
233 211 215 233 228 187 161 148 209 148 159 181 188 205 237 200 241 251 224 183 208 145 177 127 168 212 254 243 235 185 193 240 163 126 205 208 242 248 248 207 69 118 136 36 0 52 95 151 184 236 253 235 198 1 0 0 0 0 0 0 0 0 0 27 137 146 143 159 158 169 180 192 175 162 189 166 182 151 148 218 234 223 94 84 190 151 173 193 171 218 44 42 79 73 73 48
238 235 192 183 168 104 166 109 200 220 181 167 207 198 36 0 1 197 104 104 165 189 231 249 105 57 248 252 254 240 106 0 20 95 31 0 92 37 93 0 105 98 0 0 39 139 166 163 159 163 248 253 203 0 0 0 0 0 76 58 117 132 33 51 110 117 146 143 146 166 190 138 181 175 154 141 163 158 159 150 46 30 77 157 118 157 142 163 174 94 67 54 65 64 21 14
173 126 146 132 149 165 107 248 143 113 125 72 133 31 0 0 70 93 23 87 55 118 108 20 93 246 193 169 203 45 0 0 182 196 244 249 250 243 255 254 192 69 148 240 227 224 203 190 197 150 106 69 28 0 1 51 25 11 0 22 56 51 1 96 8 127 183 179 176 181 166 159 199 194 191 189 177 167 193 177 239 251 241 239 219 191 217 199 210 240 32 37 30 35 40 58
147 151 212 136 137 175 229 73 120 142 166 194 172 0 10 252 242 230 237 222 138 97 64 6 193 139 171 109 55 0 19 253 239 229 248 248 244 224 226 197 191 243 245 235 247 243 241 244 251 112 62 46 65 51 124 105 29 0 1 0 33 6 0 0 0 26 151 172 165 159 163 176 176 166 180 180 181 179 239 229 181 196 189 187 184 194 216 218 239 57 24 13 27 32 46 11
213 181 136 157 226 208 137 118 177 170 153 174 0 0 250 237 239 233 206 211 213 230 168 178 86 54 35 12 53 0 230 242 239 245 251 251 239 228 235 251 149 205 243 232 209 239 236 240 161 59 49 202 231 237 203 190 0 0 0 0 31 38 0 217 150 100 158 176 163 163 167 170 166 167 180 180 180 180 216 117 131 198 230 217 175 182 209 180 122 5 10 4 1 0 21 15
87 217 217 212 173 203 118 142 126 144 130 0 129 250 235 198 130 109 185 191 219 202 230 243 247 241 222 231 247 251 248 230 220 237 239 188 79 125 140 105 178 243 223 235 240 229 241 187 1 79 222 211 225 242 215 0 1 0 0 1 78 1 175 194 0 1 157 142 150 143 161 178 167 181 180 180 180 184 228 213 192 234 241 248 201 199 111 104 232 0 6 0 0 0 22 0
200 219 185 151 167 109 123 116 206 191 0 209 253 246 235 214 214 146 32 153 121 191 231 242 246 207 182 206 248 253 212 182 192 161 99 11 9 0 38 172 202 238 237 244 246 251 105 0 0 195 174 164 184 225 26 0 0 0 0 0 14 34 0 0 105 193 128 112 136 153 162 202 159 178 180 195 209 232 246 249 248 246 233 237 155 207 214 227 224 0 12 4 24 1 0 0
186 129 100 114 128 142 125 173 117 54 27 229 230 194 152 199 131 127 108 126 192 160 101 101 117 205 231 243 235 98 86 167 66 6 2 0 0 62 112 208 216 230 210 218 221 8 0 0 0 191 195 190 214 227 0 3 0 0 0 0 0 1 0 236 222 76 82 101 145 124 208 200 162 162 211 230 250 237 223 217 187 243 244 231 199 236 219 191 55 55 4 0 0 0 24 39
114 103 163 112 167 154 121 152 73 42 249 223 145 123 183 107 73 95 194 237 185 149 248 253 243 206 176 77 53 73 151 27 0 115 0 178 250 240 238 226 201 249 242 234 0 0 0 0 115 95 138 175 170 158 12 0 6 35 39 78 0 0 240 233 223 97 143 80 112 120 218 200 204 173 231 236 242 236 162 241 225 237 238 212 215 206 219 242 42 15 0 1 0 11 10 19
104 161 172 179 232 100 160 126 74 246 173 121 141 151 103 149 231 248 244 192 227 234 191 44 26 70 75 116 248 128 123 253 240 248 246 249 178 213 234 237 228 126 131 115 0 1 0 9 170 190 162 147 122 117 104 75 25 0 1 14 19 0 234 228 198 183 137 66 98 51 218 222 253 100 188 233 248 241 166 242 245 226 224 213 217 239 223 215 0 1 0 0 19 4 13 35
212 175 114 109 73 154 192 104 246 242 252 245 239 210 209 234 196 159 235 206 210 180 12 56 173 217 249 253 122 48 210 183 0 13 20 32 218 202 186 49 49 133 156 0 0 0 139 240 206 217 227 197 137 89 114 0 20 27 54 51 78 104 215 233 186 225 156 3 41 6 227 205 243 142 170 227 253 226 221 234 248 216 220 222 215 236 218 0 1 0 0 0 44 20 56 76
140 169 169 208 170 190 44 233 220 240 248 249 251 227 190 193 228 239 193 212 157 34 139 244 232 244 224 208 21 90 187 0 248 236 212 230 229 237 197 37 123 160 14 0 0 2 184 66 94 167 121 90 61 125 59 217 117 24 69 48 110 107 195 218 183 208 164 79 58 74 143 195 224 226 152 219 238 242 250 245 252 217 214 219 226 229 23 0 0 0 0 0 47 55 85 114
203 108 118 208 0 225 243 187 109 117 128 218 251 254 253 236 92 118 121 7 197 222 234 247 245 245 219 204 0 181 160 207 226 215 240 247 218 47 0 134 154 141 0 0 0 95 139 90 182 126 98 0 46 112 217 225 215 1 18 84 130 133 148 140 193 187 176 84 108 3 122 208 160 232 166 163 230 247 254 245 250 218 224 216 220 179 0 1 0 0 1 24 44 70 100 119
129 73 119 65 73 225 130 156 211 233 195 100 97 106 54 67 97 37 131 116 182 173 208 226 185 84 151 101 0 221 109 173 130 42 139 0 0 0 204 169 159 53 0 0 157 160 125 164 182 71 17 216 136 119 142 191 0 0 0 164 237 139 83 29 152 210 164 149 141 37 113 103 215 234 164 163 222 221 231 235 234 210 226 222 221 0 0 0 0 12 50 15 63 102 123 104
81 105 100 42 238 172 122 193 150 141 156 161 79 66 114 103 103 114 56 129 217 229 231 146 37 188 166 14 6 112 60 145 78 173 18 0 69 235 166 141 80 0 0 156 202 194 246 232 159 91 223 149 225 230 227 125 0 0 0 47 96 0 29 43 105 198 206 68 0 70 158 141 145 180 119 234 230 180 162 206 217 227 223 16 0 0 2 0 0 17 11 29 109 132 137 133
135 123 101 247 145 69 122 174 158 209 207 226 220 228 197 144 141 115 152 234 223 204 186 18 187 217 49 67 1 192 146 225 173 144 0 214 231 156 103 131 111 0 31 245 244 239 197 0 91 100 190 223 193 127 93 48 0 0 39 143 90 0 78 163 153 137 165 144 130 129 134 181 163 166 128 175 174 193 176 191 204 236 63 0 0 0 0 1 14 7 29 80 89 121 150 98
209 50 219 173 194 206 147 161 177 198 202 208 245 239 93 106 126 233 241 233 206 198 34 200 234 157 0 86 150 164 222 140 175 0 210 239 89 157 207 117 56 1 218 167 210 144 26 14 122 239 245 39 86 113 86 28 0 0 0 54 3 0 88 65 42 126 254 162 149 133 143 178 150 149 172 178 144 165 192 198 208 0 0 0 0 1 19 22 29 12 7 87 90 106 85 82
108 108 218 137 183 194 189 190 223 219 228 224 205 78 53 145 141 179 159 156 149 110 78 219 137 50 0 0 203 185 133 21 59 141 189 96 240 242 173 183 20 242 230 197 99 62 0 138 244 138 0 175 198 103 62 0 1 0 1 56 24 27 117 45 41 112 54 0 0 31 170 229 189 196 200 128 75 209 81 0 1 0 13 0 7 18 27 19 0 39 0 92 83 83 64 58
35 245 86 182 180 47 114 211 226 205 182 129 125 48 166 243 243 186 187 194 187 20 117 20 1 0 1 254 226 155 253 249 236 239 250 248 250 237 141 161 131 210 67 81 73 1 34 213 233 123 246 224 28 109 17 32 1 0 0 92 102 85 78 43 106 101 41 0 0 50 0 0 25 1 0 0 4 0 0 0 0 9 53 30 28 13 37 8 26 18 0 94 83 70 80 52
224 111 80 183 50 239 242 153 182 177 175 176 75 119 229 155 177 150 167 131 43 0 35 51 190 197 246 148 235 251 252 244 242 251 240 222 100 35 131 135 104 150 107 213 63 163 235 245 0 193 121 0 114 100 0 12 0 0 0 176 124 96 37 95 87 68 0 0 45 56 0 2 22 15 0 1 0 0 7 0 0 22 61 31 5 1 0 18 30 32 62 108 88 67 67 53
96 133 239 78 242 221 224 244 215 196 179 85 229 190 111 189 203 97 10 1 0 252 232 235 240 219 231 214 244 252 227 229 211 220 201 34 25 13 186 182 235 165 183 0 63 229 204 0 147 44 0 61 138 42 0 91 0 0 36 144 10 50 116 51 60 59 10 20 61 49 15 24 8 39 0 0 27 32 28 0 16 52 68 9 0 6 50 28 7 41 49 75 86 58 58 66
