testing/tambora_topography.txt
ncols         150
nrows         150
xllcorner     595107.92893918
yllcorner     9072852.8610178
cellsize      201
NODATA_value  -9999
[rows 92 to 137 of 150, columns 0 to 95 of 150]
186 205 34 227 223 205 190 221 231 218 196 236 181 212 238 61 0 52 213 245 234 254 211 224 198 198 202 206 162 196 198 217 155 136 0 0 184 254 245 231 196 64 36 154 236 209 17 75 157 14 51 139 70 28 0 64 0 1 69 162 0 115 43 64 98 88 53 73 81 25 7 27 81 47 0 29 38 32 33 35 9 54 56 17 0 0 13 17 25 54 42 83 59 66 78 43
217 28 242 243 212 226 242 246 250 229 224 237 236 207 0 0 176 241 254 223 196 149 182 145 159 181 143 130 182 101 121 59 61 1 0 225 233 199 146 156 93 78 37 200 140 0 21 204 22 24 67 82 110 48 0 75 0 0 103 85 16 86 61 84 118 97 73 51 71 30 11 78 72 3 0 11 50 58 41 20 21 75 19 12 11 11 34 15 63 58 62 49 87 73 54 57
192 247 211 218 222 202 215 216 0 0 34 14 30 245 241 232 111 165 133 157 168 171 168 158 135 85 71 102 91 136 108 6 0 200 246 252 185 131 134 128 67 168 44 180 139 0 131 66 132 49 159 134 31 20 1 23 67 27 9 107 90 50 82 115 97 72 51 48 15 0 49 82 30 0 0 32 46 54 23 15 29 46 42 44 21 37 51 43 81 36 72 73 113 70 79 60
237 176 161 162 161 135 168 1 0 198 233 208 227 241 107 135 149 129 105 127 131 174 177 116 138 62 91 102 187 100 0 205 245 138 107 138 111 207 145 183 111 1 213 28 37 213 151 1 0 194 155 67 0 22 23 75 74 0 16 77 119 80 68 60 60 93 59 24 0 27 69 80 18 23 12 51 35 14 38 22 40 53 29 59 33 65 77 53 76 54 80 99 89 56 51 44
184 197 213 199 197 201 167 0 38 228 232 173 120 70 133 133 108 127 116 178 129 122 75 106 68 103 66 123 55 0 189 197 50 76 173 116 193 233 107 138 39 123 83 173 223 155 1 0 249 176 45 45 17 19 87 118 82 0 189 0 139 123 150 179 101 86 52 30 1 19 51 46 61 24 22 48 23 27 37 29 49 28 41 36 42 62 64 56 60 81 69 121 96 130 140 128
203 213 184 188 126 119 0 143 231 252 183 136 97 81 154 101 177 154 168 155 120 144 122 125 107 120 55 162 0 229 215 104 100 159 122 133 199 181 146 84 72 180 191 157 55 82 0 236 194 28 36 64 0 46 107 75 2 0 188 140 94 166 141 92 65 76 51 2 33 24 67 56 79 31 23 53 61 29 22 13 30 31 43 73 107 93 96 62 63 69 115 124 113 130 92 93
176 148 167 188 154 0 0 234 233 168 178 108 119 127 135 161 146 145 134 139 157 97 75 150 88 81 158 8 252 225 135 107 132 128 92 176 130 84 128 72 182 70 111 110 91 108 0 143 77 31 41 53 29 66 85 57 0 188 155 55 126 149 93 67 35 26 19 13 58 42 75 68 65 19 44 68 55 12 35 11 60 70 64 100 109 107 112 97 87 137 141 120 97 111 111 151
207 183 199 148 23 0 232 180 163 128 112 166 123 146 133 139 99 104 146 179 84 107 188 140 111 141 137 168 148 125 129 126 97 135 189 170 167 116 0 139 124 53 169 170 72 107 25 154 85 61 57 53 71 152 70 8 104 119 125 164 158 113 83 75 50 42 42 67 96 73 53 90 81 59 71 69 51 0 55 46 80 51 70 111 83 128 145 128 144 155 146 139 114 111 115 137
152 184 138 44 0 206 167 134 137 105 184 152 136 156 141 128 155 157 204 153 65 89 147 102 91 183 75 238 172 168 207 106 159 202 143 175 188 152 11 191 102 127 165 65 30 39 103 132 93 83 146 125 162 97 38 0 131 34 129 171 157 126 89 77 58 68 98 83 73 101 76 104 55 70 59 36 37 37 71 69 46 65 116 91 121 142 155 205 192 192 126 122 97 105 100 108
179 72 0 0 254 251 103 86 90 116 132 114 123 131 160 183 124 186 151 69 101 194 166 200 238 135 156 171 152 172 132 133 200 164 214 186 124 168 99 146 99 204 119 117 37 2 186 128 52 219 178 158 150 99 55 36 75 90 82 182 117 89 88 63 83 52 58 105 47 71 39 104 71 55 56 78 59 42 104 64 63 101 108 126 147 164 198 218 214 124 82 87 94 83 81 96
46 73 238 250 239 163 136 97 106 140 138 84 131 140 153 152 150 142 112 119 66 112 168 157 175 68 230 124 129 137 88 200 185 205 182 189 200 83 167 93 205 108 134 97 37 92 187 72 188 158 143 143 95 74 110 107 96 134 135 162 136 128 102 74 70 50 81 53 30 38 87 139 79 90 73 81 58 53 76 83 67 117 117 152 163 179 164 164 97 51 65 72 57 90 79 113
181 248 242 210 177 180 133 113 165 162 39 139 176 115 136 146 92 159 131 119 152 220 199 167 63 151 148 166 136 171 222 207 219 184 165 167 39 183 146 208 123 126 111 77 13 176 119 163 163 148 139 85 60 26 91 14 159 167 195 164 103 100 74 62 71 52 63 55 38 71 130 115 97 117 54 66 81 51 65 95 83 120 147 148 135 127 122 126 56 53 24 46 76 69 50 81
251 211 171 147 154 119 117 109 148 81 216 214 135 122 133 133 80 159 92 152 225 171 161 47 138 217 235 233 209 203 166 166 146 120 134 126 242 210 218 112 126 70 119 78 61 158 113 202 164 144 115 89 36 44 95 80 160 198 207 153 97 129 110 94 55 63 47 91 82 65 138 127 66 64 59 70 67 34 72 98 92 106 124 136 125 115 145 104 59 41 36 34 45 44 39 83
160 164 162 154 182 191 217 214 243 210 211 154 178 99 108 93 174 223 223 178 119 161 81 199 185 138 53 97 186 176 110 171 146 137 226 212 161 145 128 87 98 94 142 119 106 158 210 187 158 133 96 112 32 123 156 167 187 216 205 158 123 195 101 101 67 81 78 80 57 117 131 61 21 79 75 63 39 59 95 100 121 88 129 123 118 124 115 72 37 39 31 56 81 56 48 80
166 163 177 155 210 142 150 196 174 181 193 179 121 131 213 220 238 172 159 125 89 216 248 158 221 199 191 149 112 42 111 193 247 175 151 191 151 117 142 109 122 163 159 97 158 195 181 141 153 104 71 44 135 162 162 179 179 172 165 157 193 218 9 75 69 77 63 69 65 89 107 56 31 122 71 39 64 60 85 139 84 116 137 127 108 128 107 70 57 58 44 52 44 48 38 63
118 168 147 200 109 173 212 206 179 176 155 122 197 206 200 183 181 96 141 174 246 215 160 129 197 184 193 144 62 242 250 240 144 216 209 171 151 108 174 106 144 124 112 67 184 149 163 113 107 111 101 80 134 145 153 177 140 146 160 163 134 42 0 92 41 83 89 98 75 114 95 111 113 151 83 82 91 107 105 121 140 138 156 154 157 158 139 103 103 61 76 68 93 40 72 81
156 188 185 170 178 145 189 122 146 156 187 185 173 183 139 146 142 152 221 207 183 147 131 171 175 189 164 109 240 197 192 122 192 198 182 143 94 3 128 88 159 162 90 175 156 154 151 135 165 146 88 113 133 167 199 147 153 151 162 144 107 70 51 90 90 97 85 96 59 114 121 95 137 147 81 83 129 124 129 134 108 121 162 186 211 192 122 113 82 78 72 81 109 56 63 72
187 202 179 188 99 216 221 243 227 247 254 222 225 201 214 170 157 155 196 192 162 94 140 173 170 191 188 208 162 182 170 141 173 169 128 104 126 0 113 91 114 106 204 152 167 162 163 146 169 107 89 150 167 179 128 108 126 175 155 108 43 78 58 96 77 94 68 82 74 124 97 127 155 120 62 107 193 153 111 148 110 146 152 165 166 116 95 105 86 93 64 61 58 50 58 57
235 158 171 148 189 173 178 198 214 177 169 171 134 181 108 159 152 192 167 121 160 145 182 173 163 155 90 217 166 185 80 142 150 153 113 115 44 67 99 50 161 219 125 144 142 146 115 153 128 75 86 154 138 110 122 122 178 212 103 43 131 144 56 79 51 74 72 97 69 123 68 142 97 105 103 222 252 83 100 131 137 136 150 158 122 100 82 105 101 88 60 58 44 55 59 64
102 124 153 130 139 159 226 212 204 222 187 16 167 88 66 167 68 133 175 174 155 149 192 178 139 121 39 144 147 129 123 181 147 139 89 85 91 85 110 169 215 160 129 156 151 136 160 153 88 74 107 161 125 114 141 144 171 75 99 66 123 50 31 65 50 80 69 110 74 119 89 144 114 108 152 153 119 0 80 141 114 139 166 123 122 141 67 81 70 74 38 65 44 60 59 59
183 210 159 168 162 213 172 205 158 119 107 175 134 120 163 168 188 206 190 119 149 195 155 98 180 86 217 162 137 126 173 137 142 128 93 112 56 208 49 196 168 156 184 176 182 176 144 136 64 74 140 163 100 142 158 148 137 98 100 31 113 60 2 68 82 76 63 100 72 122 109 143 136 165 148 136 45 0 94 126 126 144 133 105 133 74 39 89 42 47 83 67 82 81 91 82
172 146 153 137 194 186 202 135 196 175 150 139 109 103 157 140 215 172 129 116 146 126 106 139 131 149 168 152 170 203 165 128 142 143 106 59 115 205 238 202 192 168 194 208 206 220 238 123 106 130 156 105 89 143 123 128 156 119 97 68 157 61 30 78 86 50 92 115 112 164 161 152 154 165 178 180 61 84 158 119 105 136 110 113 122 83 65 61 70 73 63 64 63 92 92 66
155 121 150 218 193 218 224 230 199 148 184 135 145 193 151 230 145 111 160 164 203 146 142 180 122 181 190 168 199 145 128 107 154 111 108 97 210 85 186 172 167 183 197 177 186 205 161 89 127 87 141 109 100 128 136 175 169 124 77 135 177 71 53 82 74 74 100 132 151 168 155 148 177 180 177 81 76 100 149 87 125 136 96 122 109 75 54 68 73 58 60 38 45 76 93 108
114 169 227 197 217 191 177 198 195 147 86 136 159 119 204 196 158 185 137 152 121 119 165 167 165 185 199 176 159 116 61 157 120 123 148 114 94 204 177 195 181 201 162 175 184 156 93 138 111 92 143 77 119 159 189 172 111 100 53 159 157 42 61 50 67 122 137 172 175 151 161 174 163 175 103 78 88 103 103 92 138 120 131 124 121 86 47 59 53 58 90 22 75 66 106 103
145 205 218 209 142 142 171 158 119 130 105 171 145 153 183 158 200 198 198 177 180 144 151 180 134 188 78 95 110 132 107 129 99 107 97 157 226 168 190 176 193 158 174 197 160 174 167 135 73 94 116 108 133 163 183 102 89 79 56 137 97 49 53 74 118 131 163 178 168 137 173 176 199 162 120 113 130 134 139 163 116 136 110 109 88 91 41 65 74 64 59 47 68 92 116 113
196 179 153 192 165 165 164 134 133 142 168 167 85 213 196 125 182 183 125 125 138 152 196 93 153 83 172 145 153 108 157 74 190 228 162 155 179 186 217 176 172 179 165 161 160 153 93 57 73 78 129 147 103 152 148 75 78 135 127 160 138 114 76 148 149 134 164 135 175 155 185 184 162 126 121 147 141 155 134 162 117 97 97 107 84 73 41 71 61 50 68 63 74 120 125 114
173 196 216 168 119 164 124 143 123 157 152 128 187 198 188 158 154 137 142 176 138 195 137 50 168 137 198 110 118 122 126 161 184 117 141 185 178 172 137 140 167 167 152 140 146 106 69 53 82 77 122 141 116 164 129 46 153 149 116 142 125 92 104 154 137 163 177 168 198 198 233 186 140 169 159 160 125 132 121 110 96 110 116 82 83 102 86 83 101 105 111 95 146 155 151 144
189 165 150 166 127 164 174 141 184 114 136 153 243 213 162 121 114 155 134 171 132 144 126 157 138 185 146 143 105 149 75 167 106 141 191 202 149 164 166 151 184 147 133 135 105 52 65 87 62 62 139 152 108 171 7 49 101 92 199 148 123 112 164 136 133 177 190 178 181 184 203 208 93 157 146 136 142 109 128 139 120 141 98 98 80 99 123 133 148 92 125 154 164 184 164 135
198 193 168 138 169 160 178 181 169 109 160 224 174 192 132 208 184 177 189 116 152 168 171 168 180 165 133 127 108 154 146 153 145 157 179 163 161 125 164 174 152 147 127 117 81 90 82 82 63 117 159 144 107 99 10 135 167 189 153 132 118 173 156 126 192 200 175 180 192 213 215 181 43 134 129 110 110 114 148 136 154 164 42 42 75 127 120 104 149 98 133 125 191 215 163 139
193 132 173 201 198 188 184 202 154 198 178 163 146 136 198 169 168 220 160 68 167 185 145 106 120 110 120 182 139 95 154 131 164 197 156 156 161 155 147 156 146 111 104 95 98 118 75 96 83 132 124 133 84 43 119 187 208 200 212 130 158 128 115 169 181 145 141 151 200 194 191 154 108 148 107 108 98 117 130 129 29 54 0 85 108 101 108 116 139 111 138 168 241 239 148 127
162 175 189 185 195 194 190 161 194 170 169 203 171 217 138 84 215 131 87 149 137 188 151 155 109 164 183 163 184 95 158 122 200 159 159 151 157 145 169 187 159 131 125 109 100 103 92 103 114 157 133 109 87 100 168 242 227 216 138 129 105 149 129 154 112 85 132 156 176 161 156 117 115 115 100 88 104 105 104 125 84 89 102 156 155 127 160 120 132 125 170 183 176 79 41 158
187 191 208 196 200 140 171 197 180 159 172 187 199 156 107 128 132 165 72 152 150 199 59 106 168 176 161 133 134 111 134 179 154 158 166 161 140 199 172 154 106 99 114 96 116 112 102 138 92 147 118 123 136 115 206 139 108 123 136 134 182 120 154 122 109 101 144 164 150 156 101 118 104 113 109 129 123 105 89 84 130 110 189 168 130 132 105 127 143 132 194 186 196 160 185 177
189 204 200 196 158 206 200 157 168 84 199 152 166 152 108 215 124 110 100 164 197 154 97 131 153 160 171 160 172 92 143 188 120 168 168 145 115 170 151 137 108 98 115 120 144 83 114 120 107 115 119 136 103 137 125 155 203 185 188 206 145 105 138 127 109 119 161 163 145 122 103 124 113 85 84 84 88 66 82 95 102 134 158 150 115 151 132 140 123 155 189 180 192 193 169 125
190 177 175 168 173 166 130 179 152 206 208 170 185 151 101 163 128 125 147 166 175 106 118 161 149 100 117 130 108 53 179 112 132 143 117 129 147 164 136 102 105 116 100 104 98 77 96 133 118 134 137 147 115 131 188 203 216 209 171 149 118 121 137 88 123 151 170 151 145 92 128 90 111 84 80 80 79 81 101 121 120 143 158 139 126 138 104 144 152 191 187 171 178 177 182 151
196 169 174 153 174 164 177 190 101 202 114 132 131 111 139 190 129 137 170 156 130 111 122 175 110 120 172 135 119 88 106 107 137 140 120 124 181 111 118 105 100 111 134 119 80 98 118 124 131 148 154 126 135 172 174 210 217 200 185 143 108 122 124 130 163 137 165 133 130 155 146 88 82 43 58 77 74 80 69 124 128 166 184 146 134 139 127 158 180 198 141 160 161 180 195 134
111 172 179 156 178 166 174 98 135 187 223 194 179 136 140 213 157 141 133 140 138 155 152 169 149 164 121 113 126 119 167 144 137 122 133 164 163 122 120 127 104 132 117 104 92 120 119 101 177 151 109 150 174 163 208 157 146 117 181 132 123 151 149 153 129 139 151 165 168 125 109 78 85 74 82 86 56 67 73 147 133 198 253 103 118 123 146 164 190 137 168 158 180 194 171 160
152 197 177 193 156 155 186 160 208 200 159 206 191 52 221 169 140 138 124 146 145 162 144 160 134 134 142 167 165 170 165 160 169 203 210 177 159 116 110 129 118 120 136 117 126 147 122 132 136 122 122 129 149 174 120 146 168 163 135 114 151 125 113 143 130 158 177 161 146 121 104 89 100 98 81 98 76 63 85 154 125 197 157 77 47 118 171 156 162 135 155 188 204 161 162 146
202 166 170 165 176 175 195 129 168 153 191 197 146 87 186 138 125 159 141 140 153 164 184 133 110 118 144 196 127 172 158 152 180 183 152 163 121 115 161 146 136 138 149 119 121 149 125 141 156 127 133 151 164 132 177 163 183 162 115 78 122 124 113 124 117 147 136 114 118 136 119 115 152 100 98 91 91 64 72 129 102 100 55 119 118 187 132 99 154 86 186 164 159 144 148 135
180 187 178 162 188 202 152 188 154 171 193 183 88 120 200 146 152 173 144 138 161 177 150 120 104 177 170 180 181 171 189 192 188 178 159 128 183 141 151 150 155 139 122 130 140 162 138 157 165 164 153 151 134 188 182 208 169 126 100 87 126 137 94 113 97 138 151 116 104 107 109 129 105 80 83 83 97 83 98 113 96 138 176 172 190 147 114 134 158 137 137 154 148 154 128 132
179 174 182 177 185 193 143 154 125 204 185 142 93 155 189 160 169 160 111 157 166 157 143 118 135 167 174 200 155 172 166 149 163 149 142 181 169 181 178 142 109 91 119 126 147 154 163 149 175 176 130 115 155 175 184 200 166 126 111 104 113 99 104 110 133 141 112 114 104 116 109 104 72 55 87 93 103 92 118 122 139 159 155 175 143 117 100 141 158 169 167 183 126 134 154 202
193 196 195 206 195 184 181 146 199 197 189 138 49 202 161 140 154 129 119 165 156 160 160 120 142 165 197 166 181 182 168 155 139 152 176 207 185 177 142 161 161 187 164 171 175 166 157 148 96 106 84 100 163 174 177 140 101 132 125 94 89 116 133 114 131 135 129 110 96 93 76 100 79 85 81 89 65 108 116 127 135 150 157 139 121 113 116 141 147 116 158 106 122 149 162 149
199 194 181 171 181 64 141 137 160 201 185 169 59 155 61 213 136 150 170 128 165 152 116 104 145 192 172 160 179 160 156 140 168 133 174 144 167 144 179 161 178 157 161 178 166 177 180 125 108 127 94 75 183 142 80 104 105 107 89 88 110 99 141 108 119 120 125 117 97 105 110 101 99 105 80 79 104 105 148 157 145 138 132 121 110 137 146 124 148 131 116 101 145 156 153 158
186 174 148 156 148 83 121 133 211 88 105 142 174 103 171 175 164 161 150 146 165 151 149 72 207 186 184 188 202 143 127 136 150 168 160 184 171 178 180 156 147 153 173 164 192 187 167 117 102 83 95 135 153 81 106 166 116 108 62 98 114 99 136 98 123 128 126 126 98 111 102 116 128 92 106 94 113 141 152 148 151 133 142 153 146 115 109 121 104 103 109 128 131 123 151 107
147 137 140 156 152 118 121 193 128 28 175 24 148 5 181 134 154 168 134 151 126 155 36 200 185 191 171 157 136 118 124 122 153 169 168 161 141 120 130 138 183 194 201 183 196 158 139 114 72 120 143 177 121 125 163 176 99 94 98 132 148 151 124 119 165 128 105 141 83 96 132 141 108 93 98 123 119 126 115 120 156 144 158 144 97 138 124 109 90 147 117 138 162 156 129 89
149 125 170 166 158 129 117 218 108 106 97 144 103 77 203 175 168 170 145 156 149 70 171 196 207 195 165 136 133 122 134 157 154 180 174 166 102 135 175 189 161 200 144 174 161 156 128 127 171 170 155 150 112 159 180 175 107 117 95 152 125 140 137 114 137 123 107 113 128 106 143 119 123 115 129 119 144 129 132 131 142 131 138 113 115 146 142 113 132 174 125 157 156 127 128 80
136 170 205 158 142 189 165 178 83 146 179 175 157 162 187 150 172 126 131 161 156 149 192 210 177 182 169 132 173 126 152 164 186 188 153 138 172 182 168 225 216 188 150 178 166 162 146 131 166 167 160 164 171 213 197 169 129 160 138 146 143 114 115 151 147 116 153 163 120 120 144 114 120 115 121 134 118 113 140 153 104 104 136 116 126 128 109 121 147 123 134 150 124 88 111 85
