testing/tambora_topography.txt
ncols         150
nrows         150
xllcorner     595107.92893918
yllcorner     9072852.8610178
cellsize      201
NODATA_value  -9999
[rows 0 to 45 of 150, columns 0 to 95 of 150]
243 224 206 230 217 231 215 189 226 183 150 107 238 233 209 229 236 223 234 237 230 222 244 233 226 185 204 224 225 210 115 185 242 222 235 246 153 207 214 203 192 73 251 253 86 102 251 242 237 221 231 142 211 177 194 174 209 216 194 213 101 247 177 231 181 124 85 254 99 196 248 252 109 207 213 228 222 222 238 176 232 221 192 149 142 234 229 142 147 196 222 236 236 129 145 227
232 227 200 236 194 229 223 180 235 211 174 127 209 145 227 220 247 239 241 242 238 226 234 242 234 172 210 220 220 196 148 179 252 235 231 247 158 192 180 221 236 72 246 240 176 63 249 230 254 237 233 157 177 200 178 158 192 196 217 222 102 210 132 244 252 228 125 251 125 180 248 223 171 210 249 238 185 248 201 180 215 214 200 115 182 244 236 73 168 228 252 223 252 163 117 223
236 227 223 243 214 230 204 174 246 232 146 152 229 218 188 238 239 211 230 236 233 227 248 242 224 165 226 228 234 209 164 135 241 250 217 239 209 142 162 233 239 214 228 219 137 127 248 233 247 244 243 183 174 194 147 141 163 208 214 208 177 101 199 249 224 247 36 241 181 94 237 223 204 248 246 215 156 243 160 177 193 236 225 107 232 240 224 29 173 246 254 222 235 227 170 156
224 225 219 243 222 223 188 183 242 217 165 111 235 93 190 105 207 196 234 234 218 229 238 241 206 211 228 234 227 232 211 155 208 214 227 243 187 204 62 242 213 250 224 228 35 182 231 240 242 254 250 201 190 166 122 104 101 201 216 168 195 112 252 240 222 242 99 170 247 0 247 248 248 248 242 162 125 237 202 143 224 232 229 124 239 241 228 10 211 230 240 202 230 234 111 125
241 216 209 238 233 210 179 213 231 177 133 58 253 189 191 225 191 174 240 203 233 230 227 226 224 218 222 241 220 217 222 125 164 240 243 245 187 207 64 242 181 250 247 202 65 217 247 250 238 252 245 192 149 133 94 60 98 200 210 107 108 32 254 238 240 213 51 187 129 0 252 243 241 236 222 124 156 218 218 94 232 226 238 181 236 209 131 0 250 227 249 204 248 219 0 232
141 213 235 241 225 216 206 215 211 186 60 230 254 245 141 141 167 186 240 213 239 231 223 238 215 239 228 231 224 223 220 126 203 250 237 242 205 196 137 112 215 254 249 207 77 212 247 220 253 247 247 126 120 101 83 73 135 178 171 209 156 167 192 192 248 229 94 206 9 42 240 248 229 240 165 154 93 246 191 106 202 227 254 209 243 155 25 55 246 249 207 226 252 111 0 244
226 240 209 235 209 222 198 204 231 161 173 247 159 250 225 138 154 233 159 231 219 240 214 227 247 252 221 230 228 242 223 141 242 208 223 243 248 196 202 86 211 243 224 238 92 149 245 251 237 247 226 166 147 139 114 108 141 147 112 239 113 155 196 155 234 254 225 123 0 66 237 236 198 156 169 82 34 254 123 192 121 241 247 250 253 86 0 81 245 245 163 227 245 0 181 237
192 187 243 229 205 224 213 224 234 174 151 242 160 229 246 187 135 211 229 155 234 241 221 240 241 241 220 216 216 246 203 197 234 218 243 231 247 233 233 115 14 249 245 247 247 108 195 238 238 222 119 170 146 139 74 99 147 191 251 243 243 0 203 215 174 201 239 51 86 68 231 248 140 121 104 90 175 231 175 144 180 215 253 250 254 122 0 135 233 242 199 218 253 0 234 230
202 229 160 246 227 232 222 237 227 218 140 205 185 249 247 224 115 211 247 228 188 249 226 245 224 235 228 235 204 250 211 171 253 236 228 191 249 250 245 61 0 232 247 243 250 211 185 194 249 232 183 173 190 182 63 66 145 253 229 238 232 0 250 237 226 212 159 34 69 175 231 78 159 178 94 215 177 72 146 192 203 229 226 253 253 43 64 0 181 240 248 227 83 237 232 122
223 222 68 225 221 239 238 207 225 244 19 248 187 217 227 246 176 98 221 118 190 178 237 232 233 220 237 251 202 250 202 214 254 246 234 204 202 248 215 0 4 234 219 243 253 251 237 160 217 250 240 206 197 192 63 57 123 234 246 235 59 0 239 212 247 239 208 132 59 205 242 0 157 108 179 212 149 42 195 207 181 222 211 247 251 119 0 28 230 228 248 244 14 240 242 72
233 211 90 250 221 231 245 208 212 245 15 245 227 148 229 246 211 98 207 216 166 238 249 228 249 217 220 253 233 238 173 237 254 252 210 234 162 252 207 1 228 235 198 239 248 250 233 233 182 233 238 205 212 186 28 41 82 194 201 241 101 29 231 228 201 224 232 206 128 199 106 24 131 101 222 194 106 32 207 204 176 239 240 253 253 4 85 46 201 240 244 192 0 214 229 116
192 152 241 246 226 232 245 221 224 242 47 250 253 149 185 215 218 174 43 247 78 245 234 235 234 206 241 237 213 226 215 217 253 252 225 242 168 242 167 0 254 205 232 172 240 244 229 253 212 216 222 201 195 196 130 62 75 251 189 113 131 0 239 215 237 232 241 213 112 0 0 0 75 205 167 142 105 13 215 226 186 247 234 250 253 14 91 26 211 201 254 75 0 220 204 226
175 164 241 233 216 246 238 217 213 238 82 132 210 185 99 222 218 166 72 178 166 124 144 218 246 227 233 223 216 250 235 222 252 243 243 237 191 217 204 25 224 198 213 200 244 234 246 251 244 231 219 200 194 179 221 48 57 123 168 233 120 0 226 230 222 242 254 140 0 0 78 117 131 207 161 161 1 109 227 209 209 240 176 225 252 76 73 163 221 240 239 10 8 241 245 240
175 209 205 245 229 239 234 199 195 245 89 158 231 235 23 231 202 205 158 171 81 254 192 229 238 229 222 227 228 246 243 217 250 240 251 236 203 163 238 19 233 242 188 204 235 222 235 243 252 235 225 223 181 172 215 124 91 113 231 244 163 0 226 223 244 231 226 0 0 26 108 140 209 186 147 58 145 100 222 239 194 234 214 186 193 113 134 192 229 251 247 41 176 180 225 219
195 164 230 238 242 227 217 222 209 243 103 146 240 231 99 233 222 230 221 231 209 217 207 220 177 205 238 237 233 240 252 199 217 239 241 240 213 166 239 47 236 236 174 212 223 197 244 254 248 240 202 227 184 203 205 198 142 57 193 212 169 22 223 241 212 251 0 0 23 74 142 194 178 221 106 165 224 16 183 219 197 222 218 198 205 243 146 203 232 253 231 160 196 74 224 180
203 195 226 240 226 220 219 191 226 232 179 140 240 211 175 131 244 224 244 249 149 202 223 236 169 224 229 249 236 233 244 213 152 246 250 230 231 173 222 107 231 227 202 193 214 244 244 249 237 236 227 225 200 221 222 213 137 26 89 165 244 230 227 248 247 35 0 0 52 101 206 184 187 195 11 245 200 79 35 224 219 226 213 112 128 170 128 180 188 177 195 224 226 0 0 221
209 181 189 236 209 229 225 222 224 222 197 174 251 226 198 128 208 188 240 241 220 222 210 245 218 183 222 223 214 234 229 229 165 237 234 229 218 202 161 225 220 226 233 215 189 247 251 252 240 239 222 222 221 235 226 219 160 0 81 109 236 194 233 251 247 0 0 53 120 164 206 178 132 45 184 239 217 94 63 130 226 225 196 174 126 23 62 116 120 58 159 182 228 0 253 237
133 234 197 224 219 222 207 185 219 219 205 178 233 243 248 233 85 235 242 173 238 233 233 245 160 243 211 241 174 232 250 230 217 222 231 232 222 216 187 208 253 244 249 221 204 245 253 253 250 249 236 225 231 237 245 214 157 68 0 191 223 223 220 242 166 0 0 101 191 147 171 182 132 234 145 250 250 119 93 31 201 225 193 226 163 227 176 196 228 169 238 231 121 37 233 234
216 230 187 230 210 216 203 210 242 224 213 201 225 244 242 241 118 152 201 180 227 231 234 213 131 238 245 183 198 191 233 184 201 234 236 237 238 220 230 212 223 234 230 242 206 246 240 255 253 246 249 176 232 233 247 217 158 155 185 182 177 246 243 188 0 0 132 237 173 174 124 159 229 251 144 161 238 59 152 0 149 229 211 235 211 142 163 200 251 242 236 231 66 149 227 222
216 207 178 217 200 187 223 219 245 200 232 243 211 211 239 229 205 87 236 223 172 227 212 192 172 212 193 223 224 245 226 233 240 240 232 243 239 215 238 210 224 209 247 230 235 235 246 247 250 251 247 202 219 215 230 203 193 166 226 155 168 242 250 0 0 47 186 246 154 161 15 253 247 245 141 229 236 123 154 0 43 168 229 217 226 217 152 139 140 125 67 80 92 175 199 235
187 189 193 216 169 211 233 234 240 214 219 222 232 193 223 217 230 170 151 240 179 202 240 165 235 201 218 203 202 250 238 230 205 233 231 247 239 242 167 239 239 170 246 233 246 242 240 240 252 251 250 220 224 193 197 194 183 185 217 147 190 251 239 0 7 151 209 222 159 17 162 249 249 231 87 253 252 150 142 21 132 2 169 220 218 225 183 98 92 54 145 13 110 253 166 239
191 218 219 229 205 212 235 240 196 178 207 246 241 232 186 215 230 166 165 210 198 180 245 208 223 188 234 251 206 197 204 241 239 248 233 243 227 244 198 245 233 193 243 240 237 245 241 237 242 243 246 243 222 191 164 149 206 216 209 167 197 231 159 0 126 157 196 187 125 23 250 243 249 240 108 244 249 184 62 0 1 44 252 170 215 225 225 230 133 62 31 161 111 196 236 208
203 219 228 200 229 223 211 221 230 238 239 234 235 197 119 240 215 176 237 213 213 215 246 234 208 201 252 242 249 222 221 211 226 240 227 234 225 238 229 223 234 218 209 247 241 249 229 231 230 225 217 218 223 152 143 163 211 216 209 175 217 238 42 30 119 201 144 143 162 123 254 241 244 210 155 214 214 71 0 0 4 113 237 234 77 200 219 206 210 201 135 109 122 210 155 204
229 226 197 228 242 214 226 234 218 222 232 218 217 224 167 246 236 214 227 141 225 231 235 222 227 243 218 231 246 181 171 199 227 237 229 239 252 225 235 240 227 226 214 228 228 220 228 196 229 236 224 162 138 181 212 205 217 189 204 216 227 233 0 57 181 191 102 154 170 164 248 248 199 230 225 195 239 0 0 125 169 41 233 233 192 89 219 248 225 213 178 141 142 127 94 126
221 229 224 218 250 229 229 221 208 205 214 224 250 226 157 251 226 208 234 192 187 241 227 241 239 234 215 214 223 242 131 238 244 245 244 254 251 218 217 238 223 237 207 211 231 222 233 211 224 233 224 246 242 251 228 203 203 164 199 236 168 186 10 147 166 134 169 129 205 125 254 252 213 249 246 196 0 0 131 160 188 61 246 251 215 97 130 207 222 219 232 218 154 141 188 129
217 227 230 207 253 229 234 178 204 198 229 241 250 212 170 209 208 230 236 214 204 190 222 229 229 229 214 230 227 226 126 233 226 247 249 253 245 205 150 245 240 245 191 218 221 238 221 225 216 223 218 193 157 181 197 146 202 167 202 235 156 181 92 161 101 142 135 219 151 27 252 254 234 236 245 64 0 82 159 217 165 131 249 244 249 224 109 152 195 234 245 191 157 143 109 61
223 214 248 232 254 244 233 197 93 204 236 234 231 176 227 140 205 222 232 206 217 211 228 237 235 245 240 226 190 225 155 247 252 234 167 223 254 138 124 252 240 248 208 204 198 243 248 222 243 224 244 247 244 236 237 222 217 198 193 239 155 229 118 120 101 130 226 226 6 172 229 251 253 236 253 0 0 150 161 207 170 32 219 244 252 238 160 2 177 205 224 228 170 148 221 199
232 230 248 253 233 253 237 162 143 236 222 245 197 208 242 132 242 250 239 204 239 221 223 224 249 195 216 230 203 247 219 173 185 232 252 243 217 38 190 218 230 236 216 202 205 235 244 221 248 235 224 248 234 238 233 233 223 194 183 215 197 245 151 48 190 144 221 104 15 227 201 222 224 252 237 0 0 149 178 156 29 122 208 251 231 220 0 54 143 241 238 253 250 174 178 191
190 204 199 182 204 203 173 148 211 199 244 251 220 192 205 214 167 222 234 222 201 227 233 234 248 231 225 240 236 204 226 232 162 234 91 122 110 47 238 214 227 214 205 221 180 236 235 240 241 233 225 241 223 235 230 242 220 172 198 197 243 232 70 180 224 159 240 5 114 241 195 167 212 241 42 0 14 113 87 63 177 191 231 227 233 84 0 125 231 242 240 253 230 242 206 224
244 216 189 96 64 55 105 67 177 194 246 253 221 180 195 191 198 198 211 236 172 235 230 233 247 207 203 239 226 201 235 241 201 170 228 211 153 79 141 169 185 230 229 222 222 210 208 208 193 241 226 216 236 228 239 252 234 195 189 236 233 184 111 244 208 201 191 50 111 227 234 123 196 40 1 0 72 98 189 210 130 200 211 214 229 0 73 195 189 242 227 206 245 231 213 239
232 210 222 206 232 168 163 110 162 196 205 205 233 228 37 190 186 193 231 202 176 230 249 199 200 222 185 223 228 207 174 235 230 178 239 234 244 252 243 231 187 224 207 219 200 214 193 218 220 225 226 221 227 208 214 228 149 219 222 237 237 149 149 216 239 237 206 158 98 244 218 138 0 0 74 155 163 96 238 196 155 153 164 190 88 47 200 239 202 210 219 252 213 231 223 225
203 195 220 200 215 204 222 230 225 241 231 168 91 26 85 191 186 206 224 237 209 223 231 224 245 209 214 236 216 198 213 212 225 217 224 250 225 247 201 215 224 241 235 236 218 223 212 213 196 225 217 226 205 218 237 199 160 206 223 217 207 218 184 236 242 229 219 224 153 228 198 167 12 16 89 150 138 147 216 170 186 153 168 192 117 0 236 233 165 110 227 227 238 226 224 87
176 165 143 163 189 161 206 182 223 205 204 210 181 140 182 195 181 175 215 243 218 244 228 216 221 224 216 227 218 210 223 190 226 229 218 237 211 220 225 248 224 212 208 201 222 221 209 204 224 206 234 230 200 233 234 228 221 231 229 201 217 244 186 237 237 239 219 218 214 231 203 148 0 5 92 77 71 246 196 173 191 173 170 29 15 84 252 185 182 138 247 194 89 85 77 202
229 232 241 232 206 229 210 210 219 229 204 200 172 187 178 164 191 197 228 212 206 213 185 188 206 234 232 235 210 204 216 228 225 226 231 240 211 231 221 230 234 240 226 188 222 233 176 245 222 218 217 230 200 230 221 215 224 225 216 168 226 246 229 192 250 229 222 232 180 223 213 0 0 0 97 74 210 223 187 210 170 151 33 74 142 225 230 223 200 225 145 250 228 163 111 60
227 219 194 230 211 192 196 178 205 197 198 208 213 180 193 190 181 206 219 203 227 226 232 230 232 183 204 229 226 222 226 219 227 211 210 227 222 211 224 231 223 229 225 204 221 218 184 241 237 204 242 229 231 215 238 219 241 232 220 238 245 246 241 212 229 242 228 241 171 214 144 0 0 91 183 47 234 181 206 193 174 3 108 189 159 252 252 147 235 177 214 179 220 154 236 224
159 181 222 223 211 204 243 225 218 202 195 206 193 189 196 184 203 219 209 195 225 211 227 229 228 215 222 220 224 207 247 214 227 215 220 206 231 208 234 226 226 228 232 244 202 237 225 235 240 221 220 223 222 220 238 230 212 215 227 246 247 248 242 218 235 242 225 229 196 120 0 0 82 94 47 24 246 198 207 181 22 0 177 188 166 241 199 130 251 246 251 240 224 204 163 104
198 185 144 147 172 181 217 210 219 206 208 211 194 177 201 207 224 235 241 225 216 230 219 209 202 225 233 227 203 202 223 232 209 237 219 229 184 174 224 217 234 231 234 225 213 213 225 213 243 231 197 236 232 223 220 217 234 231 252 241 253 246 250 218 231 211 251 211 53 1 0 100 130 107 106 232 202 204 186 165 0 223 151 120 144 226 138 138 230 221 247 223 242 130 230 228
209 231 246 232 201 180 191 213 219 204 175 213 212 178 211 192 235 230 241 198 217 240 220 237 233 221 209 223 229 231 231 229 208 227 229 221 227 232 183 229 222 241 214 209 219 236 211 227 239 241 210 217 247 227 242 228 232 235 243 250 252 242 252 157 235 216 249 1 0 0 0 132 103 113 169 234 179 185 165 154 86 224 118 0 187 215 198 248 234 221 178 188 241 122 193 209
232 229 252 190 238 233 243 230 161 183 151 225 198 212 215 207 208 224 242 223 218 252 229 244 211 245 242 218 223 231 230 227 198 243 238 234 237 179 248 219 223 216 225 238 230 216 236 225 232 250 216 190 246 233 224 239 223 244 247 248 233 251 249 205 238 233 150 0 0 30 194 143 53 0 242 215 163 171 165 180 180 224 107 78 183 215 46 193 172 246 248 221 203 170 210 162
217 232 187 234 228 242 220 203 218 206 244 208 213 220 182 229 248 237 243 247 240 244 231 235 248 225 209 232 227 230 233 223 221 220 225 223 217 234 174 221 219 231 233 237 236 244 226 190 220 226 222 214 240 238 227 237 242 238 246 244 247 239 247 221 237 210 53 0 41 162 199 0 0 220 222 82 134 142 167 188 196 231 161 184 189 114 1 132 231 211 235 225 213 212 205 0
222 195 240 229 226 244 175 235 221 212 233 209 203 217 230 240 240 234 236 248 244 248 242 232 248 224 233 205 214 225 229 216 222 242 215 227 220 211 194 221 236 212 231 179 206 245 252 237 230 239 243 200 243 248 240 250 247 240 246 220 250 236 220 211 227 223 126 0 45 216 204 0 252 225 111 36 178 161 181 190 209 245 223 241 147 2 0 176 186 153 161 144 119 111 174 69
234 221 229 234 244 234 204 202 236 200 248 225 237 213 229 225 245 237 235 217 232 240 232 246 228 222 194 176 224 228 209 226 233 241 193 245 219 220 205 216 219 201 204 241 208 195 223 237 227 235 237 206 228 243 252 247 247 229 240 225 248 250 254 251 233 221 142 0 105 207 32 168 180 135 75 164 168 179 165 224 233 254 44 0 55 0 247 243 172 184 180 195 164 213 242 140
175 239 223 251 253 231 206 187 215 232 223 240 241 231 225 223 240 226 245 240 240 235 245 249 224 222 191 178 233 241 218 235 220 195 201 238 227 243 210 230 212 249 229 227 241 248 236 247 226 245 201 237 191 251 243 238 246 238 246 243 243 252 248 248 234 237 190 59 156 162 117 116 130 120 91 83 151 206 164 232 197 226 0 187 48 63 237 211 203 57 235 254 203 135 144 243
229 244 243 250 240 221 240 203 240 222 226 245 242 202 228 191 223 227 242 242 232 242 236 223 214 196 174 171 222 232 242 204 239 238 238 234 241 244 228 220 223 243 250 248 226 230 250 237 249 252 223 231 208 249 251 250 241 251 238 231 243 249 239 232 230 232 218 183 193 147 105 96 138 73 124 4 184 202 180 226 206 241 6 218 73 131 249 170 192 182 225 195 182 166 203 238
216 244 245 248 232 232 234 194 222 206 247 248 241 225 232 213 209 223 175 189 219 240 227 215 194 176 176 206 223 200 201 218 215 230 225 221 224 250 223 203 243 251 241 254 243 225 237 243 231 232 160 237 232 241 253 250 245 253 237 235 227 248 236 249 242 241 210 211 240 78 0 12 239 22 1 82 175 151 220 209 231 243 155 209 149 128 236 253 251 216 253 215 252 183 185 194
222 240 228 239 223 228 245 203 223 232 244 247 238 230 224 204 214 212 186 209 194 130 109 165 212 211 173 228 225 240 240 224 211 243 243 239 235 229 229 207 255 231 254 245 247 252 196 244 221 222 231 184 228 220 238 246 232 250 228 237 237 229 241 236 233 244 208 235 225 1 0 241 214 1 11 146 164 184 213 225 241 219 219 196 145 131 241 244 225 224 255 254 207 241 233 144
