testing/tambora_topography.txt
ncols         150
nrows         150
xllcorner     510146
yllcorner     8986719
cellsize      1342
NODATA_value  -9999
[rows 86 to 128 of 150, columns 0 to 95 of 150]
180 184 176 182 182 205 186 109 180 180 180 180 180 180 180 180 180 180 180 180 180 180 180 180 180 180 180 180 180 180 180 180 180 180 180 180 180 180 180 180 180 180 180 180 180 180 180 180 180 180 180 180 180 180 180 180 180 180 180 180 180 180 180 179 182 178 155 176 171 89 114 154 152 160 114 143 173 191 139 137 37 121 165 132 167 163 205 96 201 93 201 0 132 162 252 0
169 182 173 168 181 190 199 215 181 180 196 183 172 180 180 180 180 180 180 180 180 180 180 180 180 180 180 180 105 180 180 180 180 180 180 180 180 194 199 180 180 180 180 180 180 180 180 180 180 180 180 180 180 180 180 180 180 180 180 180 180 180 180 180 180 180 178 184 180 175 166 170 183 182 142 127 134 116 154 167 144 149 201 158 161 176 182 122 160 160 91 239 0 217 239 204
184 176 192 189 218 187 184 189 238 246 189 224 236 200 194 180 180 180 180 180 180 180 180 180 180 180 180 222 185 187 221 134 167 193 214 188 177 190 192 180 180 180 180 180 180 180 181 180 180 180 180 180 180 180 180 180 180 180 180 180 180 180 180 180 180 180 171 180 157 170 177 162 168 164 147 154 160 181 164 180 123 158 157 151 170 209 98 232 229 81 84 151 159 250 118 98
187 203 198 210 188 20 50 183 155 0 28 175 195 243 127 178 180 180 180 180 180 180 180 180 180 180 180 194 170 209 5 170 194 181 154 125 158 173 167 180 196 180 180 180 178 180 180 180 180 180 180 180 180 180 180 180 180 180 180 180 180 180 180 180 180 180 180 180 169 162 172 173 170 158 183 162 163 161 167 152 171 178 197 157 167 234 96 119 186 245 187 0 170 0 172 96
68 106 64 106 248 88 194 94 183 195 0 98 148 176 247 230 249 73 186 181 180 180 180 180 180 180 181 193 190 158 195 184 196 218 247 209 201 217 151 193 170 190 176 180 180 176 180 180 180 180 180 180 180 180 180 180 180 180 180 180 180 180 180 180 180 180 180 180 180 180 180 182 163 170 172 175 174 170 168 171 176 123 162 178 151 162 124 131 161 140 253 44 167 191 126 246
220 87 0 229 0 121 243 27 101 53 46 151 115 122 200 250 167 185 208 175 162 180 180 180 180 180 195 164 125 182 197 170 223 235 197 229 3 121 184 186 194 175 220 192 180 180 180 180 180 180 180 180 180 180 180 180 180 180 180 180 180 180 180 180 180 180 180 180 180 180 180 180 222 170 166 171 104 136 119 180 180 185 181 169 173 163 237 27 116 130 42 102 94 140 208 83
251 68 160 250 127 243 31 0 135 4 254 100 193 202 197 177 196 214 164 192 181 54 137 201 180 181 111 168 152 104 168 180 169 87 68 55 173 156 154 179 199 186 167 73 172 180 180 180 180 180 180 180 180 180 180 180 180 180 180 180 180 180 180 180 180 180 180 180 180 180 180 180 180 150 180 180 180 180 180 180 180 180 180 186 158 220 245 4 243 239 97 40 131 35 45 174
253 115 0 75 229 226 0 0 0 239 0 171 229 198 215 22 213 113 189 248 232 174 183 221 184 157 190 174 130 85 198 174 188 175 177 188 198 208 178 180 185 103 197 245 180 176 188 183 180 180 180 181 180 180 180 180 180 180 180 180 180 180 180 180 180 180 180 180 180 180 180 180 180 180 180 180 180 180 180 180 180 180 180 177 131 187 178 163 209 240 0 88 81 139 118 156
247 144 144 0 222 191 250 247 216 222 62 180 247 190 188 58 161 0 178 149 177 0 206 160 45 186 182 198 149 177 229 175 182 190 185 197 154 85 140 180 214 232 230 138 180 180 193 188 180 180 180 186 180 180 180 180 180 180 180 180 180 180 180 180 180 180 180 180 180 180 180 180 180 180 180 180 180 180 180 180 180 180 180 182 134 184 250 139 203 0 101 80 4 197 191 117
169 229 212 0 239 247 0 248 0 243 14 172 136 168 242 165 138 231 0 128 181 247 176 89 250 164 169 181 227 208 128 66 174 172 185 180 208 149 240 180 181 182 107 127 180 196 200 146 180 180 183 232 119 180 180 180 180 180 180 180 180 180 180 180 180 180 180 180 180 180 180 180 180 180 180 180 180 180 180 180 180 180 180 180 180 180 195 138 70 87 182 159 56 138 140 132
151 227 184 246 249 0 249 65 3 1 176 252 189 219 116 249 46 235 158 241 135 216 149 0 212 62 165 183 98 189 152 169 182 168 182 182 109 97 171 184 214 247 187 179 180 198 167 99 180 180 180 183 127 180 180 180 180 180 180 180 180 180 180 180 180 180 180 180 180 180 180 180 180 180 180 180 180 180 180 180 180 180 180 180 180 180 175 145 204 197 173 157 187 93 133 65
0 212 162 181 0 0 0 56 253 0 234 239 206 222 250 68 6 49 236 0 32 130 254 187 75 70 123 198 190 196 162 228 202 173 183 124 196 155 188 252 54 170 183 137 180 180 180 180 180 180 180 171 167 180 180 180 180 180 180 180 180 180 180 180 180 180 180 180 180 180 180 180 180 180 180 180 180 180 180 180 180 180 180 180 180 180 180 180 164 215 187 190 231 240 154 190
60 218 169 216 0 0 132 40 0 204 171 179 221 97 243 86 216 247 159 2 176 248 192 182 0 80 201 179 149 170 147 151 170 178 151 194 173 36 132 104 252 211 207 153 179 180 180 180 180 180 180 180 180 180 180 181 180 180 180 180 180 180 180 180 180 180 180 180 180 180 180 180 180 180 180 180 180 180 180 180 180 180 180 180 180 180 180 180 180 180 179 177 209 23 150 162
48 30 173 232 193 40 0 0 118 84 209 222 209 248 171 42 60 97 0 184 121 11 234 217 247 201 210 161 215 163 179 174 190 229 172 185 199 187 159 165 55 69 0 164 180 180 180 180 180 180 180 180 202 145 172 180 180 180 180 180 180 180 180 180 180 180 180 180 180 180 180 180 180 180 180 180 180 180 180 180 180 180 180 180 180 180 180 180 180 180 142 232 89 26 184 176
90 250 146 232 250 122 55 245 0 223 0 234 246 129 94 49 121 122 121 52 238 93 189 0 78 216 148 137 74 93 196 185 169 165 183 191 159 105 93 0 35 242 131 100 159 187 180 180 180 180 180 180 183 166 171 180 181 180 180 180 180 180 180 180 180 180 180 180 180 180 180 180 180 180 180 180 180 180 180 180 180 180 180 180 180 180 180 180 180 180 198 12 180 180 183 125
206 230 247 222 94 0 104 109 0 251 199 167 141 216 192 87 82 69 172 96 181 0 0 229 255 240 50 188 186 197 186 179 184 178 174 190 238 156 139 122 183 159 183 123 168 174 194 246 133 180 208 184 180 180 180 180 180 180 180 180 180 180 180 180 180 180 180 180 180 180 180 180 180 180 180 180 180 180 180 180 180 180 180 180 180 180 180 180 180 180 180 179 180 180 180 220
118 217 70 155 82 74 140 132 73 83 208 75 180 243 88 210 250 203 96 0 232 212 196 253 224 242 133 70 172 178 177 177 228 155 168 183 185 126 112 162 175 186 67 186 104 161 182 180 168 146 219 150 180 180 180 180 180 180 180 180 180 0 180 180 180 180 180 180 180 180 180 180 180 180 180 180 180 180 180 180 180 180 180 180 180 180 180 180 180 180 180 180 180 180 180 124
234 122 159 166 0 143 140 57 19 183 246 168 246 249 64 101 174 167 16 200 66 18 216 0 249 233 0 146 208 221 164 192 164 148 176 179 180 162 183 181 225 69 177 183 188 196 228 185 224 196 135 150 178 205 175 180 180 180 180 180 180 180 180 180 180 180 180 180 180 180 180 180 180 180 180 180 180 180 180 180 180 180 180 180 180 180 180 180 180 180 180 180 180 180 180 180
232 134 83 51 95 99 70 103 227 251 171 120 244 42 199 108 67 0 216 0 127 110 174 169 195 5 143 172 176 156 190 159 177 182 171 189 183 174 180 145 207 168 181 132 169 19 105 87 159 186 5 163 145 145 160 180 180 180 180 180 180 180 180 179 180 180 180 180 180 180 180 219 181 180 180 180 180 180 180 180 180 180 180 180 180 180 180 180 180 180 180 180 180 180 180 180
58 153 172 135 161 77 151 139 185 197 141 235 167 126 0 253 138 118 201 12 1 250 215 157 226 0 107 194 105 124 156 175 201 189 184 180 174 207 186 192 110 172 196 187 192 90 188 176 183 182 203 206 146 153 180 180 180 180 180 180 180 180 180 180 180 180 180 180 180 180 180 140 162 180 180 180 180 180 180 180 180 180 180 180 180 180 180 180 180 180 180 180 180 180 180 180
61 62 150 102 89 160 81 0 188 6 133 0 203 168 31 0 24 0 98 93 216 226 245 247 248 92 224 228 126 186 205 165 195 160 236 158 194 160 194 170 156 181 172 137 178 191 184 182 178 220 218 163 158 159 181 181 180 180 180 180 180 180 180 180 180 180 180 180 180 180 180 180 233 166 158 180 180 180 180 180 180 180 180 180 180 180 180 180 180 180 180 180 180 180 180 180
41 179 51 110 131 166 30 156 0 0 9 122 235 0 49 80 140 71 148 102 53 66 98 70 64 0 175 175 195 167 194 191 185 220 221 70 168 248 186 173 81 175 180 178 236 238 151 207 186 189 75 222 177 160 180 180 180 180 180 180 180 180 180 180 180 180 180 180 180 180 180 180 180 172 164 180 180 180 180 180 180 180 180 180 180 180 180 180 180 180 180 180 181 180 180 180
236 179 119 181 4 189 49 0 101 147 0 166 194 23 158 72 121 44 71 110 173 118 110 170 35 105 168 204 184 196 194 199 191 179 167 180 209 247 190 180 246 32 213 203 242 96 184 176 109 180 103 133 148 152 178 180 180 180 180 180 180 180 180 180 180 180 180 180 180 180 180 180 186 105 180 180 180 180 180 180 239 221 245 208 128 131 221 209 108 179 180 180 180 210 235 180
240 131 164 176 135 101 163 58 202 206 241 145 166 74 146 72 97 115 116 141 225 62 253 164 75 168 220 0 200 153 207 186 204 181 198 196 199 220 145 234 118 138 153 182 0 181 165 185 215 164 172 190 0 174 182 180 180 180 180 180 180 180 180 180 180 180 180 180 180 180 180 170 180 199 164 180 180 180 214 196 176 241 180 231 236 155 229 224 173 176 94 217 183 182 204 241
207 57 101 1 90 20 181 36 0 249 0 81 173 87 138 235 72 131 165 52 193 107 180 0 3 159 182 253 204 1 155 218 234 208 191 207 138 231 203 181 233 240 17 165 6 197 6 173 197 167 197 189 177 188 197 177 180 180 180 180 180 180 180 180 180 180 180 180 180 180 180 180 180 180 192 180 180 180 179 243 185 195 248 227 233 158 218 49 210 152 81 155 186 252 180 180
206 0 91 144 117 0 250 144 202 160 199 72 131 0 129 173 50 162 182 246 152 113 0 110 0 73 203 204 39 108 215 196 194 168 226 195 107 120 123 119 236 207 91 187 244 103 173 231 180 177 175 92 164 189 177 171 180 180 180 180 180 180 180 180 180 180 180 180 180 180 180 180 180 181 179 195 180 218 183 176 160 94 158 218 249 119 0 0 33 210 8 203 80 214 185 252
102 0 24 193 232 185 190 14 165 98 140 0 101 232 182 193 127 69 146 206 194 0 11 49 237 36 212 132 193 159 209 248 84 118 153 195 36 244 65 0 195 184 0 187 102 0 46 221 233 167 57 190 165 179 180 187 180 180 180 180 180 180 180 250 186 160 174 180 180 180 180 180 180 180 180 200 233 235 143 124 251 229 239 123 138 208 142 220 235 237 114 27 43 229 97 1
0 40 233 0 157 204 35 72 120 217 21 36 200 191 92 0 132 249 212 152 175 1 76 238 56 38 245 228 174 194 165 156 0 253 113 228 241 2 55 139 80 236 65 52 99 0 199 151 165 0 73 172 212 178 179 184 186 180 180 180 170 182 187 106 197 38 180 180 181 180 180 180 180 169 179 251 177 225 210 125 70 224 249 235 197 0 0 249 189 37 13 159 103 211 201 192
245 174 171 65 150 98 41 107 8 159 55 227 239 242 150 103 1 131 169 144 73 99 164 138 153 118 235 176 94 192 150 72 178 245 210 114 128 215 196 217 221 0 81 243 170 182 215 31 168 0 243 156 189 188 120 183 164 196 194 184 183 188 186 189 211 90 193 210 222 176 180 180 180 180 200 72 194 183 193 123 254 0 251 215 173 253 98 212 56 253 139 39 206 201 176 141
0 0 0 215 37 0 122 125 108 12 238 77 69 14 69 128 177 55 206 148 5 140 204 90 207 224 208 238 92 14 223 154 95 234 244 251 113 247 0 177 37 232 127 245 88 149 98 192 127 66 178 229 178 189 174 167 182 179 184 188 187 182 151 122 154 0 198 232 165 191 170 165 182 174 175 175 193 185 204 244 24 176 250 64 155 165 234 194 255 117 167 96 172 152 229 240
79 236 78 203 187 0 161 137 169 97 146 191 0 0 188 241 221 111 119 135 109 190 249 246 247 0 204 111 153 126 239 0 69 252 187 109 188 242 188 152 90 212 142 83 99 96 205 96 222 245 152 179 101 165 164 184 180 180 198 185 192 173 188 213 119 162 209 247 168 165 172 180 175 184 195 190 209 211 189 242 241 134 157 251 202 132 108 36 79 147 141 122 181 192 238 0
245 0 140 162 0 213 62 101 161 130 99 1 68 181 209 177 179 157 185 102 0 236 138 168 9 190 57 91 65 100 237 119 54 64 178 198 219 142 212 252 238 190 0 0 207 214 87 254 245 236 202 194 190 242 167 174 181 175 160 176 190 189 185 140 156 190 100 131 183 175 186 165 180 196 190 172 192 179 225 132 229 244 165 208 162 245 126 187 184 139 69 188 247 254 197 157
65 146 0 227 168 217 227 160 146 144 185 112 154 224 237 147 78 0 72 80 142 133 206 6 199 188 235 187 237 209 163 47 141 217 159 241 164 185 0 100 65 245 238 21 155 104 126 230 253 219 29 186 153 101 155 167 174 179 181 184 177 158 146 157 179 207 72 169 164 170 184 171 183 165 175 199 195 246 240 225 103 48 233 130 53 242 0 85 196 0 190 205 106 159 0 199
196 0 0 223 215 225 81 73 172 169 231 218 214 220 200 189 35 199 92 26 167 221 201 227 167 8 252 199 90 223 214 113 156 120 254 153 69 223 125 74 219 184 43 113 117 18 175 216 246 0 75 171 77 83 163 139 177 184 166 188 192 192 215 111 173 250 203 156 155 184 180 201 187 221 176 181 214 193 238 216 242 133 39 4 90 226 224 253 197 250 1 233 145 1 0 179
136 70 230 213 82 148 133 86 232 77 244 178 188 168 8 208 0 80 252 164 148 251 240 113 78 90 0 86 224 200 93 252 0 226 176 106 242 33 250 245 209 226 77 68 34 249 159 249 0 232 221 55 37 13 0 191 188 177 187 180 190 174 180 188 246 208 97 77 194 214 160 184 204 183 253 204 235 219 201 24 9 0 64 58 226 119 91 0 19 226 44 5 0 180 180 180
113 111 158 0 0 49 0 247 0 9 228 236 229 146 209 139 20 0 129 242 81 245 147 235 152 148 165 122 231 254 210 231 176 223 23 6 238 77 185 225 112 219 94 54 249 192 60 34 183 190 64 97 97 0 133 172 136 189 191 185 169 189 184 243 88 135 137 216 248 136 175 222 176 155 152 202 96 233 218 213 220 42 102 0 33 167 249 197 148 223 88 218 128 180 180 180
58 49 203 239 27 159 0 186 118 188 11 106 245 121 206 151 182 208 207 238 200 207 231 252 168 202 204 133 11 74 228 208 206 191 80 157 1 24 104 0 19 0 60 21 109 59 0 91 0 203 46 0 240 86 159 180 180 166 195 186 194 189 191 103 142 164 195 138 143 154 179 213 236 202 163 0 223 244 206 224 89 223 234 122 211 238 237 149 49 15 0 27 180 180 180 180
192 234 70 13 77 171 245 190 1 112 1 217 198 77 109 192 231 194 241 177 112 80 181 248 107 246 57 221 250 142 250 253 1 236 65 212 0 172 61 89 101 129 178 115 228 80 247 9 91 204 0 169 207 237 11 253 159 190 189 188 197 201 250 235 140 152 213 205 112 150 162 178 107 168 151 0 221 173 0 44 48 165 85 207 247 208 87 44 69 57 169 180 180 180 180 180
242 151 111 66 177 187 154 39 134 85 221 141 0 1 231 232 7 170 176 113 149 90 143 0 94 110 72 156 178 242 249 124 175 20 55 57 0 43 40 77 208 109 81 141 6 43 250 130 132 224 231 75 57 102 94 190 238 171 217 203 168 184 119 153 193 203 221 253 224 236 224 120 202 69 150 52 164 225 130 180 180 180 191 176 206 252 100 134 159 178 180 180 180 180 180 180
92 121 97 241 141 182 214 245 44 230 226 0 0 244 97 81 0 235 247 201 128 12 229 232 181 235 197 181 231 199 0 165 38 158 241 62 0 177 210 59 217 72 23 141 147 79 60 98 57 162 35 204 143 240 0 47 174 124 196 144 192 123 165 111 173 213 211 157 128 182 84 179 76 156 133 180 180 180 180 180 180 180 174 184 175 77 153 180 180 180 180 180 180 180 180 180
148 188 212 77 111 177 234 48 126 220 252 20 233 65 220 224 164 134 0 7 246 158 234 225 57 170 138 197 117 41 56 24 183 149 96 196 0 83 143 105 87 152 225 154 252 31 182 160 211 156 194 123 229 22 121 149 188 206 131 194 167 29 57 119 202 211 55 172 128 236 165 159 211 159 180 180 180 180 180 180 180 180 180 180 155 180 180 180 180 180 180 180 180 180 180 180
142 201 173 153 148 242 216 0 165 134 251 245 169 208 106 13 215 90 210 236 238 241 41 201 203 117 247 48 220 0 26 134 162 198 231 212 175 0 79 112 123 243 18 97 73 91 227 113 141 144 172 179 201 185 137 177 193 159 201 192 196 139 215 253 25 185 87 94 74 77 27 80 142 158 180 180 180 180 180 180 180 180 180 180 180 180 180 180 180 180 180 180 180 180 180 180
181 227 213 0 209 251 69 0 109 47 102 86 235 155 3 214 140 200 189 185 133 137 193 112 254 5 0 216 242 171 190 178 98 229 253 249 0 11 248 31 28 152 10 222 18 33 29 89 183 163 167 154 175 205 164 200 182 137 145 181 79 68 9 251 91 202 0 104 144 143 134 41 73 180 180 180 180 180 180 180 180 180 180 180 180 180 180 180 180 180 180 180 180 180 180 180
