testing/reference_output/pinatubo_output/pinatubo.regionaltopo.grd
DSAA
129 138
163686.8 292686.8
1581592.4 1719592.4
0.0 0.0
[rows 46 to 68 of 138, columns 52 to 103 of 129]
5.750000E+02 4.340000E+02 5.350000E+02 8.020000E+02 9.820000E+02 8.670000E+02 9.450000E+02 7.910000E+02 6.330000E+02 6.360000E+02 4.560000E+02 3.850000E+02 2.500000E+02 1.350000E+02 9.600000E+01 6.400000E+01 4.400000E+01 2.300000E+01 1.200000E+01 8.000000E+00 0.000000E+00 0.000000E+00 0.000000E+00 0.000000E+00 0.000000E+00 0.000000E+00 0.000000E+00 0.000000E+00 0.000000E+00 0.000000E+00 0.000000E+00 0.000000E+00 0.000000E+00 0.000000E+00 0.000000E+00 0.000000E+00 0.000000E+00 0.000000E+00 0.000000E+00 0.000000E+00 0.000000E+00 0.000000E+00 0.000000E+00 0.000000E+00 0.000000E+00 0.000000E+00 0.000000E+00 0.000000E+00 0.000000E+00 0.000000E+00 0.000000E+00 0.000000E+00
4.880000E+02 5.570000E+02 6.230000E+02 7.130000E+02 9.010000E+02 8.810000E+02 9.460000E+02 8.760000E+02 5.470000E+02 5.840000E+02 3.880000E+02 2.770000E+02 2.240000E+02 1.740000E+02 1.350000E+02 7.300000E+01 4.000000E+01 1.500000E+01 7.000000E+00 8.000000E+00 0.000000E+00 0.000000E+00 0.000000E+00 0.000000E+00 0.000000E+00 0.000000E+00 0.000000E+00 0.000000E+00 0.000000E+00 0.000000E+00 0.000000E+00 0.000000E+00 0.000000E+00 0.000000E+00 0.000000E+00 0.000000E+00 0.000000E+00 0.000000E+00 0.000000E+00 0.000000E+00 0.000000E+00 0.000000E+00 0.000000E+00 0.000000E+00 0.000000E+00 0.000000E+00 0.000000E+00 0.000000E+00 0.000000E+00 0.000000E+00 0.000000E+00 0.000000E+00
3.910000E+02 4.390000E+02 5.310000E+02 6.410000E+02 7.520000E+02 7.520000E+02 7.770000E+02 6.260000E+02 4.640000E+02 4.850000E+02 3.040000E+02 2.830000E+02 2.430000E+02 1.820000E+02 1.530000E+02 9.200000E+01 5.400000E+01 1.600000E+01 8.000000E+00 2.000000E+00 0.000000E+00 0.000000E+00 0.000000E+00 0.000000E+00 0.000000E+00 0.000000E+00 0.000000E+00 0.000000E+00 0.000000E+00 0.000000E+00 0.000000E+00 0.000000E+00 0.000000E+00 0.000000E+00 0.000000E+00 0.000000E+00 0.000000E+00 0.000000E+00 0.000000E+00 0.000000E+00 0.000000E+00 0.000000E+00 0.000000E+00 0.000000E+00 0.000000E+00 0.000000E+00 0.000000E+00 0.000000E+00 0.000000E+00 0.000000E+00 0.000000E+00 0.000000E+00
4.330000E+02 4.690000E+02 5.500000E+02 7.220000E+02 8.190000E+02 6.250000E+02 4.730000E+02 4.650000E+02 4.500000E+02 3.680000E+02 2.580000E+02 2.450000E+02 2.080000E+02 1.190000E+02 1.460000E+02 8.100000E+01 5.600000E+01 3.600000E+01 6.000000E+00 7.000000E+00 3.000000E+00 0.000000E+00 0.000000E+00 0.000000E+00 0.000000E+00 0.000000E+00 0.000000E+00 0.000000E+00 0.000000E+00 0.000000E+00 0.000000E+00 0.000000E+00 0.000000E+00 0.000000E+00 0.000000E+00 0.000000E+00 0.000000E+00 0.000000E+00 0.000000E+00 0.000000E+00 0.000000E+00 0.000000E+00 0.000000E+00 0.000000E+00 0.000000E+00 0.000000E+00 0.000000E+00 0.000000E+00 0.000000E+00 0.000000E+00 0.000000E+00 0.000000E+00
5.340000E+02 7.230000E+02 8.490000E+02 8.790000E+02 7.130000E+02 4.960000E+02 4.940000E+02 4.610000E+02 3.970000E+02 3.400000E+02 2.710000E+02 2.360000E+02 1.980000E+02 1.460000E+02 9.000000E+01 7.100000E+01 4.400000E+01 3.700000E+01 1.100000E+01 7.000000E+00 3.000000E+00 0.000000E+00 0.000000E+00 0.000000E+00 0.000000E+00 0.000000E+00 0.000000E+00 0.000000E+00 0.000000E+00 0.000000E+00 0.000000E+00 0.000000E+00 0.000000E+00 0.000000E+00 0.000000E+00 0.000000E+00 0.000000E+00 0.000000E+00 0.000000E+00 0.000000E+00 0.000000E+00 0.000000E+00 0.000000E+00 0.000000E+00 0.000000E+00 0.000000E+00 0.000000E+00 0.000000E+00 0.000000E+00 0.000000E+00 0.000000E+00 0.000000E+00
4.750000E+02 6.670000E+02 6.570000E+02 7.490000E+02 6.150000E+02 5.080000E+02 4.050000E+02 4.370000E+02 3.410000E+02 2.460000E+02 2.760000E+02 2.340000E+02 1.990000E+02 1.300000E+02 7.900000E+01 6.200000E+01 4.300000E+01 2.100000E+01 1.000000E+01 8.000000E+00 5.000000E+00 0.000000E+00 0.000000E+00 0.000000E+00 0.000000E+00 0.000000E+00 0.000000E+00 0.000000E+00 0.000000E+00 0.000000E+00 0.000000E+00 0.000000E+00 0.000000E+00 0.000000E+00 0.000000E+00 0.000000E+00 0.000000E+00 0.000000E+00 0.000000E+00 0.000000E+00 0.000000E+00 1.000000E+01 4.000000E+00 4.000000E+00 3.000000E+00 2.000000E+00 5.000000E+00 8.000000E+00 4.000000E+00 2.000000E+00 4.000000E+00 0.000000E+00
4.280000E+02 3.830000E+02 3.830000E+02 4.130000E+02 3.970000E+02 4.170000E+02 3.720000E+02 3.570000E+02 2.710000E+02 2.750000E+02 2.060000E+02 1.530000E+02 1.660000E+02 1.060000E+02 9.700000E+01 7.400000E+01 3.900000E+01 2.000000E+01 8.000000E+00 7.000000E+00 4.000000E+00 0.000000E+00 0.000000E+00 0.000000E+00 0.000000E+00 0.000000E+00 0.000000E+00 0.000000E+00 0.000000E+00 0.000000E+00 0.000000E+00 5.000000E+00 5.000000E+00 0.000000E+00 0.000000E+00 0.000000E+00 5.000000E+00 6.000000E+00 5.000000E+00 3.000000E+00 7.000000E+00 4.000000E+00 1.000000E+00 3.000000E+00 5.000000E+00 2.000000E+00 3.000000E+00 2.000000E+00 2.000000E+00 2.000000E+00 4.000000E+00 4.000000E+00
3.610000E+02 3.180000E+02 3.060000E+02 3.960000E+02 3.010000E+02 2.840000E+02 3.190000E+02 2.890000E+02 2.600000E+02 2.500000E+02 2.000000E+02 1.720000E+02 1.430000E+02 1.080000E+02 8.600000E+01 5.500000E+01 3.200000E+01 2.000000E+01 9.000000E+00 5.000000E+00 3.000000E+00 0.000000E+00 0.000000E+00 0.000000E+00 0.000000E+00 0.000000E+00 0.000000E+00 0.000000E+00 0.000000E+00 0.000000E+00 0.000000E+00 0.000000E+00 3.000000E+00 6.000000E+00 5.000000E+00 1.000000E+00 2.000000E+00 6.000000E+00 6.000000E+00 2.000000E+00 4.000000E+00 3.000000E+00 5.000000E+00 3.000000E+00 4.000000E+00 7.000000E+00 2.000000E+00 4.000000E+00 3.000000E+00 5.000000E+00 1.000000E+00 2.000000E+00
2.930000E+02 2.850000E+02 2.330000E+02 3.170000E+02 3.040000E+02 3.220000E+02 3.050000E+02 3.010000E+02 2.000000E+02 2.220000E+02 2.120000E+02 1.610000E+02 1.390000E+02 8.800000E+01 6.800000E+01 5.400000E+01 3.000000E+01 2.200000E+01 1.200000E+01 7.000000E+00 4.000000E+00 3.000000E+00 0.000000E+00 0.000000E+00 0.000000E+00 0.000000E+00 0.000000E+00 0.000000E+00 0.000000E+00 0.000000E+00 1.000000E+00 3.000000E+00 4.000000E+00 5.000000E+00 1.000000E+00 3.000000E+00 2.000000E+00 2.000000E+00 4.000000E+00 5.000000E+00 4.000000E+00 3.000000E+00 3.000000E+00 2.000000E+00 0.000000E+00 5.000000E+00 5.000000E+00 4.000000E+00 4.000000E+00 2.000000E+00 4.000000E+00 4.000000E+00
2.610000E+02 2.860000E+02 1.730000E+02 2.160000E+02 1.790000E+02 2.700000E+02 1.440000E+02 1.880000E+02 2.150000E+02 1.650000E+02 1.260000E+02 1.280000E+02 9.400000E+01 8.000000E+01 5.700000E+01 5.500000E+01 3.000000E+01 2.000000E+01 1.300000E+01 1.100000E+01 4.000000E+00 0.000000E+00 0.000000E+00 0.000000E+00 0.000000E+00 0.000000E+00 0.000000E+00 0.000000E+00 0.000000E+00 0.000000E+00 1.000000E+00 5.000000E+00 4.000000E+00 3.000000E+00 4.000000E+00 0.000000E+00 5.000000E+00 2.000000E+00 2.000000E+00 2.000000E+00 6.000000E+00 5.000000E+00 2.000000E+00 2.000000E+00 3.000000E+00 1.000000E+00 2.000000E+00 4.000000E+00 3.000000E+00 5.000000E+00 3.000000E+00 3.000000E+00
2.660000E+02 2.550000E+02 1.910000E+02 1.560000E+02 1.580000E+02 1.780000E+02 1.650000E+02 1.450000E+02 1.430000E+02 1.380000E+02 1.040000E+02 1.050000E+02 8.800000E+01 5.200000E+01 5.900000E+01 4.200000E+01 2.900000E+01 1.900000E+01 7.000000E+00 8.000000E+00 7.000000E+00 0.000000E+00 0.000000E+00 0.000000E+00 0.000000E+00 0.000000E+00 0.000000E+00 0.000000E+00 5.000000E+00 5.000000E+00 1.000000E+00 4.000000E+00 3.000000E+00 4.000000E+00 5.000000E+00 2.000000E+00 5.000000E+00 6.000000E+00 3.000000E+00 3.000000E+00 1.000000E+01 4.000000E+00 5.000000E+00 4.000000E+00 1.100000E+01 3.000000E+00 4.000000E+00 3.000000E+00 4.000000E+00 2.000000E+00 3.000000E+00 4.000000E+00
2.820000E+02 2.090000E+02 1.760000E+02 1.020000E+02 1.600000E+02 1.880000E+02 1.730000E+02 1.410000E+02 1.630000E+02 9.600000E+01 7.700000E+01 6.800000E+01 5.700000E+01 4.700000E+01 3.600000E+01 2.600000E+01 1.600000E+01 9.000000E+00 6.000000E+00 4.000000E+00 3.000000E+00 1.000000E+00 0.000000E+00 5.000000E+00 0.000000E+00 -2.000000E+00 1.000000E+00 1.000000E+00 1.000000E+00 6.000000E+00 3.000000E+00 3.000000E+00 2.000000E+00 0.000000E+00 3.000000E+00 3.000000E+00 3.000000E+00 5.000000E+00 6.000000E+00 5.000000E+00 2.000000E+00 4.000000E+00 3.000000E+00 6.000000E+00 3.000000E+00 0.000000E+00 6.000000E+00 6.000000E+00 2.000000E+00 6.000000E+00 3.000000E+00 3.000000E+00
3.760000E+02 1.610000E+02 1.310000E+02 6.700000E+01 9.000000E+01 6.200000E+01 1.310000E+02 6.600000E+01 5.600000E+01 1.020000E+02 8.000000E+01 4.600000E+01 4.300000E+01 3.500000E+01 2.400000E+01 1.600000E+01 1.100000E+01 7.000000E+00 5.000000E+00 7.000000E+00 7.000000E+00 2.000000E+00 6.000000E+00 2.000000E+00 5.000000E+00 2.000000E+00 4.000000E+00 6.000000E+00 1.000000E+00 3.000000E+00 3.000000E+00 1.000000E+00 4.000000E+00 4.000000E+00 5.000000E+00 4.000000E+00 5.000000E+00 3.000000E+00 5.000000E+00 5.000000E+00 3.000000E+00 3.000000E+00 3.000000E+00 4.000000E+00 3.000000E+00 4.000000E+00 6.000000E+00 6.000000E+00 2.000000E+00 1.000000E+00 5.000000E+00 6.000000E+00
2.090000E+02 1.430000E+02 1.140000E+02 8.100000E+01 3.000000E+01 4.200000E+01 6.400000E+01 7.600000E+01 2.400000E+01 7.800000E+01 5.400000E+01 2.200000E+01 2.800000E+01 2.200000E+01 1.800000E+01 1.000000E+01 9.000000E+00 6.000000E+00 6.000000E+00 6.000000E+00 3.000000E+00 3.000000E+00 7.000000E+00 -1.000000E+00 8.000000E+00 2.000000E+00 1.000000E+00 3.000000E+00 2.000000E+00 4.000000E+00 2.000000E+00 1.000000E+00 0.000000E+00 6.000000E+00 2.000000E+00 2.000000E+00 3.000000E+00 4.000000E+00 5.000000E+00 2.000000E+00 3.000000E+00 4.000000E+00 5.000000E+00 5.000000E+00 4.000000E+00 3.000000E+00 6.000000E+00 3.000000E+00 4.000000E+00 7.000000E+00 8.000000E+00 6.000000E+00
1.520000E+02 1.550000E+02 1.030000E+02 1.270000E+02 5.000000E+01 2.200000E+01 1.800000E+01 4.200000E+01 1.100000E+01 3.900000E+01 2.800000E+01 1.400000E+01 2.100000E+01 6.000000E+00 1.000000E+01 9.000000E+00 6.000000E+00 4.000000E+00 8.000000E+00 4.000000E+00 2.000000E+00 2.000000E+00 3.000000E+00 5.000000E+00 2.000000E+00 1.000000E+00 3.000000E+00 3.000000E+00 8.000000E+00 5.000000E+00 9.000000E+00 5.000000E+00 2.000000E+00 1.000000E+00 2.000000E+00 4.000000E+00 5.000000E+00 3.000000E+00 0.000000E+00 5.000000E+00 1.000000E+00 5.000000E+00 5.000000E+00 3.000000E+00 3.000000E+00 6.000000E+00 3.000000E+00 5.000000E+00 5.000000E+00 6.000000E+00 4.000000E+00 6.000000E+00
1.060000E+02 9.100000E+01 4.500000E+01 2.500000E+01 2.600000E+01 8.300000E+01 2.700000E+01 1.900000E+01 1.300000E+01 1.500000E+01 1.300000E+01 1.100000E+01 1.100000E+01 1.100000E+01 9.000000E+00 8.000000E+00 9.000000E+00 6.000000E+00 4.000000E+00 4.000000E+00 1.000000E+01 1.000000E+00 6.000000E+00 1.000000E+00 2.000000E+00 0.000000E+00 2.000000E+00 3.000000E+00 1.000000E+00 6.000000E+00 5.000000E+00 2.000000E+00 4.000000E+00 3.000000E+00 5.000000E+00 3.000000E+00 6.000000E+00 3.000000E+00 0.000000E+00 6.000000E+00 4.000000E+00 0.000000E+00 5.000000E+00 3.000000E+00 5.000000E+00 7.000000E+00 5.000000E+00 7.000000E+00 5.000000E+00 1.100000E+01 8.000000E+00 9.000000E+00
1.210000E+02 1.040000E+02 7.800000E+01 7.400000E+01 1.000000E+02 7.400000E+01 2.100000E+01 2.000000E+01 1.700000E+01 1.400000E+01 1.300000E+01 1.300000E+01 1.100000E+01 1.000000E+01 1.000000E+01 7.000000E+00 7.000000E+00 7.000000E+00 3.000000E+00 5.000000E+00 7.000000E+00 4.000000E+00 3.000000E+00 2.000000E+00 3.000000E+00 1.000000E+00 4.000000E+00 -1.000000E+00 5.000000E+00 0.000000E+00 2.000000E+00 1.000000E+00 2.000000E+00 -2.000000E+00 3.000000E+00 5.000000E+00 4.000000E+00 0.000000E+00 3.000000E+00 5.000000E+00 6.000000E+00 8.000000E+00 4.000000E+00 5.000000E+00 8.000000E+00 4.000000E+00 4.000000E+00 6.000000E+00 4.000000E+00 1.000000E+01 8.000000E+00 1.000000E+01
2.540000E+02 1.780000E+02 1.090000E+02 1.660000E+02 8.700000E+01 1.060000E+02 4.900000E+01 2.300000E+01 1.500000E+01 1.400000E+01 1.100000E+01 1.300000E+01 1.000000E+01 1.100000E+01 1.100000E+01 1.300000E+01 1.200000E+01 1.300000E+01 1.200000E+01 8.000000E+00 5.000000E+00 6.000000E+00 7.000000E+00 2.000000E+00 2.000000E+00 5.000000E+00 3.000000E+00 2.000000E+00 2.000000E+00 -2.000000E+00 5.000000E+00 3.000000E+00 3.000000E+00 -1.000000E+00 4.000000E+00 3.000000E+00 5.000000E+00 5.000000E+00 4.000000E+00 4.000000E+00 3.000000E+00 6.000000E+00 3.000000E+00 6.000000E+00 6.000000E+00 4.000000E+00 4.000000E+00 6.000000E+00 5.000000E+00 7.000000E+00 1.100000E+01 1.100000E+01
4.440000E+02 2.510000E+02 1.770000E+02 1.930000E+02 1.720000E+02 1.020000E+02 4.200000E+01 4.200000E+01 2.000000E+01 1.100000E+01 9.000000E+00 1.500000E+01 1.600000E+01 1.300000E+01 1.200000E+01 1.300000E+01 1.200000E+01 1.300000E+01 1.100000E+01 4.000000E+00 5.000000E+00 -1.000000E+00 6.000000E+00 4.000000E+00 2.000000E+00 -2.000000E+00 2.000000E+00 0.000000E+00 5.000000E+00 3.000000E+00 6.000000E+00 3.000000E+00 2.100000E+01 3.000000E+00 6.000000E+00 3.000000E+00 3.000000E+00 4.000000E+00 5.000000E+00 3.000000E+00 1.000000E+00 8.000000E+00 5.000000E+00 5.000000E+00 2.000000E+00 3.000000E+00 7.000000E+00 5.000000E+00 7.000000E+00 1.100000E+01 1.000000E+01 9.000000E+00
4.380000E+02 1.610000E+02 1.500000E+02 1.720000E+02 1.720000E+02 1.670000E+02 1.510000E+02 1.280000E+02 3.400000E+01 1.600000E+01 1.400000E+01 1.200000E+01 1.600000E+01 1.400000E+01 1.300000E+01 1.300000E+01 1.300000E+01 1.200000E+01 1.000000E+01 1.000000E+01 9.000000E+00 3.000000E+00 4.000000E+00 1.000000E+00 6.000000E+00 1.000000E+00 5.000000E+00 5.000000E+00 1.000000E+00 6.000000E+00 4.000000E+00 6.000000E+00 9.000000E+00 7.000000E+00 4.000000E+00 2.000000E+00 4.000000E+00 6.000000E+00 0.000000E+00 6.000000E+00 5.000000E+00 4.000000E+00 4.000000E+00 5.000000E+00 4.000000E+00 6.000000E+00 9.000000E+00 6.000000E+00 6.000000E+00 5.000000E+00 8.000000E+00 7.000000E+00
3.070000E+02 2.970000E+02 2.790000E+02 3.820000E+02 2.740000E+02 2.060000E+02 1.470000E+02 7.700000E+01 2.600000E+01 1.800000E+01 2.100000E+01 1.800000E+01 1.600000E+01 1.700000E+01 1.500000E+01 1.400000E+01 1.700000E+01 1.400000E+01 1.600000E+01 1.100000E+01 7.000000E+00 5.000000E+00 7.000000E+00 3.000000E+00 5.000000E+00 5.000000E+00 4.000000E+00 6.000000E+00 1.000000E+00 2.000000E+00 5.000000E+00 2.000000E+00 6.000000E+00 3.000000E+00 3.000000E+00 4.000000E+00 3.000000E+00 4.000000E+00 3.000000E+00 7.000000E+00 6.000000E+00 5.000000E+00 5.000000E+00 5.000000E+00 1.200000E+01 8.000000E+00 6.000000E+00 7.000000E+00 1.000000E+00 6.000000E+00 7.000000E+00 1.000000E+01
3.780000E+02 3.510000E+02 3.920000E+02 5.820000E+02 3.030000E+02 2.070000E+02 1.410000E+02 9.200000E+01 2.900000E+01 2.500000E+01 2.300000E+01 2.000000E+01 1.600000E+01 1.800000E+01 1.700000E+01 1.700000E+01 1.600000E+01 1.700000E+01 1.500000E+01 1.100000E+01 8.000000E+00 5.000000E+00 4.000000E+00 5.000000E+00 5.000000E+00 6.000000E+00 6.000000E+00 7.000000E+00 5.000000E+00 4.000000E+00 -2.000000E+00 3.000000E+00 8.000000E+00 7.000000E+00 3.000000E+00 5.000000E+00 3.000000E+00 3.000000E+00 5.000000E+00 -1.100000E+01 2.000000E+00 3.000000E+00 6.000000E+00 5.000000E+00 5.000000E+00 8.000000E+00 6.000000E+00 6.000000E+00 6.000000E+00 1.200000E+01 1.500000E+01 1.300000E+01
5.090000E+02 5.640000E+02 5.600000E+02 4.490000E+02 3.380000E+02 2.720000E+02 9.700000E+01 9.100000E+01 5.700000E+01 5.700000E+01 4.100000E+01 1.900000E+01 1.900000E+01 2.100000E+01 2.000000E+01 1.700000E+01 1.600000E+01 1.500000E+01 1.400000E+01 1.200000E+01 1.200000E+01 9.000000E+00 6.000000E+00 6.000000E+00 5.000000E+00 7.000000E+00 3.000000E+00 7.000000E+00 5.000000E+00 2.000000E+00 3.000000E+00 3.000000E+00 3.000000E+00 4.000000E+00 4.000000E+00 4.000000E+00 3.000000E+00 1.000000E+00 3.000000E+00 1.100000E+01 4.000000E+00 5.000000E+00 9.000000E+00 9.000000E+00 6.000000E+00 8.000000E+00 6.000000E+00 5.000000E+00 6.000000E+00 7.000000E+00 9.000000E+00 1.100000E+01
