testing/reference_output/pinatubo_output/pinatubo.regionaltopo.grd
DSAA
129 138
163686.8 292686.8
1581592.4 1719592.4
0.0 0.0
[rows 115 to 137 of 138, columns 0 to 51 of 129]
0.000000E+00 0.000000E+00 0.000000E+00 0.000000E+00 0.000000E+00 0.000000E+00 0.000000E+00 0.000000E+00 0.000000E+00 0.000000E+00 1.000000E+01 9.000000E+00 6.000000E+00 8.000000E+00 1.100000E+01 1.500000E+01 1.400000E+01 1.700000E+01 3.000000E+01 8.500000E+01 1.810000E+02 1.670000E+02 3.080000E+02 5.080000E+02 6.110000E+02 3.980000E+02 2.760000E+02 2.770000E+02 3.730000E+02 4.660000E+02 5.430000E+02 6.840000E+02 9.520000E+02 1.166000E+03 1.292000E+03 7.800000E+02 8.130000E+02 3.060000E+02 5.160000E+02 5.370000E+02 3.470000E+02 3.580000E+02 5.590000E+02 4.250000E+02 4.610000E+02 6.830000E+02 6.040000E+02 6.180000E+02 4.650000E+02 4.250000E+02 3.720000E+02 2.940000E+02
0.000000E+00 0.000000E+00 0.000000E+00 0.000000E+00 0.000000E+00 0.000000E+00 0.000000E+00 0.000000E+00 0.000000E+00 0.000000E+00 1.000000E+00 2.000000E+01 8.000000E+00 1.800000E+01 2.100000E+01 1.400000E+01 1.200000E+01 3.800000E+01 7.500000E+01 1.540000E+02 1.750000E+02 2.140000E+02 3.040000E+02 3.040000E+02 4.840000E+02 6.560000E+02 7.910000E+02 4.120000E+02 7.470000E+02 7.920000E+02 5.690000E+02 7.020000E+02 9.740000E+02 1.305000E+03 1.266000E+03 1.048000E+03 8.950000E+02 2.680000E+02 5.110000E+02 5.910000E+02 3.790000E+02 4.150000E+02 6.000000E+02 5.550000E+02 6.590000E+02 6.430000E+02 6.910000E+02 7.200000E+02 6.830000E+02 5.840000E+02 4.610000E+02 3.510000E+02
0.000000E+00 0.000000E+00 0.000000E+00 0.000000E+00 0.000000E+00 0.000000E+00 0.000000E+00 0.000000E+00 0.000000E+00 0.000000E+00 1.000000E+01 1.300000E+01 1.800000E+01 2.300000E+01 3.400000E+01 1.600000E+01 1.500000E+01 3.500000E+01 1.070000E+02 2.180000E+02 4.200000E+02 3.770000E+02 3.260000E+02 5.100000E+02 5.900000E+02 8.220000E+02 7.330000E+02 5.750000E+02 8.250000E+02 9.970000E+02 7.480000E+02 7.730000E+02 1.308000E+03 1.487000E+03 1.177000E+03 8.810000E+02 5.500000E+02 2.780000E+02 4.970000E+02 6.190000E+02 4.430000E+02 4.430000E+02 7.570000E+02 8.370000E+02 8.970000E+02 8.430000E+02 6.760000E+02 5.710000E+02 4.470000E+02 4.410000E+02 2.860000E+02 3.660000E+02
0.000000E+00 0.000000E+00 0.000000E+00 0.000000E+00 0.000000E+00 0.000000E+00 0.000000E+00 0.000000E+00 0.000000E+00 0.000000E+00 1.300000E+01 7.000000E+00 2.800000E+01 3.300000E+01 3.300000E+01 2.500000E+01 2.300000E+01 8.500000E+01 4.500000E+01 1.860000E+02 1.270000E+02 2.160000E+02 4.620000E+02 2.760000E+02 5.010000E+02 1.074000E+03 1.211000E+03 1.166000E+03 1.293000E+03 1.361000E+03 1.527000E+03 1.490000E+03 1.545000E+03 1.359000E+03 9.060000E+02 4.580000E+02 6.760000E+02 5.270000E+02 7.430000E+02 7.160000E+02 7.440000E+02 8.400000E+02 8.990000E+02 8.570000E+02 8.220000E+02 7.540000E+02 7.800000E+02 5.130000E+02 4.650000E+02 4.230000E+02 4.180000E+02 3.730000E+02
0.000000E+00 0.000000E+00 0.000000E+00 0.000000E+00 0.000000E+00 0.000000E+00 0.000000E+00 0.000000E+00 0.000000E+00 7.000000E+00 6.000000E+00 1.500000E+01 3.400000E+01 4.900000E+01 5.200000E+01 6.300000E+01 2.600000E+01 1.530000E+02 2.970000E+02 4.290000E+02 3.760000E+02 4.040000E+02 3.880000E+02 4.830000E+02 4.940000E+02 9.260000E+02 1.061000E+03 1.218000E+03 1.106000E+03 1.106000E+03 1.213000E+03 1.347000E+03 1.365000E+03 1.331000E+03 1.069000E+03 5.410000E+02 7.820000E+02 7.640000E+02 8.710000E+02 7.870000E+02 9.400000E+02 9.820000E+02 7.770000E+02 6.080000E+02 6.840000E+02 5.660000E+02 6.640000E+02 6.460000E+02 5.130000E+02 4.550000E+02 4.650000E+02 4.300000E+02
0.000000E+00 0.000000E+00 0.000000E+00 0.000000E+00 0.000000E+00 0.000000E+00 0.000000E+00 1.000000E+00 8.000000E+00 1.000000E+01 6.000000E+00 8.000000E+00 4.000000E+01 3.400000E+01 4.200000E+01 7.900000E+01 6.100000E+01 9.700000E+01 2.260000E+02 3.470000E+02 7.060000E+02 7.260000E+02 5.420000E+02 4.280000E+02 4.820000E+02 7.400000E+02 7.630000E+02 8.720000E+02 8.470000E+02 7.490000E+02 1.020000E+03 1.030000E+03 1.140000E+03 9.370000E+02 7.210000E+02 7.090000E+02 8.600000E+02 8.140000E+02 9.820000E+02 9.910000E+02 1.128000E+03 9.460000E+02 6.030000E+02 4.310000E+02 4.440000E+02 4.660000E+02 4.320000E+02 3.800000E+02 5.380000E+02 5.380000E+02 2.900000E+02 2.510000E+02
0.000000E+00 0.000000E+00 0.000000E+00 0.000000E+00 0.000000E+00 0.000000E+00 0.000000E+00 5.000000E+00 1.200000E+01 1.000000E+01 3.300000E+01 4.000000E+01 4.800000E+01 5.500000E+01 7.600000E+01 8.500000E+01 8.900000E+01 1.030000E+02 1.830000E+02 2.680000E+02 1.700000E+02 2.180000E+02 3.170000E+02 3.850000E+02 3.800000E+02 6.640000E+02 5.810000E+02 7.790000E+02 7.570000E+02 7.380000E+02 8.580000E+02 1.108000E+03 1.220000E+03 1.062000E+03 1.257000E+03 1.212000E+03 1.106000E+03 9.860000E+02 9.970000E+02 8.710000E+02 9.590000E+02 8.780000E+02 7.540000E+02 4.300000E+02 3.160000E+02 4.540000E+02 3.630000E+02 3.150000E+02 3.510000E+02 3.090000E+02 4.060000E+02 1.910000E+02
0.000000E+00 0.000000E+00 0.000000E+00 0.000000E+00 0.000000E+00 5.000000E+00 7.000000E+00 1.400000E+01 7.000000E+00 9.000000E+00 2.000000E+01 1.400000E+01 2.700000E+01 6.000000E+01 8.500000E+01 6.200000E+01 1.100000E+02 9.900000E+01 9.100000E+01 1.510000E+02 3.040000E+02 3.550000E+02 5.420000E+02 4.870000E+02 4.260000E+02 5.510000E+02 5.960000E+02 1.022000E+03 9.600000E+02 1.027000E+03 9.030000E+02 1.198000E+03 1.468000E+03 1.337000E+03 1.351000E+03 1.161000E+03 9.770000E+02 9.650000E+02 9.520000E+02 8.460000E+02 9.800000E+02 9.480000E+02 6.970000E+02 4.340000E+02 3.640000E+02 4.460000E+02 3.700000E+02 3.050000E+02 4.190000E+02 2.800000E+02 2.160000E+02 1.880000E+02
0.000000E+00 0.000000E+00 0.000000E+00 0.000000E+00 5.000000E+00 5.000000E+00 5.000000E+00 6.000000E+00 7.000000E+00 7.000000E+00 2.800000E+01 1.800000E+01 2.800000E+01 3.600000E+01 3.900000E+01 5.600000E+01 6.600000E+01 2.010000E+02 2.260000E+02 2.730000E+02 4.890000E+02 4.210000E+02 6.640000E+02 5.930000E+02 5.400000E+02 3.870000E+02 4.070000E+02 8.120000E+02 9.160000E+02 9.370000E+02 1.188000E+03 1.323000E+03 1.539000E+03 1.448000E+03 1.263000E+03 1.007000E+03 1.106000E+03 8.250000E+02 7.820000E+02 7.440000E+02 8.310000E+02 8.570000E+02 6.450000E+02 3.530000E+02 3.370000E+02 2.580000E+02 2.410000E+02 2.670000E+02 2.240000E+02 2.170000E+02 2.210000E+02 1.850000E+02
0.000000E+00 0.000000E+00 0.000000E+00 0.000000E+00 5.000000E+00 9.000000E+00 8.000000E+00 1.700000E+01 2.700000E+01 4.300000E+01 3.600000E+01 3.700000E+01 3.000000E+01 3.800000E+01 4.800000E+01 6.300000E+01 7.300000E+01 2.870000E+02 4.260000E+02 5.230000E+02 7.460000E+02 7.370000E+02 9.560000E+02 9.530000E+02 9.920000E+02 7.310000E+02 8.040000E+02 7.830000E+02 8.130000E+02 7.070000E+02 7.230000E+02 1.052000E+03 1.344000E+03 1.240000E+03 1.135000E+03 8.860000E+02 8.560000E+02 1.000000E+03 6.290000E+02 8.070000E+02 5.660000E+02 6.180000E+02 5.080000E+02 3.580000E+02 5.020000E+02 3.600000E+02 3.460000E+02 4.050000E+02 3.290000E+02 2.180000E+02 3.250000E+02 2.250000E+02
0.000000E+00 0.000000E+00 0.000000E+00 5.000000E+00 5.000000E+00 3.100000E+01 1.700000E+01 1.300000E+01 3.200000E+01 2.600000E+01 3.200000E+01 4.400000E+01 6.000000E+01 7.000000E+01 7.900000E+01 8.300000E+01 1.040000E+02 2.760000E+02 3.510000E+02 3.890000E+02 6.770000E+02 6.870000E+02 6.800000E+02 9.490000E+02 9.970000E+02 1.019000E+03 1.046000E+03 1.142000E+03 1.003000E+03 1.049000E+03 1.060000E+03 8.130000E+02 1.040000E+03 1.337000E+03 1.156000E+03 9.060000E+02 8.180000E+02 7.210000E+02 4.960000E+02 6.560000E+02 6.440000E+02 4.070000E+02 3.360000E+02 4.170000E+02 6.370000E+02 4.500000E+02 4.890000E+02 5.210000E+02 3.240000E+02 3.430000E+02 2.930000E+02 2.540000E+02
0.000000E+00 0.000000E+00 7.000000E+00 9.000000E+00 1.300000E+01 1.200000E+01 2.400000E+01 7.000000E+00 8.000000E+00 2.200000E+01 4.100000E+01 4.500000E+01 7.200000E+01 8.100000E+01 8.600000E+01 9.900000E+01 1.030000E+02 1.660000E+02 2.050000E+02 2.340000E+02 4.680000E+02 4.150000E+02 7.020000E+02 6.970000E+02 7.950000E+02 1.085000E+03 1.133000E+03 1.252000E+03 1.264000E+03 1.239000E+03 1.335000E+03 1.113000E+03 1.283000E+03 1.304000E+03 1.243000E+03 1.105000E+03 9.280000E+02 8.610000E+02 6.990000E+02 6.000000E+02 4.390000E+02 4.770000E+02 4.650000E+02 6.590000E+02 8.700000E+02 6.910000E+02 4.990000E+02 3.720000E+02 3.080000E+02 3.250000E+02 4.340000E+02 3.030000E+02
0.000000E+00 0.000000E+00 3.000000E+00 8.000000E+00 1.200000E+01 1.100000E+01 3.100000E+01 2.200000E+01 2.200000E+01 2.800000E+01 5.600000E+01 6.500000E+01 7.200000E+01 9.200000E+01 9.900000E+01 1.270000E+02 1.250000E+02 2.300000E+02 4.090000E+02 4.520000E+02 4.020000E+02 3.450000E+02 4.180000E+02 7.250000E+02 6.630000E+02 6.140000E+02 5.690000E+02 7.110000E+02 1.203000E+03 1.228000E+03 1.586000E+03 1.473000E+03 1.711000E+03 1.258000E+03 1.198000E+03 1.217000E+03 1.104000E+03 1.015000E+03 8.010000E+02 7.740000E+02 5.980000E+02 6.180000E+02 5.530000E+02 8.480000E+02 8.110000E+02 5.320000E+02 4.330000E+02 4.710000E+02 4.990000E+02 4.220000E+02 3.720000E+02 2.150000E+02
0.000000E+00 0.000000E+00 0.000000E+00 0.000000E+00 0.000000E+00 1.000000E+01 1.000000E+01 9.000000E+00 4.200000E+01 4.600000E+01 1.900000E+01 2.100000E+01 2.800000E+01 8.000000E+01 1.020000E+02 9.600000E+01 1.310000E+02 2.310000E+02 5.280000E+02 6.030000E+02 6.080000E+02 5.830000E+02 6.210000E+02 8.740000E+02 9.520000E+02 1.003000E+03 8.890000E+02 7.980000E+02 9.250000E+02 1.217000E+03 1.626000E+03 1.752000E+03 1.612000E+03 1.491000E+03 1.312000E+03 9.560000E+02 1.221000E+03 1.242000E+03 1.039000E+03 9.850000E+02 7.480000E+02 6.380000E+02 6.940000E+02 6.540000E+02 5.840000E+02 6.140000E+02 4.460000E+02 4.530000E+02 4.070000E+02 3.340000E+02 2.770000E+02 3.410000E+02
0.000000E+00 0.000000E+00 0.000000E+00 0.000000E+00 0.000000E+00 1.000000E+01 1.400000E+01 7.000000E+00 1.000000E+01 1.700000E+01 1.200000E+01 3.300000E+01 4.300000E+01 4.800000E+01 6.400000E+01 8.200000E+01 1.310000E+02 2.590000E+02 4.120000E+02 4.830000E+02 7.630000E+02 7.610000E+02 6.820000E+02 1.131000E+03 1.189000E+03 1.138000E+03 1.194000E+03 1.144000E+03 1.223000E+03 1.488000E+03 1.664000E+03 1.675000E+03 1.540000E+03 1.510000E+03 1.426000E+03 1.168000E+03 8.850000E+02 7.000000E+02 9.450000E+02 8.840000E+02 8.810000E+02 9.390000E+02 8.000000E+02 7.620000E+02 8.270000E+02 6.960000E+02 6.540000E+02 7.630000E+02 5.490000E+02 4.760000E+02 3.300000E+02 2.320000E+02
0.000000E+00 0.000000E+00 0.000000E+00 0.000000E+00 1.000000E+01 2.300000E+01 1.000000E+01 1.100000E+01 3.200000E+01 3.100000E+01 9.400000E+01 8.500000E+01 7.500000E+01 7.600000E+01 8.500000E+01 1.350000E+02 1.640000E+02 1.740000E+02 3.370000E+02 4.450000E+02 6.640000E+02 8.050000E+02 8.110000E+02 9.520000E+02 1.030000E+03 1.443000E+03 1.718000E+03 1.495000E+03 1.269000E+03 1.499000E+03 1.776000E+03 1.628000E+03 1.455000E+03 1.444000E+03 1.403000E+03 1.034000E+03 9.920000E+02 8.890000E+02 7.840000E+02 7.110000E+02 9.110000E+02 9.680000E+02 9.000000E+02 9.270000E+02 8.490000E+02 7.680000E+02 7.400000E+02 6.030000E+02 6.000000E+02 4.990000E+02 3.440000E+02 3.840000E+02
0.000000E+00 0.000000E+00 0.000000E+00 0.000000E+00 3.000000E+01 4.300000E+01 1.300000E+01 2.800000E+01 5.800000E+01 2.900000E+01 2.800000E+01 7.700000E+01 9.700000E+01 1.050000E+02 9.400000E+01 1.150000E+02 1.810000E+02 2.690000E+02 2.930000E+02 3.380000E+02 4.570000E+02 5.640000E+02 6.240000E+02 6.770000E+02 8.590000E+02 1.137000E+03 1.434000E+03 1.816000E+03 1.549000E+03 1.701000E+03 1.530000E+03 1.489000E+03 1.219000E+03 1.410000E+03 1.430000E+03 1.336000E+03 1.023000E+03 7.740000E+02 7.260000E+02 5.670000E+02 7.980000E+02 9.360000E+02 8.700000E+02 7.280000E+02 8.380000E+02 8.630000E+02 7.020000E+02 7.200000E+02 4.950000E+02 5.580000E+02 5.200000E+02 4.270000E+02
0.000000E+00 0.000000E+00 0.000000E+00 0.000000E+00 3.700000E+01 0.000000E+00 0.000000E+00 0.000000E+00 0.000000E+00 1.100000E+01 1.000000E+01 1.400000E+01 3.600000E+01 1.210000E+02 1.060000E+02 1.180000E+02 1.940000E+02 1.550000E+02 3.090000E+02 2.410000E+02 3.510000E+02 3.710000E+02 4.750000E+02 1.064000E+03 1.272000E+03 1.361000E+03 1.441000E+03 1.836000E+03 1.736000E+03 1.736000E+03 1.558000E+03 1.318000E+03 1.003000E+03 1.186000E+03 1.349000E+03 1.300000E+03 1.212000E+03 1.121000E+03 7.010000E+02 5.160000E+02 6.500000E+02 7.490000E+02 8.520000E+02 6.040000E+02 5.500000E+02 5.020000E+02 5.540000E+02 5.270000E+02 6.140000E+02 5.310000E+02 5.040000E+02 3.350000E+02
0.000000E+00 0.000000E+00 0.000000E+00 0.000000E+00 9.000000E+00 4.900000E+01 -1.000000E+00 0.000000E+00 8.000000E+00 8.000000E+00 2.700000E+01 3.200000E+01 4.000000E+01 7.600000E+01 7.100000E+01 2.100000E+02 2.690000E+02 3.010000E+02 4.520000E+02 5.830000E+02 8.220000E+02 7.550000E+02 7.980000E+02 7.560000E+02 1.118000E+03 1.234000E+03 1.508000E+03 1.771000E+03 1.639000E+03 1.664000E+03 1.614000E+03 1.352000E+03 1.076000E+03 9.740000E+02 9.760000E+02 1.064000E+03 1.278000E+03 1.229000E+03 7.780000E+02 5.330000E+02 4.700000E+02 7.810000E+02 7.850000E+02 7.350000E+02 7.610000E+02 6.540000E+02 4.190000E+02 4.620000E+02 4.530000E+02 4.420000E+02 4.380000E+02 2.410000E+02
0.000000E+00 0.000000E+00 0.000000E+00 0.000000E+00 0.000000E+00 0.000000E+00 0.000000E+00 0.000000E+00 0.000000E+00 6.000000E+00 8.000000E+00 1.200000E+01 4.000000E+01 5.800000E+01 9.500000E+01 2.160000E+02 3.050000E+02 2.200000E+02 4.710000E+02 5.960000E+02 8.530000E+02 1.032000E+03 1.023000E+03 1.084000E+03 1.125000E+03 1.548000E+03 1.726000E+03 1.597000E+03 1.557000E+03 1.486000E+03 1.291000E+03 1.274000E+03 9.500000E+02 8.560000E+02 1.228000E+03 1.297000E+03 1.142000E+03 1.076000E+03 8.950000E+02 7.330000E+02 4.820000E+02 6.540000E+02 5.760000E+02 8.120000E+02 7.960000E+02 7.050000E+02 6.050000E+02 4.820000E+02 3.350000E+02 3.320000E+02 2.890000E+02 2.960000E+02
0.000000E+00 0.000000E+00 0.000000E+00 0.000000E+00 0.000000E+00 0.000000E+00 0.000000E+00 0.000000E+00 0.000000E+00 0.000000E+00 0.000000E+00 3.500000E+01 5.900000E+01 7.400000E+01 1.060000E+02 2.050000E+02 2.610000E+02 3.520000E+02 3.690000E+02 4.560000E+02 8.260000E+02 1.057000E+03 1.226000E+03 1.101000E+03 1.055000E+03 1.186000E+03 1.243000E+03 1.536000E+03 1.101000E+03 8.760000E+02 9.550000E+02 6.990000E+02 7.340000E+02 9.220000E+02 1.111000E+03 1.358000E+03 1.172000E+03 1.042000E+03 6.780000E+02 7.410000E+02 6.060000E+02 4.340000E+02 6.310000E+02 8.400000E+02 8.920000E+02 8.000000E+02 7.260000E+02 6.410000E+02 4.860000E+02 4.300000E+02 3.890000E+02 4.550000E+02
0.000000E+00 0.000000E+00 0.000000E+00 0.000000E+00 1.100000E+01 3.800000E+01 6.000000E+00 0.000000E+00 0.000000E+00 0.000000E+00 1.000000E+01 4.900000E+01 4.800000E+01 3.900000E+01 6.600000E+01 2.720000E+02 3.880000E+02 5.370000E+02 7.140000E+02 7.310000E+02 8.790000E+02 9.840000E+02 1.010000E+03 9.650000E+02 7.930000E+02 1.044000E+03 1.066000E+03 1.268000E+03 1.053000E+03 6.840000E+02 6.280000E+02 5.220000E+02 5.260000E+02 9.050000E+02 1.054000E+03 1.251000E+03 1.303000E+03 1.127000E+03 8.170000E+02 6.010000E+02 6.740000E+02 3.540000E+02 4.850000E+02 6.700000E+02 8.100000E+02 7.270000E+02 7.130000E+02 6.590000E+02 3.790000E+02 3.030000E+02 3.370000E+02 5.150000E+02
0.000000E+00 0.000000E+00 0.000000E+00 0.000000E+00 1.700000E+01 1.500000E+01 5.000000E+00 0.000000E+00 0.000000E+00 1.100000E+01 1.300000E+01 3.800000E+01 3.300000E+01 3.800000E+01 7.200000E+01 1.830000E+02 4.810000E+02 7.880000E+02 7.380000E+02 8.130000E+02 8.850000E+02 1.055000E+03 8.280000E+02 8.280000E+02 6.700000E+02 7.200000E+02 9.220000E+02 1.118000E+03 1.050000E+03 9.130000E+02 6.220000E+02 5.780000E+02 7.410000E+02 9.000000E+02 9.870000E+02 1.128000E+03 1.331000E+03 1.175000E+03 0.000000E+00 0.000000E+00 0.000000E+00 0.000000E+00 0.000000E+00 0.000000E+00 0.000000E+00 0.000000E+00 0.000000E+00 0.000000E+00 0.000000E+00 0.000000E+00 0.000000E+00 0.000000E+00
