testing/reference_output/pinatubo_output/pinatubo.regionaltopo.grd
DSAA
129 138
163686.8 292686.8
1581592.4 1719592.4
0.0 0.0
[rows 69 to 91 of 138, columns 0 to 51 of 129]
0.000000E+00 0.000000E+00 0.000000E+00 0.000000E+00 0.000000E+00 0.000000E+00 0.000000E+00 0.000000E+00 0.000000E+00 0.000000E+00 0.000000E+00 0.000000E+00 0.000000E+00 0.000000E+00 1.000000E+00 9.000000E+00 0.000000E+00 0.000000E+00 0.000000E+00 0.000000E+00 1.800000E+01 1.800000E+01 1.900000E+02 3.260000E+02 5.730000E+02 2.590000E+02 1.230000E+02 6.500000E+01 3.300000E+01 5.200000E+01 3.000000E+01 3.500000E+01 3.800000E+01 4.200000E+01 4.000000E+01 4.700000E+01 1.030000E+02 4.300000E+01 4.600000E+01 8.000000E+01 9.000000E+01 7.500000E+01 1.130000E+02 1.540000E+02 1.420000E+02 2.360000E+02 5.270000E+02 6.960000E+02 5.160000E+02 4.800000E+02 3.200000E+02 3.750000E+02
0.000000E+00 0.000000E+00 0.000000E+00 0.000000E+00 0.000000E+00 0.000000E+00 0.000000E+00 0.000000E+00 0.000000E+00 0.000000E+00 0.000000E+00 0.000000E+00 0.000000E+00 0.000000E+00 0.000000E+00 0.000000E+00 0.000000E+00 1.000000E+00 0.000000E+00 0.000000E+00 2.600000E+01 2.320000E+02 2.520000E+02 1.190000E+02 1.220000E+02 1.370000E+02 1.210000E+02 2.100000E+01 2.200000E+01 3.000000E+01 4.600000E+01 3.800000E+01 4.100000E+01 5.200000E+01 4.500000E+01 5.100000E+01 5.200000E+01 4.600000E+01 6.800000E+01 7.400000E+01 1.790000E+02 2.030000E+02 2.770000E+02 4.580000E+02 3.530000E+02 3.090000E+02 2.910000E+02 5.060000E+02 7.210000E+02 7.610000E+02 4.160000E+02 4.330000E+02
0.000000E+00 0.000000E+00 0.000000E+00 0.000000E+00 0.000000E+00 0.000000E+00 0.000000E+00 0.000000E+00 0.000000E+00 0.000000E+00 0.000000E+00 0.000000E+00 0.000000E+00 0.000000E+00 0.000000E+00 0.000000E+00 0.000000E+00 0.000000E+00 0.000000E+00 0.000000E+00 1.500000E+01 1.500000E+01 1.840000E+02 1.600000E+01 1.190000E+02 2.400000E+01 1.800000E+01 2.200000E+01 3.000000E+01 3.200000E+01 4.000000E+01 3.800000E+01 3.900000E+01 5.000000E+01 5.200000E+01 5.600000E+01 6.000000E+01 5.600000E+01 1.900000E+02 1.930000E+02 1.970000E+02 2.500000E+02 4.710000E+02 6.680000E+02 5.870000E+02 4.320000E+02 4.950000E+02 5.820000E+02 5.870000E+02 5.940000E+02 4.640000E+02 5.160000E+02
0.000000E+00 0.000000E+00 0.000000E+00 0.000000E+00 0.000000E+00 0.000000E+00 0.000000E+00 0.000000E+00 0.000000E+00 0.000000E+00 0.000000E+00 0.000000E+00 0.000000E+00 0.000000E+00 0.000000E+00 0.000000E+00 0.000000E+00 0.000000E+00 0.000000E+00 0.000000E+00 1.300000E+01 1.100000E+01 1.600000E+01 1.900000E+01 1.300000E+01 1.500000E+01 2.100000E+01 2.300000E+01 2.900000E+01 3.100000E+01 3.300000E+01 3.700000E+01 4.300000E+01 4.700000E+01 5.500000E+01 5.700000E+01 5.800000E+01 5.800000E+01 2.070000E+02 1.680000E+02 3.320000E+02 1.810000E+02 2.770000E+02 5.070000E+02 6.900000E+02 3.170000E+02 2.410000E+02 2.840000E+02 3.100000E+02 4.130000E+02 4.700000E+02 6.660000E+02
0.000000E+00 0.000000E+00 0.000000E+00 0.000000E+00 0.000000E+00 0.000000E+00 0.000000E+00 0.000000E+00 0.000000E+00 0.000000E+00 0.000000E+00 0.000000E+00 0.000000E+00 0.000000E+00 0.000000E+00 0.000000E+00 0.000000E+00 0.000000E+00 0.000000E+00 0.000000E+00 1.200000E+01 1.300000E+01 1.000000E+01 1.400000E+01 1.400000E+01 1.700000E+01 2.100000E+01 2.400000E+01 3.000000E+01 3.200000E+01 3.800000E+01 4.400000E+01 4.500000E+01 5.000000E+01 5.200000E+01 6.000000E+01 6.500000E+01 6.400000E+01 8.100000E+01 6.300000E+01 9.200000E+01 1.570000E+02 2.480000E+02 5.160000E+02 6.200000E+02 4.180000E+02 1.800000E+02 2.370000E+02 2.210000E+02 3.850000E+02 3.980000E+02 5.790000E+02
0.000000E+00 0.000000E+00 0.000000E+00 0.000000E+00 0.000000E+00 0.000000E+00 0.000000E+00 0.000000E+00 0.000000E+00 0.000000E+00 0.000000E+00 0.000000E+00 0.000000E+00 0.000000E+00 0.000000E+00 0.000000E+00 0.000000E+00 0.000000E+00 0.000000E+00 0.000000E+00 1.100000E+01 1.500000E+01 1.300000E+01 1.100000E+01 1.400000E+01 2.400000E+01 2.200000E+01 2.600000E+01 3.200000E+01 3.500000E+01 4.000000E+01 4.300000E+01 4.300000E+01 5.300000E+01 5.500000E+01 6.600000E+01 6.500000E+01 6.900000E+01 8.000000E+01 1.070000E+02 1.360000E+02 2.390000E+02 3.370000E+02 6.740000E+02 5.500000E+02 4.800000E+02 1.450000E+02 2.310000E+02 1.990000E+02 3.920000E+02 3.100000E+02 5.390000E+02
0.000000E+00 0.000000E+00 0.000000E+00 0.000000E+00 0.000000E+00 0.000000E+00 0.000000E+00 0.000000E+00 0.000000E+00 0.000000E+00 0.000000E+00 0.000000E+00 0.000000E+00 0.000000E+00 0.000000E+00 0.000000E+00 0.000000E+00 0.000000E+00 0.000000E+00 0.000000E+00 9.000000E+00 9.000000E+00 1.200000E+01 1.400000E+01 1.600000E+01 2.400000E+01 2.200000E+01 2.500000E+01 2.800000E+01 3.500000E+01 3.900000E+01 4.300000E+01 4.900000E+01 5.500000E+01 6.300000E+01 6.500000E+01 7.000000E+01 7.600000E+01 1.440000E+02 1.920000E+02 3.130000E+02 3.410000E+02 3.600000E+02 2.340000E+02 1.910000E+02 1.430000E+02 1.290000E+02 1.830000E+02 2.460000E+02 2.480000E+02 2.540000E+02 3.530000E+02
0.000000E+00 0.000000E+00 0.000000E+00 0.000000E+00 0.000000E+00 0.000000E+00 0.000000E+00 0.000000E+00 0.000000E+00 0.000000E+00 0.000000E+00 0.000000E+00 0.000000E+00 0.000000E+00 0.000000E+00 0.000000E+00 0.000000E+00 0.000000E+00 0.000000E+00 0.000000E+00 5.000000E+00 1.100000E+01 1.000000E+01 1.900000E+01 1.700000E+01 2.300000E+01 2.500000E+01 2.700000E+01 3.400000E+01 3.600000E+01 4.300000E+01 4.300000E+01 4.700000E+01 5.900000E+01 6.400000E+01 7.400000E+01 8.000000E+01 8.700000E+01 1.030000E+02 1.040000E+02 1.880000E+02 3.230000E+02 2.690000E+02 2.160000E+02 1.290000E+02 1.290000E+02 1.440000E+02 1.830000E+02 2.690000E+02 3.590000E+02 3.720000E+02 4.950000E+02
0.000000E+00 0.000000E+00 0.000000E+00 0.000000E+00 0.000000E+00 0.000000E+00 0.000000E+00 0.000000E+00 0.000000E+00 0.000000E+00 0.000000E+00 0.000000E+00 0.000000E+00 0.000000E+00 0.000000E+00 0.000000E+00 0.000000E+00 0.000000E+00 0.000000E+00 0.000000E+00 6.000000E+00 9.000000E+00 1.000000E+01 1.300000E+01 1.700000E+01 2.200000E+01 2.500000E+01 3.100000E+01 3.700000E+01 4.300000E+01 4.100000E+01 4.600000E+01 5.200000E+01 6.100000E+01 6.600000E+01 7.300000E+01 7.800000E+01 8.200000E+01 9.800000E+01 1.080000E+02 1.100000E+02 1.210000E+02 1.530000E+02 1.290000E+02 1.280000E+02 1.280000E+02 1.800000E+02 2.400000E+02 4.220000E+02 3.100000E+02 5.050000E+02 5.210000E+02
0.000000E+00 0.000000E+00 0.000000E+00 0.000000E+00 0.000000E+00 0.000000E+00 0.000000E+00 0.000000E+00 0.000000E+00 0.000000E+00 0.000000E+00 0.000000E+00 0.000000E+00 0.000000E+00 0.000000E+00 0.000000E+00 0.000000E+00 0.000000E+00 0.000000E+00 0.000000E+00 9.000000E+00 8.000000E+00 1.600000E+01 1.900000E+01 1.700000E+01 2.300000E+01 2.600000E+01 2.600000E+01 3.300000E+01 3.600000E+01 4.400000E+01 5.000000E+01 5.000000E+01 5.800000E+01 6.500000E+01 7.100000E+01 8.000000E+01 8.700000E+01 9.800000E+01 1.100000E+02 1.180000E+02 1.340000E+02 1.340000E+02 1.430000E+02 1.380000E+02 1.300000E+02 1.360000E+02 1.910000E+02 2.230000E+02 3.560000E+02 5.180000E+02 7.080000E+02
0.000000E+00 0.000000E+00 0.000000E+00 0.000000E+00 0.000000E+00 0.000000E+00 0.000000E+00 0.000000E+00 0.000000E+00 0.000000E+00 0.000000E+00 0.000000E+00 0.000000E+00 0.000000E+00 0.000000E+00 0.000000E+00 0.000000E+00 0.000000E+00 0.000000E+00 0.000000E+00 8.000000E+00 1.100000E+01 1.500000E+01 1.600000E+01 1.700000E+01 2.500000E+01 2.900000E+01 2.700000E+01 3.200000E+01 3.700000E+01 3.800000E+01 1.630000E+02 9.300000E+01 6.600000E+01 1.850000E+02 1.730000E+02 8.100000E+01 8.700000E+01 9.600000E+01 1.080000E+02 1.270000E+02 1.410000E+02 1.460000E+02 1.510000E+02 1.520000E+02 1.440000E+02 2.850000E+02 2.160000E+02 3.130000E+02 3.620000E+02 4.860000E+02 7.750000E+02
0.000000E+00 0.000000E+00 0.000000E+00 0.000000E+00 0.000000E+00 0.000000E+00 0.000000E+00 0.000000E+00 0.000000E+00 0.000000E+00 0.000000E+00 0.000000E+00 0.000000E+00 0.000000E+00 0.000000E+00 0.000000E+00 0.000000E+00 0.000000E+00 0.000000E+00 0.000000E+00 1.000000E+01 1.200000E+01 1.500000E+01 1.900000E+01 1.800000E+01 2.100000E+01 2.300000E+01 2.700000E+01 3.300000E+01 3.400000E+01 1.030000E+02 2.150000E+02 2.830000E+02 1.630000E+02 3.930000E+02 2.770000E+02 7.800000E+01 9.300000E+01 1.130000E+02 1.040000E+02 1.290000E+02 1.580000E+02 1.560000E+02 1.670000E+02 1.670000E+02 1.540000E+02 2.170000E+02 2.960000E+02 4.430000E+02 4.940000E+02 4.940000E+02 8.080000E+02
0.000000E+00 0.000000E+00 0.000000E+00 0.000000E+00 0.000000E+00 0.000000E+00 0.000000E+00 0.000000E+00 0.000000E+00 0.000000E+00 0.000000E+00 0.000000E+00 0.000000E+00 0.000000E+00 0.000000E+00 0.000000E+00 0.000000E+00 0.000000E+00 0.000000E+00 0.000000E+00 1.000000E+01 1.100000E+01 2.000000E+01 1.400000E+01 1.500000E+01 2.100000E+01 2.600000E+01 2.700000E+01 3.100000E+01 2.900000E+01 1.900000E+02 3.290000E+02 5.890000E+02 6.370000E+02 6.260000E+02 5.820000E+02 3.400000E+02 2.270000E+02 1.050000E+02 1.400000E+02 1.620000E+02 1.940000E+02 1.990000E+02 1.920000E+02 2.070000E+02 1.940000E+02 5.840000E+02 4.240000E+02 7.610000E+02 9.750000E+02 1.008000E+03 9.400000E+02
0.000000E+00 0.000000E+00 0.000000E+00 0.000000E+00 0.000000E+00 0.000000E+00 0.000000E+00 0.000000E+00 0.000000E+00 0.000000E+00 0.000000E+00 0.000000E+00 0.000000E+00 0.000000E+00 0.000000E+00 0.000000E+00 0.000000E+00 0.000000E+00 0.000000E+00 0.000000E+00 1.000000E+01 1.000000E+01 7.000000E+00 1.500000E+01 1.800000E+01 1.800000E+01 2.100000E+01 2.200000E+01 2.300000E+01 4.700000E+01 1.480000E+02 6.070000E+02 6.450000E+02 5.490000E+02 5.010000E+02 5.490000E+02 2.640000E+02 2.170000E+02 1.090000E+02 1.330000E+02 1.530000E+02 2.120000E+02 2.260000E+02 2.030000E+02 2.060000E+02 3.110000E+02 5.450000E+02 7.170000E+02 7.810000E+02 8.680000E+02 7.890000E+02 9.800000E+02
0.000000E+00 0.000000E+00 0.000000E+00 0.000000E+00 0.000000E+00 0.000000E+00 0.000000E+00 0.000000E+00 0.000000E+00 0.000000E+00 0.000000E+00 0.000000E+00 0.000000E+00 0.000000E+00 0.000000E+00 0.000000E+00 0.000000E+00 0.000000E+00 0.000000E+00 0.000000E+00 5.000000E+00 1.200000E+01 1.200000E+01 1.500000E+01 1.300000E+01 1.500000E+01 2.000000E+01 2.400000E+01 2.200000E+01 6.500000E+01 2.000000E+02 6.500000E+02 5.200000E+02 3.680000E+02 4.560000E+02 5.310000E+02 3.710000E+02 2.810000E+02 1.370000E+02 1.450000E+02 1.740000E+02 1.980000E+02 2.330000E+02 2.040000E+02 2.320000E+02 2.240000E+02 3.730000E+02 3.430000E+02 4.190000E+02 6.640000E+02 8.260000E+02 9.570000E+02
0.000000E+00 0.000000E+00 0.000000E+00 0.000000E+00 0.000000E+00 0.000000E+00 0.000000E+00 0.000000E+00 0.000000E+00 0.000000E+00 0.000000E+00 0.000000E+00 0.000000E+00 0.000000E+00 0.000000E+00 0.000000E+00 0.000000E+00 0.000000E+00 0.000000E+00 0.000000E+00 0.000000E+00 1.400000E+01 1.000000E+01 1.100000E+01 1.300000E+01 1.500000E+01 2.000000E+01 1.390000E+02 3.700000E+01 1.730000E+02 2.240000E+02 3.840000E+02 2.440000E+02 3.750000E+02 3.610000E+02 3.450000E+02 3.970000E+02 4.080000E+02 3.140000E+02 2.120000E+02 2.130000E+02 2.330000E+02 3.030000E+02 2.960000E+02 2.660000E+02 2.620000E+02 3.210000E+02 4.630000E+02 7.330000E+02 6.090000E+02 6.050000E+02 9.940000E+02
0.000000E+00 0.000000E+00 0.000000E+00 0.000000E+00 0.000000E+00 0.000000E+00 0.000000E+00 0.000000E+00 0.000000E+00 0.000000E+00 0.000000E+00 0.000000E+00 0.000000E+00 0.000000E+00 0.000000E+00 0.000000E+00 0.000000E+00 0.000000E+00 0.000000E+00 0.000000E+00 0.000000E+00 1.300000E+01 1.000000E+01 1.000000E+01 1.400000E+01 1.120000E+02 1.550000E+02 2.310000E+02 2.110000E+02 1.820000E+02 2.440000E+02 2.700000E+02 2.010000E+02 2.690000E+02 4.700000E+02 4.310000E+02 3.890000E+02 3.500000E+02 2.470000E+02 1.970000E+02 2.160000E+02 2.910000E+02 3.110000E+02 3.260000E+02 2.950000E+02 2.830000E+02 6.330000E+02 5.240000E+02 7.600000E+02 8.510000E+02 8.520000E+02 1.008000E+03
0.000000E+00 0.000000E+00 0.000000E+00 0.000000E+00 0.000000E+00 0.000000E+00 0.000000E+00 0.000000E+00 0.000000E+00 0.000000E+00 0.000000E+00 0.000000E+00 0.000000E+00 0.000000E+00 0.000000E+00 0.000000E+00 0.000000E+00 0.000000E+00 0.000000E+00 0.000000E+00 0.000000E+00 1.100000E+01 1.300000E+01 2.000000E+01 9.300000E+01 1.620000E+02 1.580000E+02 8.300000E+01 6.100000E+01 7.800000E+01 8.900000E+01 1.360000E+02 3.060000E+02 5.410000E+02 6.950000E+02 3.900000E+02 2.660000E+02 2.210000E+02 1.690000E+02 2.280000E+02 2.020000E+02 2.790000E+02 2.710000E+02 3.160000E+02 3.900000E+02 3.380000E+02 3.420000E+02 3.830000E+02 5.350000E+02 6.090000E+02 7.200000E+02 1.078000E+03
0.000000E+00 0.000000E+00 0.000000E+00 0.000000E+00 0.000000E+00 0.000000E+00 0.000000E+00 0.000000E+00 0.000000E+00 0.000000E+00 0.000000E+00 0.000000E+00 0.000000E+00 0.000000E+00 0.000000E+00 0.000000E+00 0.000000E+00 0.000000E+00 0.000000E+00 0.000000E+00 1.100000E+01 7.800000E+01 2.400000E+01 3.140000E+02 2.980000E+02 2.280000E+02 3.800000E+01 1.750000E+02 3.000000E+02 2.120000E+02 1.270000E+02 1.830000E+02 2.360000E+02 4.220000E+02 5.120000E+02 2.830000E+02 1.220000E+02 1.550000E+02 2.760000E+02 3.210000E+02 2.340000E+02 2.610000E+02 2.970000E+02 3.940000E+02 4.310000E+02 3.950000E+02 4.980000E+02 4.250000E+02 4.630000E+02 5.680000E+02 7.110000E+02 8.910000E+02
0.000000E+00 0.000000E+00 0.000000E+00 0.000000E+00 0.000000E+00 0.000000E+00 0.000000E+00 0.000000E+00 0.000000E+00 0.000000E+00 0.000000E+00 0.000000E+00 0.000000E+00 0.000000E+00 0.000000E+00 0.000000E+00 0.000000E+00 0.000000E+00 0.000000E+00 0.000000E+00 1.300000E+01 1.500000E+01 1.380000E+02 1.890000E+02 3.500000E+01 2.300000E+01 7.900000E+01 1.910000E+02 1.290000E+02 7.300000E+01 4.000000E+01 4.700000E+01 9.400000E+01 1.920000E+02 3.540000E+02 2.160000E+02 1.150000E+02 1.370000E+02 1.710000E+02 5.240000E+02 3.490000E+02 3.290000E+02 3.400000E+02 5.100000E+02 4.550000E+02 4.560000E+02 4.740000E+02 4.230000E+02 5.400000E+02 6.240000E+02 6.430000E+02 1.077000E+03
0.000000E+00 0.000000E+00 0.000000E+00 0.000000E+00 0.000000E+00 0.000000E+00 0.000000E+00 0.000000E+00 0.000000E+00 0.000000E+00 0.000000E+00 0.000000E+00 0.000000E+00 0.000000E+00 0.000000E+00 0.000000E+00 0.000000E+00 0.000000E+00 0.000000E+00 1.000000E+00 6.400000E+01 6.200000E+01 2.020000E+02 1.220000E+02 3.200000E+01 2.500000E+01 2.300000E+01 2.500000E+01 2.900000E+01 4.200000E+01 1.300000E+02 1.540000E+02 5.300000E+01 1.690000E+02 1.600000E+02 9.500000E+01 2.550000E+02 1.640000E+02 1.880000E+02 4.850000E+02 3.220000E+02 4.010000E+02 4.100000E+02 4.500000E+02 4.690000E+02 5.380000E+02 5.020000E+02 6.650000E+02 7.260000E+02 7.110000E+02 7.160000E+02 9.340000E+02
0.000000E+00 0.000000E+00 0.000000E+00 0.000000E+00 0.000000E+00 0.000000E+00 0.000000E+00 0.000000E+00 0.000000E+00 0.000000E+00 0.000000E+00 0.000000E+00 0.000000E+00 0.000000E+00 0.000000E+00 0.000000E+00 0.000000E+00 0.000000E+00 0.000000E+00 1.100000E+01 8.000000E+00 1.300000E+01 1.900000E+01 1.300000E+01 1.600000E+01 1.500000E+01 7.300000E+01 2.390000E+02 3.080000E+02 2.090000E+02 3.020000E+02 2.640000E+02 3.240000E+02 9.300000E+01 1.270000E+02 1.910000E+02 3.540000E+02 3.610000E+02 3.240000E+02 3.640000E+02 3.050000E+02 3.570000E+02 4.100000E+02 4.340000E+02 4.600000E+02 5.530000E+02 6.240000E+02 6.440000E+02 7.660000E+02 7.430000E+02 7.810000E+02 8.420000E+02
0.000000E+00 0.000000E+00 0.000000E+00 0.000000E+00 0.000000E+00 0.000000E+00 0.000000E+00 0.000000E+00 0.000000E+00 0.000000E+00 0.000000E+00 0.000000E+00 0.000000E+00 0.000000E+00 0.000000E+00 0.000000E+00 0.000000E+00 0.000000E+00 0.000000E+00 8.000000E+00 7.000000E+00 1.200000E+01 1.200000E+01 6.800000E+01 5.800000E+01 6.700000E+01 2.180000E+02 4.010000E+02 2.840000E+02 5.070000E+02 7.030000E+02 6.110000E+02 2.460000E+02 3.930000E+02 2.140000E+02 2.880000E+02 4.260000E+02 3.910000E+02 2.970000E+02 2.990000E+02 2.990000E+02 3.470000E+02 3.810000E+02 4.460000E+02 5.320000E+02 5.760000E+02 6.680000E+02 7.080000E+02 6.790000E+02 8.220000E+02 8.200000E+02 8.740000E+02
