testing/reference_output/mayon_output/mayon.regionaltopo.grd
DSAA
108 105
520861.1 628861.1
1402130.3 1507130.3
0.0 0.0
[rows 23 to 45 of 105, columns 52 to 103 of 108]
0.000000E+00 1.300000E+01 8.000000E+00 1.200000E+01 2.900000E+01 2.000000E+01 1.100000E+01 1.300000E+01 7.000000E+00 1.100000E+01 3.000000E+01 1.200000E+02 6.100000E+01 4.900000E+01 4.900000E+01 1.520000E+02 8.400000E+01 0.000000E+00 0.000000E+00 0.000000E+00 0.000000E+00 0.000000E+00 0.000000E+00 0.000000E+00 0.000000E+00 0.000000E+00 0.000000E+00 0.000000E+00 0.000000E+00 0.000000E+00 0.000000E+00 0.000000E+00 0.000000E+00 0.000000E+00 0.000000E+00 0.000000E+00 0.000000E+00 0.000000E+00 4.000000E+00 6.000000E+00 1.500000E+01 4.600000E+01 5.100000E+01 7.200000E+01 5.600000E+01 3.900000E+01 1.200000E+01 1.100000E+01 6.000000E+00 0.000000E+00 0.000000E+00 0.000000E+00
0.000000E+00 2.000000E+00 1.500000E+01 2.500000E+01 1.400000E+01 2.100000E+01 2.000000E+01 1.000000E+01 1.700000E+01 2.700000E+01 1.030000E+02 7.000000E+01 4.700000E+01 4.700000E+01 5.000000E+01 9.300000E+01 9.100000E+01 9.400000E+01 1.220000E+02 1.380000E+02 0.000000E+00 0.000000E+00 0.000000E+00 0.000000E+00 0.000000E+00 0.000000E+00 0.000000E+00 0.000000E+00 0.000000E+00 0.000000E+00 0.000000E+00 0.000000E+00 0.000000E+00 0.000000E+00 0.000000E+00 0.000000E+00 0.000000E+00 0.000000E+00 3.000000E+00 7.000000E+00 1.100000E+01 3.800000E+01 4.700000E+01 6.300000E+01 4.700000E+01 3.300000E+01 9.000000E+00 7.000000E+00 1.000000E+01 0.000000E+00 0.000000E+00 0.000000E+00
0.000000E+00 0.000000E+00 6.000000E+00 3.100000E+01 2.600000E+01 2.300000E+01 2.500000E+01 1.500000E+01 1.700000E+01 3.600000E+01 6.200000E+01 6.000000E+01 4.600000E+01 4.300000E+01 4.500000E+01 7.800000E+01 1.140000E+02 1.910000E+02 1.630000E+02 8.400000E+01 0.000000E+00 0.000000E+00 0.000000E+00 0.000000E+00 0.000000E+00 0.000000E+00 0.000000E+00 0.000000E+00 0.000000E+00 0.000000E+00 0.000000E+00 0.000000E+00 0.000000E+00 0.000000E+00 0.000000E+00 0.000000E+00 0.000000E+00 0.000000E+00 0.000000E+00 2.000000E+00 5.000000E+00 2.200000E+01 4.800000E+01 5.800000E+01 4.900000E+01 4.100000E+01 3.200000E+01 1.900000E+01 2.100000E+01 2.000000E+00 0.000000E+00 0.000000E+00
1.100000E+01 5.000000E+00 0.000000E+00 2.100000E+01 2.000000E+01 1.300000E+01 7.000000E+00 1.300000E+01 1.700000E+01 1.800000E+01 5.100000E+01 6.000000E+01 4.500000E+01 4.600000E+01 6.500000E+01 4.700000E+01 5.100000E+01 9.500000E+01 7.800000E+01 8.600000E+01 4.500000E+01 0.000000E+00 0.000000E+00 0.000000E+00 0.000000E+00 0.000000E+00 0.000000E+00 0.000000E+00 0.000000E+00 0.000000E+00 0.000000E+00 0.000000E+00 0.000000E+00 0.000000E+00 0.000000E+00 0.000000E+00 0.000000E+00 0.000000E+00 0.000000E+00 0.000000E+00 2.000000E+00 2.100000E+01 4.800000E+01 4.600000E+01 3.900000E+01 2.700000E+01 2.700000E+01 2.400000E+01 6.000000E+00 0.000000E+00 0.000000E+00 0.000000E+00
1.400000E+01 1.500000E+01 8.000000E+00 1.800000E+01 6.000000E+00 9.000000E+00 1.700000E+01 1.200000E+01 3.700000E+01 3.200000E+01 5.600000E+01 5.600000E+01 4.400000E+01 4.500000E+01 4.700000E+01 4.900000E+01 3.900000E+01 3.800000E+01 3.600000E+01 2.600000E+01 3.200000E+01 2.100000E+01 3.100000E+01 0.000000E+00 0.000000E+00 0.000000E+00 0.000000E+00 0.000000E+00 0.000000E+00 0.000000E+00 0.000000E+00 0.000000E+00 0.000000E+00 0.000000E+00 0.000000E+00 0.000000E+00 0.000000E+00 0.000000E+00 0.000000E+00 0.000000E+00 6.000000E+00 3.100000E+01 4.100000E+01 4.100000E+01 3.200000E+01 2.100000E+01 1.100000E+01 2.200000E+01 1.500000E+01 3.000000E+00 0.000000E+00 0.000000E+00
2.700000E+01 1.700000E+01 2.300000E+01 3.400000E+01 2.200000E+01 1.200000E+01 1.100000E+01 2.700000E+01 3.400000E+01 3.700000E+01 4.600000E+01 4.900000E+01 4.900000E+01 4.400000E+01 4.200000E+01 4.200000E+01 3.900000E+01 2.100000E+01 2.300000E+01 1.500000E+01 5.000000E+00 0.000000E+00 3.000000E+00 0.000000E+00 0.000000E+00 0.000000E+00 0.000000E+00 0.000000E+00 0.000000E+00 0.000000E+00 0.000000E+00 0.000000E+00 0.000000E+00 0.000000E+00 0.000000E+00 0.000000E+00 0.000000E+00 0.000000E+00 0.000000E+00 0.000000E+00 5.000000E+00 2.200000E+01 1.900000E+01 3.000000E+01 3.600000E+01 2.400000E+01 2.000000E+01 8.000000E+00 7.000000E+00 4.000000E+00 4.000000E+00 0.000000E+00
2.300000E+01 3.100000E+01 2.300000E+01 3.600000E+01 1.200000E+01 2.000000E+00 1.000000E+01 7.000000E+00 4.300000E+01 3.700000E+01 3.800000E+01 4.300000E+01 4.400000E+01 4.400000E+01 4.500000E+01 4.600000E+01 3.200000E+01 2.500000E+01 2.900000E+01 2.800000E+01 2.900000E+01 1.300000E+01 1.900000E+01 0.000000E+00 0.000000E+00 0.000000E+00 0.000000E+00 0.000000E+00 0.000000E+00 0.000000E+00 0.000000E+00 0.000000E+00 0.000000E+00 0.000000E+00 0.000000E+00 0.000000E+00 0.000000E+00 0.000000E+00 0.000000E+00 3.000000E+00 5.000000E+00 1.100000E+01 2.400000E+01 3.800000E+01 2.400000E+01 1.300000E+01 1.400000E+01 9.000000E+00 5.000000E+00 6.000000E+00 3.000000E+00 0.000000E+00
3.000000E+01 3.700000E+01 3.900000E+01 3.200000E+01 2.700000E+01 1.900000E+01 1.500000E+01 2.600000E+01 3.700000E+01 2.400000E+01 3.600000E+01 5.300000E+01 5.500000E+01 5.400000E+01 7.000000E+01 6.300000E+01 4.400000E+01 4.300000E+01 4.300000E+01 3.700000E+01 3.600000E+01 2.800000E+01 3.200000E+01 0.000000E+00 0.000000E+00 0.000000E+00 0.000000E+00 0.000000E+00 1.000000E+00 1.000000E+00 6.000000E+00 6.000000E+00 1.000000E+01 5.000000E+00 5.000000E+00 0.000000E+00 0.000000E+00 0.000000E+00 0.000000E+00 4.000000E+00 3.000000E+00 4.200000E+01 4.300000E+01 3.300000E+01 3.700000E+01 2.200000E+01 1.200000E+01 2.500000E+01 3.600000E+01 4.000000E+00 3.000000E+00 0.000000E+00
3.600000E+01 2.100000E+01 9.000000E+00 2.800000E+01 3.800000E+01 2.100000E+01 2.800000E+01 2.500000E+01 5.200000E+01 4.700000E+01 7.000000E+01 5.900000E+01 5.500000E+01 6.300000E+01 6.500000E+01 5.700000E+01 5.800000E+01 5.200000E+01 5.300000E+01 5.000000E+01 3.700000E+01 4.500000E+01 4.200000E+01 0.000000E+00 0.000000E+00 0.000000E+00 0.000000E+00 0.000000E+00 3.000000E+00 5.000000E+00 8.000000E+00 1.500000E+01 2.300000E+01 1.300000E+01 1.300000E+01 6.000000E+00 5.000000E+00 0.000000E+00 0.000000E+00 4.000000E+00 4.000000E+00 5.600000E+01 4.100000E+01 3.700000E+01 2.900000E+01 2.100000E+01 1.300000E+01 2.100000E+01 3.300000E+01 2.200000E+01 3.000000E+00 5.000000E+00
5.000000E+01 4.300000E+01 4.000000E+01 2.800000E+01 2.300000E+01 3.200000E+01 4.000000E+01 4.900000E+01 3.900000E+01 6.700000E+01 7.200000E+01 7.800000E+01 6.400000E+01 6.900000E+01 7.300000E+01 7.500000E+01 6.000000E+01 7.300000E+01 7.400000E+01 6.400000E+01 6.000000E+01 7.100000E+01 6.300000E+01 0.000000E+00 2.800000E+01 5.000000E+00 0.000000E+00 0.000000E+00 1.000000E+01 6.000000E+00 1.100000E+01 2.300000E+01 2.600000E+01 3.000000E+01 1.700000E+01 1.400000E+01 1.200000E+01 1.000000E+01 5.000000E+00 1.000000E+01 6.000000E+00 4.900000E+01 5.400000E+01 3.100000E+01 2.900000E+01 2.900000E+01 2.500000E+01 1.700000E+01 4.700000E+01 3.000000E+01 1.100000E+01 0.000000E+00
7.100000E+01 4.400000E+01 3.500000E+01 8.000000E+00 3.100000E+01 3.600000E+01 6.500000E+01 7.400000E+01 8.000000E+01 9.500000E+01 8.800000E+01 8.900000E+01 1.060000E+02 1.040000E+02 1.070000E+02 1.240000E+02 1.290000E+02 1.160000E+02 1.120000E+02 1.380000E+02 1.180000E+02 9.100000E+01 5.500000E+01 4.500000E+01 4.700000E+01 1.210000E+02 1.200000E+02 1.860000E+02 1.690000E+02 1.260000E+02 4.600000E+01 4.600000E+01 7.500000E+01 9.700000E+01 8.400000E+01 6.400000E+01 4.100000E+01 2.900000E+01 2.000000E+01 1.800000E+01 7.000000E+00 4.900000E+01 5.400000E+01 1.400000E+01 3.000000E+00 3.400000E+01 2.800000E+01 3.100000E+01 6.600000E+01 3.300000E+01 1.600000E+01 0.000000E+00
6.700000E+01 4.300000E+01 4.100000E+01 2.200000E+01 3.400000E+01 2.600000E+01 6.100000E+01 6.100000E+01 6.400000E+01 7.700000E+01 1.050000E+02 9.500000E+01 1.100000E+02 1.110000E+02 1.310000E+02 1.520000E+02 1.710000E+02 2.190000E+02 1.450000E+02 2.030000E+02 1.940000E+02 1.440000E+02 1.210000E+02 1.090000E+02 1.130000E+02 1.560000E+02 2.190000E+02 2.480000E+02 2.730000E+02 2.470000E+02 1.090000E+02 8.400000E+01 1.030000E+02 1.440000E+02 1.190000E+02 8.600000E+01 6.400000E+01 5.100000E+01 2.900000E+01 2.700000E+01 1.200000E+01 4.400000E+01 4.200000E+01 6.000000E+00 8.000000E+00 2.700000E+01 2.400000E+01 4.200000E+01 6.400000E+01 2.700000E+01 1.800000E+01 3.000000E+00
4.200000E+01 4.700000E+01 6.000000E+01 3.400000E+01 2.600000E+01 5.900000E+01 8.700000E+01 8.100000E+01 8.900000E+01 8.000000E+01 1.040000E+02 9.300000E+01 1.150000E+02 1.290000E+02 1.410000E+02 1.720000E+02 2.110000E+02 2.470000E+02 1.890000E+02 2.410000E+02 2.490000E+02 2.460000E+02 1.880000E+02 1.650000E+02 2.260000E+02 2.360000E+02 3.090000E+02 2.810000E+02 4.010000E+02 3.040000E+02 1.410000E+02 1.440000E+02 1.720000E+02 1.960000E+02 1.440000E+02 1.000000E+02 8.300000E+01 6.400000E+01 4.100000E+01 2.500000E+01 1.700000E+01 4.600000E+01 3.300000E+01 1.300000E+01 0.000000E+00 9.000000E+00 3.000000E+01 8.300000E+01 6.000000E+01 3.200000E+01 3.300000E+01 1.000000E+00
5.800000E+01 5.800000E+01 4.200000E+01 5.200000E+01 4.300000E+01 7.000000E+01 9.500000E+01 1.010000E+02 1.090000E+02 1.360000E+02 1.200000E+02 1.160000E+02 1.270000E+02 1.390000E+02 1.650000E+02 2.510000E+02 2.530000E+02 3.770000E+02 2.850000E+02 4.380000E+02 5.600000E+02 5.370000E+02 4.940000E+02 4.420000E+02 3.730000E+02 4.410000E+02 4.070000E+02 5.700000E+02 6.370000E+02 5.290000E+02 3.990000E+02 4.980000E+02 4.760000E+02 6.410000E+02 3.670000E+02 2.210000E+02 1.140000E+02 7.800000E+01 4.000000E+01 2.500000E+01 2.000000E+01 3.400000E+01 2.700000E+01 0.000000E+00 0.000000E+00 0.000000E+00 2.200000E+01 7.800000E+01 1.560000E+02 8.200000E+01 4.600000E+01 1.400000E+01
4.400000E+01 5.700000E+01 5.500000E+01 5.700000E+01 1.400000E+01 6.100000E+01 7.100000E+01 1.040000E+02 1.100000E+02 1.340000E+02 1.250000E+02 1.190000E+02 1.380000E+02 1.450000E+02 1.670000E+02 2.760000E+02 3.250000E+02 4.720000E+02 5.040000E+02 3.690000E+02 5.170000E+02 6.330000E+02 6.460000E+02 5.420000E+02 4.780000E+02 5.010000E+02 6.030000E+02 6.610000E+02 8.290000E+02 7.790000E+02 5.170000E+02 6.110000E+02 7.340000E+02 5.970000E+02 3.610000E+02 2.550000E+02 1.150000E+02 8.100000E+01 3.900000E+01 2.100000E+01 1.400000E+01 2.500000E+01 2.000000E+01 0.000000E+00 0.000000E+00 0.000000E+00 1.200000E+01 4.100000E+01 1.120000E+02 1.530000E+02 9.400000E+01 2.800000E+01
6.600000E+01 6.400000E+01 6.100000E+01 4.900000E+01 4.100000E+01 1.600000E+01 7.800000E+01 7.700000E+01 8.600000E+01 1.190000E+02 1.110000E+02 1.150000E+02 1.160000E+02 1.450000E+02 1.610000E+02 2.430000E+02 3.500000E+02 4.780000E+02 5.170000E+02 6.830000E+02 6.430000E+02 5.470000E+02 6.810000E+02 6.240000E+02 6.130000E+02 5.890000E+02 6.220000E+02 6.820000E+02 8.810000E+02 8.920000E+02 4.690000E+02 6.580000E+02 1.000000E+03 4.100000E+02 5.250000E+02 3.380000E+02 9.700000E+01 7.400000E+01 4.000000E+01 1.900000E+01 1.400000E+01 2.300000E+01 1.300000E+01 0.000000E+00 0.000000E+00 0.000000E+00 3.000000E+00 1.100000E+02 2.170000E+02 1.600000E+02 1.510000E+02 1.050000E+02
5.200000E+01 6.400000E+01 6.700000E+01 6.900000E+01 3.500000E+01 4.200000E+01 7.300000E+01 7.600000E+01 8.700000E+01 1.110000E+02 9.900000E+01 9.300000E+01 1.090000E+02 7.300000E+01 3.800000E+01 2.190000E+02 3.350000E+02 5.780000E+02 5.840000E+02 5.620000E+02 5.720000E+02 4.970000E+02 5.010000E+02 6.680000E+02 6.460000E+02 4.760000E+02 4.250000E+02 5.120000E+02 8.480000E+02 7.680000E+02 9.030000E+02 7.210000E+02 7.520000E+02 8.590000E+02 6.420000E+02 4.360000E+02 1.650000E+02 1.000000E+02 8.000000E+00 0.000000E+00 0.000000E+00 0.000000E+00 0.000000E+00 0.000000E+00 0.000000E+00 0.000000E+00 0.000000E+00 9.000000E+00 2.000000E+02 1.730000E+02 1.420000E+02 1.040000E+02
5.400000E+01 6.500000E+01 7.900000E+01 6.200000E+01 2.600000E+01 3.900000E+01 7.500000E+01 8.700000E+01 7.800000E+01 9.600000E+01 4.500000E+01 2.500000E+01 0.000000E+00 0.000000E+00 0.000000E+00 9.400000E+01 1.080000E+02 3.900000E+02 5.370000E+02 4.000000E+02 5.030000E+02 4.970000E+02 5.770000E+02 5.860000E+02 5.700000E+02 3.010000E+02 6.010000E+02 6.510000E+02 6.910000E+02 6.920000E+02 9.980000E+02 9.620000E+02 6.770000E+02 6.600000E+02 5.260000E+02 3.990000E+02 1.420000E+02 8.700000E+01 0.000000E+00 0.000000E+00 0.000000E+00 0.000000E+00 0.000000E+00 0.000000E+00 0.000000E+00 0.000000E+00 0.000000E+00 2.200000E+01 1.690000E+02 1.560000E+02 1.160000E+02 8.000000E+01
6.800000E+01 7.400000E+01 7.000000E+01 6.200000E+01 6.400000E+01 4.500000E+01 5.900000E+01 6.000000E+01 3.100000E+01 0.000000E+00 0.000000E+00 0.000000E+00 0.000000E+00 0.000000E+00 0.000000E+00 1.600000E+01 4.500000E+01 2.850000E+02 2.410000E+02 2.670000E+02 3.460000E+02 2.800000E+02 3.660000E+02 4.080000E+02 3.580000E+02 2.870000E+02 4.820000E+02 5.920000E+02 5.650000E+02 7.910000E+02 4.810000E+02 4.070000E+02 3.820000E+02 3.410000E+02 2.890000E+02 3.350000E+02 8.500000E+01 4.100000E+01 0.000000E+00 0.000000E+00 0.000000E+00 0.000000E+00 0.000000E+00 0.000000E+00 0.000000E+00 0.000000E+00 0.000000E+00 1.100000E+01 2.700000E+01 1.480000E+02 1.190000E+02 6.500000E+01
7.800000E+01 7.500000E+01 7.000000E+01 6.800000E+01 7.900000E+01 2.400000E+01 3.300000E+01 6.000000E+00 4.000000E+00 1.500000E+01 0.000000E+00 0.000000E+00 0.000000E+00 0.000000E+00 0.000000E+00 0.000000E+00 1.900000E+01 2.770000E+02 4.360000E+02 4.160000E+02 3.000000E+02 1.920000E+02 4.120000E+02 4.350000E+02 5.460000E+02 3.240000E+02 5.260000E+02 5.350000E+02 5.190000E+02 5.300000E+02 5.840000E+02 3.160000E+02 2.800000E+02 4.670000E+02 2.870000E+02 1.880000E+02 1.300000E+01 0.000000E+00 0.000000E+00 0.000000E+00 0.000000E+00 0.000000E+00 0.000000E+00 0.000000E+00 0.000000E+00 0.000000E+00 0.000000E+00 0.000000E+00 0.000000E+00 1.200000E+01 8.000000E+00 1.000000E+01
9.800000E+01 8.700000E+01 8.400000E+01 7.800000E+01 4.000000E+01 4.500000E+01 1.500000E+01 7.000000E+00 2.900000E+01 1.700000E+01 0.000000E+00 0.000000E+00 0.000000E+00 0.000000E+00 0.000000E+00 0.000000E+00 0.000000E+00 1.030000E+02 2.320000E+02 2.910000E+02 3.330000E+02 1.590000E+02 3.750000E+02 3.620000E+02 5.450000E+02 2.820000E+02 4.710000E+02 4.440000E+02 4.280000E+02 4.300000E+02 4.560000E+02 3.680000E+02 2.290000E+02 3.550000E+02 2.390000E+02 2.380000E+02 0.000000E+00 0.000000E+00 0.000000E+00 0.000000E+00 0.000000E+00 0.000000E+00 0.000000E+00 0.000000E+00 0.000000E+00 0.000000E+00 0.000000E+00 0.000000E+00 0.000000E+00 0.000000E+00 0.000000E+00 0.000000E+00
8.400000E+01 9.200000E+01 8.500000E+01 7.100000E+01 4.900000E+01 5.100000E+01 2.300000E+01 1.900000E+01 2.700000E+01 0.000000E+00 5.000000E+00 0.000000E+00 0.000000E+00 0.000000E+00 0.000000E+00 0.000000E+00 0.000000E+00 0.000000E+00 9.100000E+01 2.050000E+02 3.260000E+02 1.370000E+02 2.920000E+02 1.890000E+02 3.280000E+02 2.270000E+02 2.280000E+02 2.880000E+02 2.700000E+02 2.380000E+02 2.360000E+02 9.500000E+01 6.500000E+01 6.800000E+01 1.010000E+02 0.000000E+00 0.000000E+00 0.000000E+00 0.000000E+00 0.000000E+00 0.000000E+00 0.000000E+00 0.000000E+00 0.000000E+00 0.000000E+00 0.000000E+00 0.000000E+00 0.000000E+00 0.000000E+00 0.000000E+00 0.000000E+00 0.000000E+00
9.700000E+01 9.400000E+01 1.000000E+02 4.900000E+01 5.400000E+01 4.000000E+01 2.400000E+01 7.500000E+01 6.300000E+01 2.800000E+01 3.700000E+01 0.000000E+00 0.000000E+00 0.000000E+00 0.000000E+00 0.000000E+00 0.000000E+00 1.700000E+01 4.700000E+01 1.330000E+02 1.750000E+02 9.600000E+01 1.660000E+02 2.090000E+02 2.650000E+02 1.720000E+02 1.500000E+02 2.290000E+02 1.670000E+02 1.470000E+02 2.040000E+02 2.110000E+02 3.700000E+01 0.000000E+00 0.000000E+00 0.000000E+00 0.000000E+00 0.000000E+00 0.000000E+00 0.000000E+00 0.000000E+00 0.000000E+00 0.000000E+00 0.000000E+00 0.000000E+00 0.000000E+00 0.000000E+00 0.000000E+00 0.000000E+00 0.000000E+00 0.000000E+00 0.000000E+00
