testing/reference_output/galunggung_output/galunggung.regionaltopo.grd
DSAA
115 112
121639.0 236639.0
9138292.4 9250292.4
0.0 0.0
[rows 23 to 45 of 112, columns 0 to 51 of 115]
0.000000E+00 5.000000E+00 8.000000E+00 3.000000E+01 1.120000E+02 2.100000E+01 7.800000E+01 1.350000E+02 9.900000E+01 2.270000E+02 2.590000E+02 1.670000E+02 3.040000E+02 2.450000E+02 1.510000E+02 3.010000E+02 4.490000E+02 4.300000E+02 4.010000E+02 4.340000E+02 3.130000E+02 3.560000E+02 3.790000E+02 3.170000E+02 6.270000E+02 5.920000E+02 4.850000E+02 4.070000E+02 5.410000E+02 1.840000E+02 3.980000E+02 4.470000E+02 4.480000E+02 5.830000E+02 6.590000E+02 3.630000E+02 4.570000E+02 5.280000E+02 4.560000E+02 4.880000E+02 6.660000E+02 6.460000E+02 6.750000E+02 6.260000E+02 6.130000E+02 4.760000E+02 6.380000E+02 6.770000E+02 6.130000E+02 6.100000E+02 6.170000E+02 4.120000E+02
0.000000E+00 4.700000E+01 6.900000E+01 7.800000E+01 1.490000E+02 1.350000E+02 7.900000E+01 2.080000E+02 2.390000E+02 2.830000E+02 3.010000E+02 1.920000E+02 3.130000E+02 3.980000E+02 2.890000E+02 1.950000E+02 3.350000E+02 4.850000E+02 5.580000E+02 5.040000E+02 3.200000E+02 3.850000E+02 4.690000E+02 2.630000E+02 3.420000E+02 3.750000E+02 5.910000E+02 5.000000E+02 4.450000E+02 2.760000E+02 2.600000E+02 3.790000E+02 7.190000E+02 7.410000E+02 8.030000E+02 5.180000E+02 5.800000E+02 5.420000E+02 4.080000E+02 5.910000E+02 7.490000E+02 6.580000E+02 6.880000E+02 5.940000E+02 4.420000E+02 6.210000E+02 6.700000E+02 6.120000E+02 5.970000E+02 6.280000E+02 6.410000E+02 5.020000E+02
0.000000E+00 1.400000E+01 9.700000E+01 1.350000E+02 2.130000E+02 1.010000E+02 1.490000E+02 2.670000E+02 2.690000E+02 2.260000E+02 3.910000E+02 3.440000E+02 2.200000E+02 2.830000E+02 4.510000E+02 3.210000E+02 2.420000E+02 3.320000E+02 5.560000E+02 4.710000E+02 3.930000E+02 3.980000E+02 5.680000E+02 2.900000E+02 3.420000E+02 3.720000E+02 4.990000E+02 4.550000E+02 3.910000E+02 2.590000E+02 2.640000E+02 3.320000E+02 8.450000E+02 8.650000E+02 8.600000E+02 6.120000E+02 7.080000E+02 4.790000E+02 4.050000E+02 5.410000E+02 7.640000E+02 7.740000E+02 8.040000E+02 7.000000E+02 5.460000E+02 6.880000E+02 7.090000E+02 5.980000E+02 6.910000E+02 5.900000E+02 4.980000E+02 7.110000E+02
0.000000E+00 3.300000E+01 3.300000E+01 4.700000E+01 3.160000E+02 2.330000E+02 2.840000E+02 2.460000E+02 2.240000E+02 3.070000E+02 3.060000E+02 4.290000E+02 4.160000E+02 3.060000E+02 3.530000E+02 3.620000E+02 2.910000E+02 3.770000E+02 5.720000E+02 7.080000E+02 4.920000E+02 4.260000E+02 5.810000E+02 4.580000E+02 4.820000E+02 3.820000E+02 5.120000E+02 4.470000E+02 3.560000E+02 3.530000E+02 4.330000E+02 3.090000E+02 5.620000E+02 8.180000E+02 6.280000E+02 6.780000E+02 7.730000E+02 4.890000E+02 4.360000E+02 5.400000E+02 7.450000E+02 8.610000E+02 7.330000E+02 5.720000E+02 7.350000E+02 7.610000E+02 6.660000E+02 6.670000E+02 7.160000E+02 4.750000E+02 5.950000E+02 4.980000E+02
0.000000E+00 1.030000E+02 1.010000E+02 1.270000E+02 1.570000E+02 3.160000E+02 3.330000E+02 2.850000E+02 1.950000E+02 3.530000E+02 4.310000E+02 4.440000E+02 4.960000E+02 4.560000E+02 2.890000E+02 5.910000E+02 4.500000E+02 4.930000E+02 5.970000E+02 5.870000E+02 5.450000E+02 6.540000E+02 7.020000E+02 7.860000E+02 6.110000E+02 5.930000E+02 6.060000E+02 4.750000E+02 4.930000E+02 4.260000E+02 5.010000E+02 3.170000E+02 5.720000E+02 6.210000E+02 7.860000E+02 8.210000E+02 8.720000E+02 5.670000E+02 5.230000E+02 5.160000E+02 7.080000E+02 8.230000E+02 7.290000E+02 7.740000E+02 8.300000E+02 7.220000E+02 7.230000E+02 7.410000E+02 6.560000E+02 6.410000E+02 5.090000E+02 3.950000E+02
0.000000E+00 2.360000E+02 6.800000E+01 2.930000E+02 7.400000E+01 1.790000E+02 3.490000E+02 3.150000E+02 2.890000E+02 2.580000E+02 3.540000E+02 4.930000E+02 5.740000E+02 5.240000E+02 3.200000E+02 5.750000E+02 4.840000E+02 4.560000E+02 8.580000E+02 7.810000E+02 7.360000E+02 6.060000E+02 8.260000E+02 7.280000E+02 7.760000E+02 6.880000E+02 6.510000E+02 5.550000E+02 5.690000E+02 5.700000E+02 3.620000E+02 4.400000E+02 4.770000E+02 5.790000E+02 6.970000E+02 9.200000E+02 9.540000E+02 6.090000E+02 6.020000E+02 4.900000E+02 8.400000E+02 7.910000E+02 7.440000E+02 8.390000E+02 7.800000E+02 7.000000E+02 7.010000E+02 5.750000E+02 6.800000E+02 5.960000E+02 7.220000E+02 4.430000E+02
0.000000E+00 1.700000E+02 1.070000E+02 3.280000E+02 2.360000E+02 1.280000E+02 1.760000E+02 3.490000E+02 4.490000E+02 5.330000E+02 5.300000E+02 5.500000E+02 5.360000E+02 6.470000E+02 4.800000E+02 6.230000E+02 6.220000E+02 4.770000E+02 8.260000E+02 8.860000E+02 8.850000E+02 4.990000E+02 7.430000E+02 7.770000E+02 8.930000E+02 7.880000E+02 7.050000E+02 6.260000E+02 5.630000E+02 4.130000E+02 4.170000E+02 5.320000E+02 5.570000E+02 7.300000E+02 8.970000E+02 9.490000E+02 9.430000E+02 6.800000E+02 6.370000E+02 5.500000E+02 8.320000E+02 7.680000E+02 8.160000E+02 7.390000E+02 7.600000E+02 7.940000E+02 5.740000E+02 7.150000E+02 6.610000E+02 6.940000E+02 7.250000E+02 5.010000E+02
0.000000E+00 1.920000E+02 1.390000E+02 2.430000E+02 2.340000E+02 1.510000E+02 1.810000E+02 3.450000E+02 4.260000E+02 5.290000E+02 6.580000E+02 6.830000E+02 6.170000E+02 7.350000E+02 6.180000E+02 5.740000E+02 7.130000E+02 6.540000E+02 5.580000E+02 6.750000E+02 8.920000E+02 7.930000E+02 7.610000E+02 9.690000E+02 1.050000E+03 8.750000E+02 8.080000E+02 8.770000E+02 8.260000E+02 6.430000E+02 6.090000E+02 6.910000E+02 6.980000E+02 8.070000E+02 1.105000E+03 1.103000E+03 1.033000E+03 7.040000E+02 6.490000E+02 5.280000E+02 8.740000E+02 7.860000E+02 8.670000E+02 8.480000E+02 8.590000E+02 8.040000E+02 6.930000E+02 7.920000E+02 8.220000E+02 7.510000E+02 5.860000E+02 7.480000E+02
0.000000E+00 3.360000E+02 2.030000E+02 2.050000E+02 2.520000E+02 2.110000E+02 1.600000E+02 2.470000E+02 4.130000E+02 4.540000E+02 5.560000E+02 5.490000E+02 7.070000E+02 7.630000E+02 7.150000E+02 5.210000E+02 6.550000E+02 7.320000E+02 6.360000E+02 7.040000E+02 9.680000E+02 9.480000E+02 9.190000E+02 8.400000E+02 1.079000E+03 9.930000E+02 1.118000E+03 1.071000E+03 9.010000E+02 7.370000E+02 6.970000E+02 7.510000E+02 7.820000E+02 9.320000E+02 1.125000E+03 8.970000E+02 7.730000E+02 6.400000E+02 6.010000E+02 5.830000E+02 7.520000E+02 8.460000E+02 8.980000E+02 7.770000E+02 7.620000E+02 6.760000E+02 7.170000E+02 8.420000E+02 7.370000E+02 6.310000E+02 7.210000E+02 8.100000E+02
0.000000E+00 4.270000E+02 2.800000E+02 2.660000E+02 3.380000E+02 4.690000E+02 3.610000E+02 1.960000E+02 2.470000E+02 3.460000E+02 4.820000E+02 4.770000E+02 5.750000E+02 7.480000E+02 8.670000E+02 9.260000E+02 9.480000E+02 7.640000E+02 7.660000E+02 8.210000E+02 9.180000E+02 1.001000E+03 9.700000E+02 8.290000E+02 8.950000E+02 1.019000E+03 1.286000E+03 1.112000E+03 9.900000E+02 1.017000E+03 7.740000E+02 7.990000E+02 9.720000E+02 1.085000E+03 1.019000E+03 8.600000E+02 7.070000E+02 5.880000E+02 5.850000E+02 5.550000E+02 7.120000E+02 9.090000E+02 8.360000E+02 6.910000E+02 6.820000E+02 7.010000E+02 7.520000E+02 7.740000E+02 7.260000E+02 7.710000E+02 8.120000E+02 8.290000E+02
0.000000E+00 3.930000E+02 3.480000E+02 2.970000E+02 2.910000E+02 3.810000E+02 3.490000E+02 2.330000E+02 2.110000E+02 2.490000E+02 3.890000E+02 4.060000E+02 6.110000E+02 7.550000E+02 9.060000E+02 9.250000E+02 9.970000E+02 9.640000E+02 9.040000E+02 9.230000E+02 1.035000E+03 1.146000E+03 1.089000E+03 9.620000E+02 9.670000E+02 1.128000E+03 1.182000E+03 1.090000E+03 9.820000E+02 9.350000E+02 1.032000E+03 1.078000E+03 1.152000E+03 1.018000E+03 7.680000E+02 7.750000E+02 6.590000E+02 6.240000E+02 5.760000E+02 6.110000E+02 7.640000E+02 7.870000E+02 8.410000E+02 8.310000E+02 9.320000E+02 8.390000E+02 9.060000E+02 8.480000E+02 8.280000E+02 8.440000E+02 7.820000E+02 7.870000E+02
0.000000E+00 4.100000E+02 3.850000E+02 3.710000E+02 2.980000E+02 5.130000E+02 4.380000E+02 5.070000E+02 3.170000E+02 2.790000E+02 2.990000E+02 3.720000E+02 5.210000E+02 6.120000E+02 7.420000E+02 9.020000E+02 9.540000E+02 9.570000E+02 9.700000E+02 9.480000E+02 1.129000E+03 1.207000E+03 1.149000E+03 1.017000E+03 1.002000E+03 1.225000E+03 1.112000E+03 1.111000E+03 1.037000E+03 1.030000E+03 1.076000E+03 1.124000E+03 1.114000E+03 8.960000E+02 8.170000E+02 7.630000E+02 7.200000E+02 6.830000E+02 6.340000E+02 6.250000E+02 8.550000E+02 8.960000E+02 9.000000E+02 8.580000E+02 8.820000E+02 8.580000E+02 8.930000E+02 8.010000E+02 8.440000E+02 8.490000E+02 6.770000E+02 6.340000E+02
0.000000E+00 4.990000E+02 4.730000E+02 4.160000E+02 3.910000E+02 4.370000E+02 5.970000E+02 7.110000E+02 5.830000E+02 4.340000E+02 3.200000E+02 4.080000E+02 3.660000E+02 3.610000E+02 4.380000E+02 5.140000E+02 5.630000E+02 5.920000E+02 6.100000E+02 6.630000E+02 8.280000E+02 1.162000E+03 1.355000E+03 1.128000E+03 1.188000E+03 1.385000E+03 1.123000E+03 9.990000E+02 1.064000E+03 1.163000E+03 1.139000E+03 1.149000E+03 9.500000E+02 7.950000E+02 7.800000E+02 7.130000E+02 6.560000E+02 7.150000E+02 6.630000E+02 6.450000E+02 7.920000E+02 9.040000E+02 9.250000E+02 9.210000E+02 8.970000E+02 8.820000E+02 8.730000E+02 8.600000E+02 7.820000E+02 7.490000E+02 5.510000E+02 4.950000E+02
0.000000E+00 5.100000E+02 4.660000E+02 4.180000E+02 3.880000E+02 5.200000E+02 7.400000E+02 8.100000E+02 5.900000E+02 4.820000E+02 3.350000E+02 3.160000E+02 5.630000E+02 4.630000E+02 6.020000E+02 6.930000E+02 7.420000E+02 7.700000E+02 7.710000E+02 8.060000E+02 8.610000E+02 1.116000E+03 1.147000E+03 1.320000E+03 1.335000E+03 1.415000E+03 1.062000E+03 1.050000E+03 1.076000E+03 1.177000E+03 1.054000E+03 9.400000E+02 7.960000E+02 7.800000E+02 7.600000E+02 6.780000E+02 7.230000E+02 6.850000E+02 7.470000E+02 7.580000E+02 8.470000E+02 9.840000E+02 9.330000E+02 8.950000E+02 8.740000E+02 8.230000E+02 7.970000E+02 8.070000E+02 6.530000E+02 5.940000E+02 5.170000E+02 4.150000E+02
0.000000E+00 5.250000E+02 4.910000E+02 4.160000E+02 4.900000E+02 5.920000E+02 9.380000E+02 8.590000E+02 7.380000E+02 4.140000E+02 5.010000E+02 3.350000E+02 6.420000E+02 5.750000E+02 7.150000E+02 6.250000E+02 6.990000E+02 8.660000E+02 9.110000E+02 9.280000E+02 8.210000E+02 9.590000E+02 1.090000E+03 1.280000E+03 1.421000E+03 1.327000E+03 1.258000E+03 1.027000E+03 1.070000E+03 1.140000E+03 1.127000E+03 8.850000E+02 9.050000E+02 8.790000E+02 7.220000E+02 6.560000E+02 6.550000E+02 7.430000E+02 7.390000E+02 8.750000E+02 9.290000E+02 9.910000E+02 9.420000E+02 9.240000E+02 9.380000E+02 7.760000E+02 7.530000E+02 7.170000E+02 6.480000E+02 5.310000E+02 4.160000E+02 4.870000E+02
0.000000E+00 5.710000E+02 5.500000E+02 5.170000E+02 4.830000E+02 5.400000E+02 7.960000E+02 7.370000E+02 7.120000E+02 6.350000E+02 6.030000E+02 5.230000E+02 6.020000E+02 7.510000E+02 8.250000E+02 8.350000E+02 7.820000E+02 1.025000E+03 1.039000E+03 1.097000E+03 1.031000E+03 1.103000E+03 9.770000E+02 1.446000E+03 1.533000E+03 1.328000E+03 1.154000E+03 1.195000E+03 1.189000E+03 1.201000E+03 9.930000E+02 1.044000E+03 9.570000E+02 8.150000E+02 7.290000E+02 8.150000E+02 7.140000E+02 8.010000E+02 8.610000E+02 8.810000E+02 1.049000E+03 1.055000E+03 1.048000E+03 9.690000E+02 9.360000E+02 7.730000E+02 7.240000E+02 6.280000E+02 5.570000E+02 4.870000E+02 5.950000E+02 4.170000E+02
0.000000E+00 7.040000E+02 6.530000E+02 5.860000E+02 5.850000E+02 5.250000E+02 8.000000E+02 8.280000E+02 7.580000E+02 7.170000E+02 6.930000E+02 5.290000E+02 5.490000E+02 7.100000E+02 8.210000E+02 9.460000E+02 9.210000E+02 9.930000E+02 1.003000E+03 1.094000E+03 1.195000E+03 1.099000E+03 1.131000E+03 1.425000E+03 1.524000E+03 1.354000E+03 1.212000E+03 1.244000E+03 1.276000E+03 1.115000E+03 9.500000E+02 9.200000E+02 8.290000E+02 7.580000E+02 8.160000E+02 8.690000E+02 7.640000E+02 7.140000E+02 7.550000E+02 8.270000E+02 1.071000E+03 1.255000E+03 1.160000E+03 1.043000E+03 9.800000E+02 7.940000E+02 7.770000E+02 6.980000E+02 5.500000E+02 5.230000E+02 4.930000E+02 6.210000E+02
0.000000E+00 1.051000E+03 9.770000E+02 7.340000E+02 7.300000E+02 7.090000E+02 8.250000E+02 9.830000E+02 1.028000E+03 6.850000E+02 6.600000E+02 5.000000E+02 5.410000E+02 5.980000E+02 7.240000E+02 8.990000E+02 9.870000E+02 1.096000E+03 1.168000E+03 1.190000E+03 1.263000E+03 1.211000E+03 1.320000E+03 1.390000E+03 1.531000E+03 1.480000E+03 1.444000E+03 1.330000E+03 1.256000E+03 1.051000E+03 1.075000E+03 8.700000E+02 8.610000E+02 8.930000E+02 9.710000E+02 8.560000E+02 7.420000E+02 7.740000E+02 8.040000E+02 8.760000E+02 1.015000E+03 1.251000E+03 1.188000E+03 9.770000E+02 9.700000E+02 7.690000E+02 7.450000E+02 6.910000E+02 5.190000E+02 6.100000E+02 6.160000E+02 6.360000E+02
0.000000E+00 1.290000E+03 1.121000E+03 8.530000E+02 8.930000E+02 8.340000E+02 7.950000E+02 1.049000E+03 9.000000E+02 6.960000E+02 7.840000E+02 7.020000E+02 7.260000E+02 7.990000E+02 7.650000E+02 9.050000E+02 8.470000E+02 1.084000E+03 1.227000E+03 1.286000E+03 1.462000E+03 1.639000E+03 1.617000E+03 1.777000E+03 1.696000E+03 1.672000E+03 1.604000E+03 1.526000E+03 1.436000E+03 1.355000E+03 1.323000E+03 1.163000E+03 1.007000E+03 8.960000E+02 8.130000E+02 8.050000E+02 8.320000E+02 8.390000E+02 9.510000E+02 1.035000E+03 1.191000E+03 1.112000E+03 9.900000E+02 8.760000E+02 8.380000E+02 6.750000E+02 6.610000E+02 6.300000E+02 6.090000E+02 6.750000E+02 7.630000E+02 6.440000E+02
0.000000E+00 1.285000E+03 1.261000E+03 9.920000E+02 1.034000E+03 9.540000E+02 8.920000E+02 1.149000E+03 1.087000E+03 9.340000E+02 9.040000E+02 9.300000E+02 8.390000E+02 9.010000E+02 8.380000E+02 9.520000E+02 8.860000E+02 1.221000E+03 1.169000E+03 1.292000E+03 1.483000E+03 1.595000E+03 1.646000E+03 1.654000E+03 1.570000E+03 1.679000E+03 1.620000E+03 1.464000E+03 1.335000E+03 1.303000E+03 1.325000E+03 1.048000E+03 9.010000E+02 8.820000E+02 8.280000E+02 8.800000E+02 8.950000E+02 9.310000E+02 9.460000E+02 1.062000E+03 1.407000E+03 1.207000E+03 1.051000E+03 8.900000E+02 8.230000E+02 7.050000E+02 6.910000E+02 7.810000E+02 7.260000E+02 7.390000E+02 6.720000E+02 6.470000E+02
0.000000E+00 1.083000E+03 1.332000E+03 1.195000E+03 1.216000E+03 9.650000E+02 1.075000E+03 1.098000E+03 9.310000E+02 1.195000E+03 1.171000E+03 1.059000E+03 8.310000E+02 1.020000E+03 9.420000E+02 9.420000E+02 1.040000E+03 1.120000E+03 1.152000E+03 1.293000E+03 1.532000E+03 1.574000E+03 1.535000E+03 1.551000E+03 1.573000E+03 1.519000E+03 1.453000E+03 1.413000E+03 1.375000E+03 1.317000E+03 1.425000E+03 1.149000E+03 9.870000E+02 9.260000E+02 9.100000E+02 9.730000E+02 1.036000E+03 9.860000E+02 1.136000E+03 1.158000E+03 1.188000E+03 1.106000E+03 1.043000E+03 8.530000E+02 8.380000E+02 8.420000E+02 7.620000E+02 7.100000E+02 5.970000E+02 6.070000E+02 6.220000E+02 5.180000E+02
1.207000E+03 1.077000E+03 1.266000E+03 1.315000E+03 1.246000E+03 1.172000E+03 1.010000E+03 1.074000E+03 1.061000E+03 1.186000E+03 1.229000E+03 1.129000E+03 8.810000E+02 1.010000E+03 1.176000E+03 1.136000E+03 1.195000E+03 1.275000E+03 1.278000E+03 1.303000E+03 1.421000E+03 1.391000E+03 1.376000E+03 1.449000E+03 1.314000E+03 1.438000E+03 1.348000E+03 1.289000E+03 1.329000E+03 1.353000E+03 1.356000E+03 1.297000E+03 1.099000E+03 1.097000E+03 1.238000E+03 1.226000E+03 1.414000E+03 1.247000E+03 1.183000E+03 1.250000E+03 9.910000E+02 1.046000E+03 8.880000E+02 8.260000E+02 7.390000E+02 7.270000E+02 6.930000E+02 6.720000E+02 6.040000E+02 5.910000E+02 5.460000E+02 5.360000E+02
1.291000E+03 1.173000E+03 1.300000E+03 1.378000E+03 1.218000E+03 1.005000E+03 1.030000E+03 1.050000E+03 1.125000E+03 1.282000E+03 1.187000E+03 1.129000E+03 1.073000E+03 1.132000E+03 1.203000E+03 1.246000E+03 1.290000E+03 1.314000E+03 1.323000E+03 1.338000E+03 1.344000E+03 1.329000E+03 1.290000E+03 1.297000E+03 1.333000E+03 1.365000E+03 1.283000E+03 1.279000E+03 1.299000E+03 1.417000E+03 1.400000E+03 1.352000E+03 1.272000E+03 1.170000E+03 1.390000E+03 1.405000E+03 1.480000E+03 1.373000E+03 1.252000E+03 1.075000E+03 9.050000E+02 8.640000E+02 7.570000E+02 7.000000E+02 6.810000E+02 6.180000E+02 6.060000E+02 5.990000E+02 6.190000E+02 5.600000E+02 5.860000E+02 5.480000E+02
