testing/reference_output/galunggung_output/galunggung.regionaltopo.grd
DSAA
115 112
121639.0 236639.0
9138292.4 9250292.4
0.0 0.0
[rows 46 to 68 of 112, columns 52 to 103 of 115]
5.310000E+02 5.060000E+02 4.590000E+02 4.760000E+02 4.140000E+02 4.260000E+02 4.070000E+02 4.070000E+02 3.800000E+02 3.910000E+02 3.830000E+02 3.600000E+02 3.690000E+02 3.620000E+02 3.740000E+02 3.690000E+02 3.580000E+02 3.460000E+02 3.500000E+02 3.590000E+02 3.560000E+02 3.470000E+02 3.710000E+02 3.550000E+02 3.430000E+02 3.300000E+02 3.360000E+02 2.930000E+02 2.980000E+02 2.850000E+02 2.640000E+02 2.550000E+02 2.680000E+02 2.460000E+02 2.590000E+02 2.360000E+02 2.250000E+02 2.110000E+02 1.890000E+02 1.770000E+02 9.300000E+01 9.300000E+01 1.580000E+02 1.410000E+02 1.280000E+02 1.140000E+02 4.500000E+01 1.130000E+02 1.030000E+02 5.600000E+01 6.000000E+01 5.200000E+01
5.330000E+02 5.310000E+02 4.600000E+02 4.430000E+02 4.360000E+02 4.330000E+02 4.280000E+02 4.050000E+02 4.010000E+02 3.970000E+02 3.850000E+02 3.810000E+02 3.820000E+02 3.770000E+02 3.860000E+02 3.770000E+02 3.630000E+02 3.540000E+02 3.560000E+02 3.620000E+02 3.600000E+02 3.440000E+02 3.400000E+02 3.380000E+02 3.370000E+02 3.200000E+02 3.090000E+02 3.070000E+02 2.880000E+02 2.850000E+02 2.680000E+02 2.660000E+02 2.590000E+02 2.470000E+02 2.320000E+02 1.960000E+02 1.350000E+02 2.020000E+02 1.460000E+02 1.710000E+02 1.820000E+02 1.460000E+02 6.500000E+01 9.100000E+01 6.000000E+01 5.900000E+01 9.500000E+01 6.300000E+01 7.200000E+01 7.200000E+01 5.200000E+01 5.000000E+01
5.400000E+02 5.160000E+02 4.720000E+02 4.640000E+02 4.500000E+02 4.470000E+02 4.380000E+02 4.300000E+02 4.120000E+02 4.130000E+02 4.090000E+02 4.120000E+02 4.050000E+02 4.120000E+02 3.930000E+02 3.910000E+02 3.780000E+02 3.630000E+02 3.510000E+02 3.540000E+02 3.560000E+02 3.460000E+02 3.360000E+02 3.290000E+02 3.230000E+02 3.110000E+02 3.100000E+02 2.810000E+02 2.860000E+02 2.750000E+02 2.610000E+02 1.840000E+02 2.330000E+02 2.240000E+02 2.120000E+02 2.020000E+02 1.740000E+02 1.910000E+02 1.810000E+02 1.570000E+02 1.660000E+02 1.490000E+02 1.330000E+02 1.250000E+02 1.170000E+02 1.130000E+02 7.000000E+01 4.500000E+01 3.800000E+01 3.600000E+01 5.800000E+01 5.600000E+01
5.670000E+02 5.200000E+02 4.900000E+02 4.840000E+02 4.660000E+02 4.530000E+02 4.580000E+02 4.400000E+02 4.230000E+02 4.200000E+02 4.310000E+02 4.180000E+02 4.170000E+02 4.100000E+02 4.010000E+02 3.950000E+02 3.870000E+02 3.710000E+02 3.520000E+02 3.490000E+02 3.460000E+02 3.350000E+02 3.290000E+02 3.190000E+02 3.070000E+02 3.070000E+02 2.840000E+02 2.630000E+02 2.810000E+02 2.200000E+02 1.950000E+02 2.560000E+02 2.150000E+02 2.130000E+02 2.060000E+02 1.960000E+02 1.940000E+02 1.820000E+02 1.730000E+02 1.600000E+02 1.490000E+02 1.350000E+02 1.200000E+02 1.170000E+02 1.090000E+02 1.020000E+02 8.900000E+01 9.200000E+01 8.700000E+01 3.900000E+01 9.300000E+01 8.900000E+01
5.880000E+02 5.510000E+02 5.280000E+02 5.130000E+02 4.870000E+02 4.870000E+02 4.910000E+02 4.580000E+02 4.590000E+02 4.460000E+02 4.450000E+02 4.380000E+02 4.400000E+02 4.320000E+02 4.380000E+02 4.170000E+02 3.770000E+02 3.690000E+02 3.580000E+02 3.510000E+02 3.440000E+02 3.350000E+02 3.310000E+02 3.300000E+02 3.150000E+02 2.680000E+02 2.520000E+02 2.350000E+02 2.530000E+02 2.150000E+02 2.480000E+02 2.410000E+02 2.260000E+02 2.190000E+02 2.080000E+02 1.920000E+02 1.800000E+02 1.750000E+02 1.510000E+02 1.400000E+02 1.340000E+02 1.200000E+02 1.090000E+02 1.110000E+02 1.240000E+02 1.190000E+02 9.700000E+01 9.600000E+01 8.800000E+01 4.000000E+01 6.900000E+01 7.400000E+01
5.730000E+02 5.650000E+02 5.470000E+02 5.380000E+02 5.120000E+02 5.100000E+02 5.100000E+02 4.750000E+02 4.660000E+02 4.610000E+02 4.510000E+02 4.470000E+02 4.420000E+02 4.400000E+02 4.260000E+02 3.850000E+02 3.790000E+02 3.710000E+02 3.580000E+02 3.520000E+02 3.490000E+02 3.390000E+02 3.230000E+02 2.950000E+02 2.690000E+02 3.150000E+02 3.100000E+02 2.960000E+02 2.860000E+02 2.590000E+02 2.570000E+02 2.500000E+02 2.260000E+02 2.100000E+02 1.910000E+02 1.670000E+02 1.650000E+02 1.520000E+02 1.550000E+02 1.450000E+02 1.440000E+02 1.400000E+02 1.400000E+02 1.270000E+02 1.230000E+02 1.190000E+02 1.130000E+02 1.260000E+02 1.200000E+02 9.100000E+01 8.100000E+01 1.040000E+02
5.830000E+02 5.910000E+02 5.820000E+02 5.610000E+02 5.400000E+02 5.400000E+02 5.240000E+02 4.830000E+02 4.840000E+02 4.700000E+02 4.570000E+02 4.530000E+02 4.550000E+02 4.240000E+02 4.160000E+02 3.970000E+02 3.860000E+02 3.790000E+02 3.610000E+02 3.480000E+02 3.480000E+02 3.190000E+02 3.070000E+02 3.260000E+02 3.040000E+02 3.230000E+02 2.930000E+02 3.200000E+02 2.990000E+02 2.700000E+02 2.720000E+02 2.580000E+02 2.470000E+02 2.180000E+02 2.040000E+02 1.900000E+02 1.700000E+02 1.620000E+02 1.510000E+02 1.610000E+02 1.420000E+02 1.570000E+02 1.420000E+02 1.450000E+02 1.350000E+02 1.360000E+02 1.380000E+02 1.270000E+02 1.130000E+02 1.190000E+02 1.160000E+02 1.300000E+02
6.920000E+02 7.100000E+02 6.890000E+02 6.790000E+02 6.430000E+02 6.160000E+02 5.770000E+02 5.220000E+02 5.110000E+02 4.960000E+02 4.740000E+02 4.700000E+02 4.690000E+02 4.570000E+02 4.340000E+02 4.110000E+02 3.960000E+02 3.880000E+02 3.690000E+02 3.570000E+02 3.470000E+02 3.410000E+02 3.350000E+02 3.320000E+02 3.180000E+02 3.120000E+02 3.150000E+02 3.530000E+02 3.640000E+02 2.830000E+02 2.760000E+02 2.650000E+02 2.290000E+02 2.190000E+02 1.980000E+02 1.870000E+02 1.830000E+02 1.590000E+02 1.640000E+02 1.450000E+02 1.640000E+02 1.640000E+02 1.320000E+02 1.420000E+02 1.340000E+02 1.470000E+02 1.430000E+02 1.430000E+02 1.440000E+02 1.540000E+02 1.370000E+02 1.440000E+02
7.500000E+02 7.600000E+02 7.760000E+02 7.570000E+02 7.210000E+02 6.870000E+02 6.340000E+02 5.400000E+02 5.200000E+02 5.050000E+02 4.860000E+02 4.790000E+02 4.720000E+02 4.780000E+02 4.450000E+02 4.250000E+02 4.080000E+02 3.920000E+02 3.640000E+02 3.600000E+02 3.540000E+02 3.540000E+02 3.790000E+02 3.540000E+02 4.090000E+02 3.890000E+02 3.700000E+02 3.770000E+02 3.630000E+02 3.210000E+02 3.450000E+02 3.480000E+02 3.090000E+02 2.740000E+02 2.420000E+02 1.950000E+02 1.790000E+02 1.560000E+02 1.730000E+02 1.760000E+02 1.770000E+02 1.450000E+02 1.590000E+02 1.620000E+02 1.550000E+02 1.860000E+02 1.740000E+02 1.600000E+02 1.750000E+02 1.900000E+02 2.070000E+02 2.370000E+02
8.400000E+02 8.530000E+02 8.960000E+02 8.510000E+02 8.110000E+02 7.420000E+02 7.190000E+02 5.570000E+02 5.310000E+02 5.200000E+02 4.960000E+02 4.850000E+02 4.740000E+02 4.490000E+02 4.390000E+02 4.190000E+02 4.000000E+02 3.830000E+02 3.760000E+02 3.700000E+02 3.670000E+02 4.110000E+02 4.210000E+02 4.450000E+02 4.210000E+02 4.690000E+02 4.160000E+02 4.190000E+02 3.590000E+02 3.490000E+02 3.510000E+02 3.340000E+02 3.120000E+02 3.120000E+02 2.770000E+02 2.010000E+02 1.720000E+02 1.900000E+02 1.950000E+02 1.910000E+02 1.980000E+02 1.740000E+02 1.900000E+02 1.880000E+02 1.750000E+02 1.850000E+02 1.830000E+02 1.710000E+02 1.860000E+02 1.960000E+02 2.290000E+02 2.830000E+02
1.060000E+03 1.195000E+03 1.274000E+03 1.268000E+03 1.014000E+03 7.270000E+02 6.750000E+02 5.950000E+02 5.690000E+02 5.470000E+02 5.030000E+02 4.930000E+02 4.840000E+02 4.780000E+02 4.530000E+02 4.190000E+02 4.020000E+02 4.170000E+02 4.730000E+02 4.100000E+02 4.190000E+02 5.320000E+02 5.550000E+02 5.250000E+02 5.280000E+02 5.300000E+02 5.210000E+02 4.250000E+02 4.010000E+02 3.930000E+02 3.860000E+02 3.560000E+02 3.220000E+02 2.990000E+02 2.850000E+02 2.030000E+02 2.360000E+02 2.120000E+02 1.980000E+02 1.890000E+02 2.090000E+02 1.710000E+02 1.810000E+02 2.040000E+02 1.790000E+02 1.990000E+02 1.650000E+02 1.830000E+02 1.630000E+02 2.240000E+02 2.400000E+02 2.790000E+02
1.234000E+03 1.391000E+03 1.577000E+03 1.325000E+03 8.670000E+02 7.670000E+02 7.230000E+02 6.500000E+02 5.880000E+02 5.770000E+02 5.220000E+02 5.210000E+02 5.090000E+02 4.760000E+02 4.540000E+02 4.230000E+02 4.150000E+02 4.260000E+02 4.450000E+02 5.020000E+02 4.850000E+02 5.870000E+02 6.260000E+02 5.460000E+02 5.820000E+02 6.260000E+02 6.050000E+02 4.630000E+02 4.310000E+02 4.280000E+02 4.310000E+02 3.910000E+02 3.470000E+02 3.440000E+02 3.000000E+02 3.090000E+02 3.010000E+02 2.950000E+02 2.640000E+02 2.110000E+02 1.740000E+02 1.950000E+02 1.770000E+02 2.070000E+02 1.990000E+02 1.630000E+02 2.030000E+02 2.190000E+02 2.050000E+02 2.670000E+02 2.710000E+02 3.330000E+02
1.401000E+03 1.730000E+03 1.236000E+03 1.144000E+03 9.220000E+02 8.530000E+02 7.600000E+02 7.260000E+02 6.280000E+02 5.970000E+02 5.790000E+02 5.510000E+02 5.410000E+02 4.750000E+02 4.540000E+02 4.160000E+02 4.320000E+02 4.410000E+02 4.720000E+02 5.010000E+02 5.430000E+02 7.430000E+02 7.720000E+02 6.810000E+02 7.280000E+02 7.120000E+02 5.610000E+02 5.730000E+02 5.220000E+02 4.770000E+02 4.660000E+02 4.440000E+02 3.830000E+02 3.600000E+02 3.070000E+02 2.820000E+02 3.160000E+02 3.030000E+02 1.990000E+02 1.960000E+02 2.140000E+02 2.130000E+02 1.980000E+02 1.940000E+02 1.940000E+02 1.780000E+02 2.230000E+02 2.400000E+02 2.660000E+02 2.780000E+02 2.790000E+02 3.280000E+02
1.504000E+03 2.118000E+03 1.754000E+03 1.669000E+03 1.276000E+03 1.105000E+03 9.370000E+02 8.230000E+02 7.800000E+02 7.120000E+02 6.360000E+02 6.140000E+02 5.500000E+02 4.870000E+02 4.690000E+02 4.410000E+02 4.320000E+02 4.900000E+02 5.960000E+02 5.300000E+02 6.610000E+02 7.350000E+02 9.430000E+02 9.860000E+02 8.260000E+02 7.970000E+02 7.600000E+02 7.380000E+02 6.050000E+02 5.570000E+02 5.590000E+02 5.230000E+02 4.360000E+02 4.190000E+02 3.980000E+02 3.450000E+02 2.960000E+02 2.940000E+02 2.700000E+02 2.290000E+02 2.300000E+02 2.120000E+02 1.970000E+02 2.100000E+02 2.090000E+02 2.170000E+02 2.500000E+02 2.580000E+02 2.980000E+02 2.930000E+02 3.050000E+02 3.220000E+02
1.503000E+03 1.980000E+03 1.941000E+03 1.777000E+03 1.303000E+03 1.103000E+03 9.980000E+02 8.320000E+02 7.840000E+02 7.050000E+02 6.780000E+02 6.660000E+02 5.060000E+02 4.900000E+02 4.740000E+02 4.400000E+02 4.280000E+02 4.890000E+02 5.980000E+02 6.130000E+02 6.930000E+02 8.060000E+02 8.880000E+02 1.026000E+03 8.860000E+02 9.710000E+02 9.510000E+02 7.500000E+02 6.270000E+02 5.860000E+02 5.820000E+02 5.120000E+02 4.490000E+02 4.380000E+02 3.880000E+02 3.180000E+02 3.090000E+02 2.870000E+02 2.280000E+02 2.830000E+02 2.620000E+02 2.290000E+02 2.450000E+02 2.050000E+02 2.500000E+02 2.970000E+02 2.840000E+02 3.310000E+02 3.440000E+02 3.410000E+02 3.230000E+02 3.450000E+02
1.641000E+03 2.056000E+03 2.004000E+03 1.858000E+03 1.317000E+03 1.115000E+03 9.730000E+02 7.890000E+02 7.480000E+02 7.760000E+02 7.260000E+02 6.650000E+02 5.130000E+02 4.850000E+02 4.880000E+02 4.490000E+02 4.350000E+02 4.490000E+02 5.980000E+02 7.040000E+02 6.210000E+02 1.043000E+03 1.153000E+03 1.122000E+03 1.189000E+03 9.930000E+02 8.860000E+02 8.590000E+02 6.330000E+02 6.720000E+02 6.020000E+02 5.510000E+02 4.860000E+02 4.440000E+02 3.870000E+02 2.940000E+02 2.770000E+02 3.050000E+02 2.370000E+02 2.770000E+02 2.570000E+02 2.570000E+02 2.570000E+02 2.780000E+02 2.840000E+02 2.700000E+02 3.470000E+02 3.660000E+02 3.920000E+02 3.610000E+02 3.640000E+02 3.450000E+02
1.622000E+03 1.843000E+03 1.781000E+03 1.762000E+03 1.531000E+03 1.240000E+03 1.079000E+03 9.230000E+02 8.690000E+02 8.020000E+02 7.370000E+02 6.640000E+02 5.600000E+02 5.350000E+02 5.090000E+02 4.720000E+02 4.500000E+02 4.600000E+02 6.190000E+02 7.390000E+02 9.050000E+02 9.290000E+02 8.530000E+02 8.780000E+02 1.393000E+03 1.259000E+03 9.630000E+02 7.670000E+02 7.570000E+02 8.340000E+02 7.210000E+02 6.050000E+02 5.950000E+02 5.150000E+02 4.680000E+02 3.760000E+02 3.390000E+02 2.730000E+02 3.660000E+02 4.050000E+02 3.660000E+02 3.210000E+02 3.290000E+02 3.860000E+02 4.010000E+02 3.950000E+02 4.310000E+02 4.060000E+02 4.140000E+02 3.900000E+02 3.540000E+02 3.370000E+02
1.582000E+03 1.789000E+03 1.781000E+03 1.652000E+03 1.429000E+03 1.255000E+03 1.101000E+03 8.910000E+02 8.520000E+02 7.950000E+02 7.020000E+02 6.690000E+02 5.730000E+02 5.360000E+02 5.160000E+02 4.740000E+02 4.660000E+02 4.660000E+02 6.030000E+02 7.310000E+02 9.680000E+02 1.289000E+03 1.114000E+03 1.024000E+03 1.308000E+03 1.268000E+03 8.760000E+02 8.400000E+02 8.170000E+02 9.200000E+02 7.340000E+02 6.950000E+02 5.400000E+02 4.940000E+02 4.520000E+02 3.490000E+02 2.900000E+02 2.900000E+02 4.100000E+02 4.460000E+02 4.360000E+02 4.250000E+02 4.420000E+02 3.790000E+02 4.410000E+02 4.190000E+02 4.400000E+02 4.130000E+02 3.780000E+02 3.530000E+02 3.500000E+02 3.390000E+02
1.360000E+03 1.644000E+03 1.728000E+03 1.773000E+03 1.525000E+03 1.219000E+03 1.119000E+03 8.730000E+02 8.210000E+02 8.260000E+02 6.860000E+02 6.620000E+02 5.840000E+02 5.490000E+02 5.170000E+02 4.730000E+02 4.540000E+02 4.720000E+02 6.890000E+02 7.980000E+02 8.740000E+02 1.139000E+03 1.493000E+03 1.217000E+03 1.328000E+03 1.144000E+03 1.002000E+03 1.006000E+03 8.940000E+02 1.090000E+03 8.450000E+02 7.100000E+02 5.360000E+02 4.970000E+02 4.480000E+02 3.530000E+02 3.160000E+02 3.130000E+02 3.660000E+02 4.090000E+02 4.680000E+02 4.520000E+02 4.320000E+02 4.070000E+02 4.450000E+02 4.400000E+02 4.190000E+02 3.810000E+02 3.760000E+02 3.460000E+02 3.430000E+02 3.490000E+02
1.377000E+03 1.603000E+03 1.653000E+03 1.746000E+03 1.371000E+03 1.191000E+03 1.022000E+03 8.790000E+02 8.230000E+02 7.960000E+02 6.850000E+02 6.390000E+02 5.680000E+02 5.330000E+02 5.060000E+02 4.670000E+02 4.570000E+02 4.700000E+02 6.690000E+02 7.930000E+02 1.027000E+03 1.429000E+03 1.616000E+03 1.533000E+03 1.467000E+03 1.574000E+03 1.523000E+03 1.270000E+03 1.233000E+03 9.410000E+02 7.830000E+02 6.530000E+02 5.070000E+02 4.330000E+02 4.180000E+02 3.800000E+02 3.930000E+02 3.790000E+02 3.800000E+02 4.260000E+02 4.410000E+02 4.390000E+02 4.730000E+02 4.380000E+02 4.900000E+02 5.030000E+02 4.760000E+02 4.510000E+02 4.270000E+02 3.770000E+02 3.680000E+02 3.600000E+02
1.352000E+03 1.517000E+03 1.708000E+03 1.607000E+03 1.300000E+03 1.249000E+03 1.132000E+03 8.510000E+02 8.060000E+02 7.770000E+02 6.670000E+02 6.300000E+02 5.540000E+02 5.090000E+02 4.970000E+02 4.660000E+02 4.520000E+02 5.370000E+02 9.150000E+02 1.144000E+03 1.131000E+03 1.413000E+03 1.479000E+03 1.564000E+03 1.593000E+03 1.570000E+03 1.244000E+03 1.275000E+03 9.220000E+02 7.250000E+02 6.820000E+02 6.180000E+02 4.780000E+02 4.560000E+02 4.220000E+02 3.830000E+02 3.940000E+02 3.780000E+02 3.820000E+02 4.430000E+02 4.470000E+02 4.220000E+02 4.470000E+02 4.700000E+02 4.750000E+02 4.800000E+02 4.480000E+02 4.400000E+02 4.340000E+02 4.230000E+02 4.420000E+02 4.400000E+02
1.102000E+03 1.227000E+03 1.306000E+03 1.394000E+03 1.240000E+03 1.122000E+03 9.860000E+02 8.050000E+02 7.060000E+02 6.700000E+02 5.990000E+02 5.670000E+02 5.240000E+02 4.950000E+02 4.750000E+02 4.700000E+02 4.550000E+02 4.910000E+02 8.890000E+02 1.103000E+03 1.241000E+03 1.305000E+03 1.349000E+03 1.353000E+03 1.340000E+03 1.383000E+03 1.120000E+03 1.144000E+03 9.420000E+02 7.000000E+02 6.160000E+02 5.780000E+02 4.950000E+02 4.770000E+02 4.300000E+02 3.750000E+02 3.740000E+02 3.640000E+02 4.160000E+02 4.480000E+02 4.200000E+02 4.310000E+02 4.510000E+02 4.460000E+02 4.390000E+02 4.660000E+02 4.510000E+02 4.670000E+02 4.690000E+02 5.090000E+02 5.080000E+02 5.170000E+02
1.023000E+03 1.152000E+03 1.195000E+03 1.374000E+03 1.430000E+03 1.251000E+03 1.058000E+03 8.000000E+02 7.360000E+02 5.690000E+02 5.390000E+02 5.340000E+02 5.070000E+02 4.820000E+02 4.780000E+02 4.680000E+02 4.560000E+02 4.980000E+02 7.170000E+02 9.830000E+02 1.135000E+03 1.148000E+03 1.039000E+03 9.790000E+02 1.043000E+03 1.097000E+03 8.640000E+02 8.520000E+02 7.880000E+02 5.640000E+02 5.870000E+02 5.130000E+02 4.390000E+02 4.180000E+02 4.110000E+02 4.360000E+02 4.230000E+02 4.280000E+02 4.450000E+02 4.490000E+02 4.470000E+02 4.470000E+02 4.330000E+02 4.640000E+02 4.760000E+02 4.860000E+02 5.250000E+02 5.060000E+02 5.110000E+02 4.620000E+02 2.970000E+02 2.690000E+02
