testing/reference_output/galunggung_output/galunggung.regionaltopo.grd
DSAA
115 112
121639.0 236639.0
9138292.4 9250292.4
0.0 0.0
[rows 46 to 68 of 112, columns 0 to 51 of 115]
1.252000E+03 1.303000E+03 1.372000E+03 1.513000E+03 1.263000E+03 1.147000E+03 1.294000E+03 1.262000E+03 1.311000E+03 1.228000E+03 1.232000E+03 1.258000E+03 1.218000E+03 1.347000E+03 1.460000E+03 1.554000E+03 1.555000E+03 1.536000E+03 1.479000E+03 1.447000E+03 1.349000E+03 1.307000E+03 1.291000E+03 1.293000E+03 1.275000E+03 1.256000E+03 1.265000E+03 1.273000E+03 1.340000E+03 1.393000E+03 1.452000E+03 1.432000E+03 1.473000E+03 1.208000E+03 1.384000E+03 1.341000E+03 1.342000E+03 1.358000E+03 1.266000E+03 1.103000E+03 9.830000E+02 8.830000E+02 8.260000E+02 7.800000E+02 8.220000E+02 6.740000E+02 6.440000E+02 6.560000E+02 6.200000E+02 6.030000E+02 5.870000E+02 5.550000E+02
1.375000E+03 1.297000E+03 1.470000E+03 1.525000E+03 1.383000E+03 1.295000E+03 1.251000E+03 1.317000E+03 1.449000E+03 1.257000E+03 1.298000E+03 1.318000E+03 1.439000E+03 1.479000E+03 1.645000E+03 1.760000E+03 1.769000E+03 1.666000E+03 1.585000E+03 1.566000E+03 1.421000E+03 1.350000E+03 1.301000E+03 1.244000E+03 1.216000E+03 1.245000E+03 1.267000E+03 1.333000E+03 1.486000E+03 1.561000E+03 1.617000E+03 1.680000E+03 1.596000E+03 1.615000E+03 1.461000E+03 1.390000E+03 1.266000E+03 1.070000E+03 1.032000E+03 1.046000E+03 9.120000E+02 8.880000E+02 7.700000E+02 7.230000E+02 7.390000E+02 7.050000E+02 6.500000E+02 6.560000E+02 6.090000E+02 5.970000E+02 5.350000E+02 5.450000E+02
1.351000E+03 1.443000E+03 1.401000E+03 1.426000E+03 1.535000E+03 1.467000E+03 1.200000E+03 1.399000E+03 1.529000E+03 1.257000E+03 1.383000E+03 1.381000E+03 1.530000E+03 1.616000E+03 1.849000E+03 2.015000E+03 1.952000E+03 1.821000E+03 1.744000E+03 1.655000E+03 1.489000E+03 1.384000E+03 1.320000E+03 1.239000E+03 1.220000E+03 1.232000E+03 1.295000E+03 1.345000E+03 1.520000E+03 1.635000E+03 1.736000E+03 1.823000E+03 1.793000E+03 1.690000E+03 1.463000E+03 1.377000E+03 1.288000E+03 1.125000E+03 1.052000E+03 9.970000E+02 1.002000E+03 8.930000E+02 7.750000E+02 7.150000E+02 7.750000E+02 6.890000E+02 6.920000E+02 6.590000E+02 6.270000E+02 6.080000E+02 5.790000E+02 5.760000E+02
1.460000E+03 1.518000E+03 1.467000E+03 1.567000E+03 1.513000E+03 1.415000E+03 1.382000E+03 1.644000E+03 1.770000E+03 1.472000E+03 1.437000E+03 1.523000E+03 1.643000E+03 1.810000E+03 2.346000E+03 2.342000E+03 2.521000E+03 2.303000E+03 2.083000E+03 1.888000E+03 1.607000E+03 1.482000E+03 1.375000E+03 1.280000E+03 1.212000E+03 1.212000E+03 1.307000E+03 1.375000E+03 1.576000E+03 1.699000E+03 1.863000E+03 2.049000E+03 1.918000E+03 1.804000E+03 1.516000E+03 1.416000E+03 1.349000E+03 1.122000E+03 1.042000E+03 9.450000E+02 8.480000E+02 8.380000E+02 7.770000E+02 8.070000E+02 7.620000E+02 6.950000E+02 7.350000E+02 7.080000E+02 6.640000E+02 6.140000E+02 6.340000E+02 5.960000E+02
1.579000E+03 1.550000E+03 1.592000E+03 1.570000E+03 1.562000E+03 1.512000E+03 1.506000E+03 1.714000E+03 1.668000E+03 1.463000E+03 1.584000E+03 1.472000E+03 1.719000E+03 1.853000E+03 2.295000E+03 2.603000E+03 2.515000E+03 2.594000E+03 2.325000E+03 1.996000E+03 1.626000E+03 1.483000E+03 1.407000E+03 1.302000E+03 1.239000E+03 1.178000E+03 1.303000E+03 1.393000E+03 1.666000E+03 1.864000E+03 2.161000E+03 2.507000E+03 2.382000E+03 2.187000E+03 1.483000E+03 1.358000E+03 1.279000E+03 1.094000E+03 1.036000E+03 9.960000E+02 8.430000E+02 8.400000E+02 8.900000E+02 8.820000E+02 8.300000E+02 7.910000E+02 7.740000E+02 7.380000E+02 6.640000E+02 6.730000E+02 6.620000E+02 5.920000E+02
1.600000E+03 1.619000E+03 1.707000E+03 1.651000E+03 1.680000E+03 1.625000E+03 1.635000E+03 1.662000E+03 1.715000E+03 1.685000E+03 1.636000E+03 1.632000E+03 1.734000E+03 1.809000E+03 2.143000E+03 2.419000E+03 2.455000E+03 2.206000E+03 2.300000E+03 2.002000E+03 1.612000E+03 1.487000E+03 1.413000E+03 1.287000E+03 1.245000E+03 1.214000E+03 1.285000E+03 1.377000E+03 1.574000E+03 1.781000E+03 2.101000E+03 2.631000E+03 2.314000E+03 1.964000E+03 1.559000E+03 1.335000E+03 1.213000E+03 1.053000E+03 9.890000E+02 9.540000E+02 8.440000E+02 8.730000E+02 9.030000E+02 9.250000E+02 8.820000E+02 8.870000E+02 7.920000E+02 7.990000E+02 6.970000E+02 7.250000E+02 6.860000E+02 5.980000E+02
1.535000E+03 1.652000E+03 1.710000E+03 1.845000E+03 1.871000E+03 1.921000E+03 1.877000E+03 1.879000E+03 1.874000E+03 1.700000E+03 1.580000E+03 1.715000E+03 1.741000E+03 1.864000E+03 1.996000E+03 2.167000E+03 2.220000E+03 2.069000E+03 1.963000E+03 1.860000E+03 1.554000E+03 1.442000E+03 1.392000E+03 1.234000E+03 1.209000E+03 1.143000E+03 1.255000E+03 1.361000E+03 1.507000E+03 1.625000E+03 1.785000E+03 1.820000E+03 1.814000E+03 1.678000E+03 1.406000E+03 1.258000E+03 1.205000E+03 1.062000E+03 1.001000E+03 9.010000E+02 8.890000E+02 9.180000E+02 9.190000E+02 9.590000E+02 9.370000E+02 8.730000E+02 8.720000E+02 7.920000E+02 7.630000E+02 7.280000E+02 7.190000E+02 6.050000E+02
1.434000E+03 1.575000E+03 1.714000E+03 1.769000E+03 1.796000E+03 1.925000E+03 1.972000E+03 1.838000E+03 1.765000E+03 1.657000E+03 1.630000E+03 1.736000E+03 1.781000E+03 1.838000E+03 2.049000E+03 2.051000E+03 2.204000E+03 2.145000E+03 1.893000E+03 1.806000E+03 1.573000E+03 1.466000E+03 1.371000E+03 1.207000E+03 1.157000E+03 1.138000E+03 1.274000E+03 1.253000E+03 1.393000E+03 1.449000E+03 1.588000E+03 1.542000E+03 1.601000E+03 1.411000E+03 1.294000E+03 1.198000E+03 1.111000E+03 9.910000E+02 9.570000E+02 9.650000E+02 1.158000E+03 1.044000E+03 1.063000E+03 1.112000E+03 1.141000E+03 1.016000E+03 9.890000E+02 9.750000E+02 8.010000E+02 8.010000E+02 7.040000E+02 6.770000E+02
1.614000E+03 1.726000E+03 1.775000E+03 1.652000E+03 1.811000E+03 1.911000E+03 1.839000E+03 1.797000E+03 1.743000E+03 1.652000E+03 1.663000E+03 1.707000E+03 1.761000E+03 1.826000E+03 1.975000E+03 2.100000E+03 2.231000E+03 2.357000E+03 1.930000E+03 1.686000E+03 1.506000E+03 1.412000E+03 1.348000E+03 1.206000E+03 1.167000E+03 1.071000E+03 1.112000E+03 1.155000E+03 1.296000E+03 1.356000E+03 1.424000E+03 1.409000E+03 1.433000E+03 1.313000E+03 1.193000E+03 1.138000E+03 1.086000E+03 9.800000E+02 9.590000E+02 9.840000E+02 1.011000E+03 1.124000E+03 1.152000E+03 1.201000E+03 1.211000E+03 1.079000E+03 1.086000E+03 9.600000E+02 8.590000E+02 8.140000E+02 7.890000E+02 6.820000E+02
1.595000E+03 1.668000E+03 1.730000E+03 1.613000E+03 1.694000E+03 1.679000E+03 1.683000E+03 1.672000E+03 1.655000E+03 1.704000E+03 1.729000E+03 1.734000E+03 1.778000E+03 1.796000E+03 1.985000E+03 1.987000E+03 2.107000E+03 2.089000E+03 2.214000E+03 1.965000E+03 1.462000E+03 1.356000E+03 1.284000E+03 1.165000E+03 1.110000E+03 1.022000E+03 1.036000E+03 1.057000E+03 1.122000E+03 1.142000E+03 1.140000E+03 1.125000E+03 1.094000E+03 1.073000E+03 9.910000E+02 9.720000E+02 1.014000E+03 9.630000E+02 9.800000E+02 1.016000E+03 1.092000E+03 1.081000E+03 1.225000E+03 1.325000E+03 1.333000E+03 1.165000E+03 1.139000E+03 1.094000E+03 8.950000E+02 8.460000E+02 7.970000E+02 7.720000E+02
1.588000E+03 1.595000E+03 1.619000E+03 1.651000E+03 1.598000E+03 1.712000E+03 1.610000E+03 1.612000E+03 1.636000E+03 1.682000E+03 1.737000E+03 1.764000E+03 1.792000E+03 1.864000E+03 1.963000E+03 2.083000E+03 2.060000E+03 2.222000E+03 2.200000E+03 1.848000E+03 1.502000E+03 1.351000E+03 1.254000E+03 1.139000E+03 1.102000E+03 1.021000E+03 9.820000E+02 9.820000E+02 1.012000E+03 1.021000E+03 1.045000E+03 1.011000E+03 1.024000E+03 1.003000E+03 9.410000E+02 9.130000E+02 9.100000E+02 9.370000E+02 8.950000E+02 1.015000E+03 1.095000E+03 1.159000E+03 1.395000E+03 1.550000E+03 1.692000E+03 1.484000E+03 1.332000E+03 1.231000E+03 9.810000E+02 8.750000E+02 8.770000E+02 9.940000E+02
1.459000E+03 1.425000E+03 1.513000E+03 1.558000E+03 1.561000E+03 1.587000E+03 1.583000E+03 1.591000E+03 1.617000E+03 1.662000E+03 1.688000E+03 1.821000E+03 1.813000E+03 1.936000E+03 2.165000E+03 2.106000E+03 2.196000E+03 2.187000E+03 2.029000E+03 1.991000E+03 1.469000E+03 1.348000E+03 1.253000E+03 1.109000E+03 1.092000E+03 1.016000E+03 9.850000E+02 9.680000E+02 9.480000E+02 9.730000E+02 9.680000E+02 9.570000E+02 9.310000E+02 9.530000E+02 8.740000E+02 8.710000E+02 8.840000E+02 8.520000E+02 9.140000E+02 1.007000E+03 1.065000E+03 1.119000E+03 1.447000E+03 1.606000E+03 1.684000E+03 1.542000E+03 1.352000E+03 1.248000E+03 1.020000E+03 1.030000E+03 9.460000E+02 1.124000E+03
1.395000E+03 1.461000E+03 1.551000E+03 1.534000E+03 1.525000E+03 1.561000E+03 1.637000E+03 1.635000E+03 1.626000E+03 1.651000E+03 1.709000E+03 1.856000E+03 2.037000E+03 2.051000E+03 2.367000E+03 2.342000E+03 2.304000E+03 2.145000E+03 1.964000E+03 1.779000E+03 1.472000E+03 1.370000E+03 1.284000E+03 1.139000E+03 1.075000E+03 1.007000E+03 9.650000E+02 9.540000E+02 9.300000E+02 9.170000E+02 8.990000E+02 8.620000E+02 8.560000E+02 8.480000E+02 8.060000E+02 8.900000E+02 8.910000E+02 7.830000E+02 8.390000E+02 9.060000E+02 9.730000E+02 1.034000E+03 1.218000E+03 1.336000E+03 1.371000E+03 1.444000E+03 1.537000E+03 1.286000E+03 1.159000E+03 1.078000E+03 1.005000E+03 1.249000E+03
1.411000E+03 1.503000E+03 1.523000E+03 1.483000E+03 1.492000E+03 1.540000E+03 1.733000E+03 1.639000E+03 1.628000E+03 1.634000E+03 1.692000E+03 1.869000E+03 2.057000E+03 2.184000E+03 2.567000E+03 2.318000E+03 2.190000E+03 2.055000E+03 1.913000E+03 1.765000E+03 1.452000E+03 1.312000E+03 1.177000E+03 1.139000E+03 1.097000E+03 1.007000E+03 9.650000E+02 9.490000E+02 9.110000E+02 8.900000E+02 8.730000E+02 8.490000E+02 8.300000E+02 8.250000E+02 8.060000E+02 7.720000E+02 8.200000E+02 7.930000E+02 8.100000E+02 8.980000E+02 9.290000E+02 9.710000E+02 1.126000E+03 1.221000E+03 1.472000E+03 1.408000E+03 1.598000E+03 1.471000E+03 1.252000E+03 1.065000E+03 1.079000E+03 1.306000E+03
1.448000E+03 1.511000E+03 1.495000E+03 1.501000E+03 1.488000E+03 1.585000E+03 1.685000E+03 1.652000E+03 1.623000E+03 1.634000E+03 1.676000E+03 1.813000E+03 1.980000E+03 2.113000E+03 2.364000E+03 2.193000E+03 2.117000E+03 2.024000E+03 1.846000E+03 1.702000E+03 1.397000E+03 1.294000E+03 1.160000E+03 1.119000E+03 1.077000E+03 1.000000E+03 9.600000E+02 9.380000E+02 9.070000E+02 9.070000E+02 8.710000E+02 8.590000E+02 8.400000E+02 8.250000E+02 7.800000E+02 7.820000E+02 7.610000E+02 7.660000E+02 8.120000E+02 8.360000E+02 9.090000E+02 9.650000E+02 1.051000E+03 1.095000E+03 1.318000E+03 1.268000E+03 1.345000E+03 1.272000E+03 1.186000E+03 1.102000E+03 1.211000E+03 1.334000E+03
1.480000E+03 1.488000E+03 1.511000E+03 1.552000E+03 1.557000E+03 1.703000E+03 1.906000E+03 1.691000E+03 1.623000E+03 1.628000E+03 1.652000E+03 1.790000E+03 1.919000E+03 2.030000E+03 2.304000E+03 2.156000E+03 2.114000E+03 1.879000E+03 1.753000E+03 1.624000E+03 1.395000E+03 1.267000E+03 1.173000E+03 1.140000E+03 1.096000E+03 1.005000E+03 9.810000E+02 9.600000E+02 9.220000E+02 9.110000E+02 8.900000E+02 8.600000E+02 8.340000E+02 7.940000E+02 7.630000E+02 7.220000E+02 7.250000E+02 7.430000E+02 7.470000E+02 8.160000E+02 8.240000E+02 9.350000E+02 9.670000E+02 9.800000E+02 1.012000E+03 1.155000E+03 1.049000E+03 1.055000E+03 1.072000E+03 1.141000E+03 1.258000E+03 1.402000E+03
1.525000E+03 1.516000E+03 1.529000E+03 1.555000E+03 1.593000E+03 1.707000E+03 1.888000E+03 1.730000E+03 1.636000E+03 1.603000E+03 1.618000E+03 1.726000E+03 1.794000E+03 1.885000E+03 2.229000E+03 2.137000E+03 2.022000E+03 1.768000E+03 1.672000E+03 1.588000E+03 1.401000E+03 1.306000E+03 1.185000E+03 1.129000E+03 1.114000E+03 1.038000E+03 9.640000E+02 9.540000E+02 9.470000E+02 9.140000E+02 8.850000E+02 8.490000E+02 8.250000E+02 7.980000E+02 7.340000E+02 7.110000E+02 7.160000E+02 7.260000E+02 7.390000E+02 7.810000E+02 8.340000E+02 8.630000E+02 9.050000E+02 8.680000E+02 9.880000E+02 1.046000E+03 1.043000E+03 1.034000E+03 1.060000E+03 1.124000E+03 1.304000E+03 1.404000E+03
1.486000E+03 1.544000E+03 1.528000E+03 1.542000E+03 1.585000E+03 1.631000E+03 1.869000E+03 1.949000E+03 1.579000E+03 1.562000E+03 1.546000E+03 1.526000E+03 1.567000E+03 1.607000E+03 1.776000E+03 1.875000E+03 1.894000E+03 1.665000E+03 1.554000E+03 1.513000E+03 1.437000E+03 1.373000E+03 1.204000E+03 1.096000E+03 1.119000E+03 1.006000E+03 9.880000E+02 9.710000E+02 9.540000E+02 9.180000E+02 8.930000E+02 8.670000E+02 8.230000E+02 7.970000E+02 7.400000E+02 7.030000E+02 7.190000E+02 7.150000E+02 7.230000E+02 7.500000E+02 7.710000E+02 7.830000E+02 8.050000E+02 8.610000E+02 8.880000E+02 9.830000E+02 9.260000E+02 9.650000E+02 1.031000E+03 1.085000E+03 1.281000E+03 1.366000E+03
1.476000E+03 1.494000E+03 1.511000E+03 1.535000E+03 1.576000E+03 1.649000E+03 1.984000E+03 1.819000E+03 1.572000E+03 1.538000E+03 1.521000E+03 1.509000E+03 1.513000E+03 1.503000E+03 1.634000E+03 1.667000E+03 1.843000E+03 1.650000E+03 1.548000E+03 1.638000E+03 1.435000E+03 1.339000E+03 1.170000E+03 1.115000E+03 1.123000E+03 1.032000E+03 1.042000E+03 9.990000E+02 9.650000E+02 9.350000E+02 9.410000E+02 8.300000E+02 7.810000E+02 7.740000E+02 7.500000E+02 7.210000E+02 7.040000E+02 7.040000E+02 6.910000E+02 7.080000E+02 7.250000E+02 7.380000E+02 7.540000E+02 7.720000E+02 7.880000E+02 7.870000E+02 8.410000E+02 8.850000E+02 9.800000E+02 1.024000E+03 1.146000E+03 1.255000E+03
1.440000E+03 1.459000E+03 1.492000E+03 1.521000E+03 1.550000E+03 1.656000E+03 1.957000E+03 1.750000E+03 1.747000E+03 1.679000E+03 1.536000E+03 1.486000E+03 1.445000E+03 1.459000E+03 1.497000E+03 1.558000E+03 1.740000E+03 1.600000E+03 1.531000E+03 1.557000E+03 1.427000E+03 1.333000E+03 1.236000E+03 1.209000E+03 1.120000E+03 1.084000E+03 1.143000E+03 1.046000E+03 9.970000E+02 9.720000E+02 9.200000E+02 8.150000E+02 7.810000E+02 7.660000E+02 7.440000E+02 7.240000E+02 6.980000E+02 7.000000E+02 6.950000E+02 6.980000E+02 7.120000E+02 7.160000E+02 7.300000E+02 7.390000E+02 7.390000E+02 7.940000E+02 8.320000E+02 8.700000E+02 9.440000E+02 1.004000E+03 1.101000E+03 1.258000E+03
1.439000E+03 1.455000E+03 1.496000E+03 1.599000E+03 1.644000E+03 1.767000E+03 1.814000E+03 1.880000E+03 2.010000E+03 1.751000E+03 1.625000E+03 1.477000E+03 1.380000E+03 1.286000E+03 1.406000E+03 1.467000E+03 1.668000E+03 1.779000E+03 1.786000E+03 1.466000E+03 1.520000E+03 1.457000E+03 1.313000E+03 1.180000E+03 1.323000E+03 1.300000E+03 1.298000E+03 1.153000E+03 1.261000E+03 1.284000E+03 1.018000E+03 8.540000E+02 8.060000E+02 7.610000E+02 7.420000E+02 7.160000E+02 7.020000E+02 6.870000E+02 6.860000E+02 6.930000E+02 6.970000E+02 6.990000E+02 7.070000E+02 7.170000E+02 7.330000E+02 7.810000E+02 8.070000E+02 8.440000E+02 9.110000E+02 9.490000E+02 1.143000E+03 1.224000E+03
1.436000E+03 1.464000E+03 1.509000E+03 1.737000E+03 1.693000E+03 1.897000E+03 1.882000E+03 1.965000E+03 2.027000E+03 1.782000E+03 1.684000E+03 1.436000E+03 1.413000E+03 1.268000E+03 1.361000E+03 1.442000E+03 1.669000E+03 1.907000E+03 1.713000E+03 1.561000E+03 1.539000E+03 1.499000E+03 1.269000E+03 1.327000E+03 1.362000E+03 1.390000E+03 1.519000E+03 1.505000E+03 1.339000E+03 1.307000E+03 1.254000E+03 9.780000E+02 8.830000E+02 7.810000E+02 7.440000E+02 7.270000E+02 7.100000E+02 7.130000E+02 7.190000E+02 6.930000E+02 6.870000E+02 6.870000E+02 6.840000E+02 6.880000E+02 7.040000E+02 7.310000E+02 7.480000E+02 7.720000E+02 8.200000E+02 8.550000E+02 9.360000E+02 1.064000E+03
1.462000E+03 1.474000E+03 1.521000E+03 1.839000E+03 1.873000E+03 2.006000E+03 2.002000E+03 2.058000E+03 1.803000E+03 1.695000E+03 1.596000E+03 1.364000E+03 1.351000E+03 1.347000E+03 1.301000E+03 1.488000E+03 1.650000E+03 1.605000E+03 1.774000E+03 1.511000E+03 1.544000E+03 1.384000E+03 1.405000E+03 1.418000E+03 1.412000E+03 1.481000E+03 1.508000E+03 1.625000E+03 1.381000E+03 1.374000E+03 1.352000E+03 1.087000E+03 9.620000E+02 8.080000E+02 7.590000E+02 7.530000E+02 7.410000E+02 7.450000E+02 7.070000E+02 6.880000E+02 6.880000E+02 6.960000E+02 6.960000E+02 6.800000E+02 6.940000E+02 7.140000E+02 7.340000E+02 7.620000E+02 7.820000E+02 7.930000E+02 8.970000E+02 9.450000E+02
