testing/reference_output/tambora_output/tambora.regionaltopo.grd
DSAA
100 89
555534.0 655534.0
9032899.6 9121899.6
0.0 0.0
[rows 46 to 68 of 89, columns 0 to 51 of 100]
2.430000E+02 2.320000E+02 2.490000E+02 2.780000E+02 2.200000E+02 2.980000E+02 1.590000E+02 1.000000E+01 0.000000E+00 0.000000E+00 0.000000E+00 0.000000E+00 0.000000E+00 0.000000E+00 0.000000E+00 0.000000E+00 0.000000E+00 0.000000E+00 0.000000E+00 0.000000E+00 0.000000E+00 0.000000E+00 0.000000E+00 0.000000E+00 0.000000E+00 0.000000E+00 0.000000E+00 0.000000E+00 0.000000E+00 0.000000E+00 0.000000E+00 0.000000E+00 2.600000E+01 4.700000E+01 6.400000E+01 8.600000E+01 1.200000E+02 1.650000E+02 2.040000E+02 2.420000E+02 3.840000E+02 4.560000E+02 4.830000E+02 5.770000E+02 6.170000E+02 6.800000E+02 7.580000E+02 8.560000E+02 9.460000E+02 9.900000E+02 9.880000E+02 1.095000E+03
2.550000E+02 2.480000E+02 2.780000E+02 2.800000E+02 3.010000E+02 3.180000E+02 2.620000E+02 0.000000E+00 0.000000E+00 0.000000E+00 0.000000E+00 0.000000E+00 0.000000E+00 0.000000E+00 0.000000E+00 0.000000E+00 0.000000E+00 0.000000E+00 0.000000E+00 0.000000E+00 0.000000E+00 0.000000E+00 0.000000E+00 0.000000E+00 0.000000E+00 0.000000E+00 0.000000E+00 0.000000E+00 0.000000E+00 0.000000E+00 0.000000E+00 1.400000E+01 4.100000E+01 5.600000E+01 7.900000E+01 1.170000E+02 1.400000E+02 1.850000E+02 2.340000E+02 2.980000E+02 3.990000E+02 5.090000E+02 5.590000E+02 6.520000E+02 6.910000E+02 7.470000E+02 8.800000E+02 9.250000E+02 9.950000E+02 1.079000E+03 1.104000E+03 1.239000E+03
1.110000E+02 2.090000E+02 3.140000E+02 3.100000E+02 3.520000E+02 3.570000E+02 3.560000E+02 1.210000E+02 0.000000E+00 0.000000E+00 0.000000E+00 0.000000E+00 0.000000E+00 0.000000E+00 0.000000E+00 0.000000E+00 0.000000E+00 0.000000E+00 0.000000E+00 0.000000E+00 0.000000E+00 0.000000E+00 0.000000E+00 0.000000E+00 0.000000E+00 0.000000E+00 0.000000E+00 0.000000E+00 0.000000E+00 5.000000E+00 2.100000E+01 5.400000E+01 7.000000E+01 7.700000E+01 9.700000E+01 1.660000E+02 1.960000E+02 2.470000E+02 3.030000E+02 3.740000E+02 5.070000E+02 5.620000E+02 6.660000E+02 7.660000E+02 7.870000E+02 9.180000E+02 1.040000E+03 1.133000E+03 1.181000E+03 1.296000E+03 1.319000E+03 1.435000E+03
6.500000E+01 1.400000E+02 3.310000E+02 3.440000E+02 3.690000E+02 3.850000E+02 4.130000E+02 1.790000E+02 2.700000E+01 0.000000E+00 0.000000E+00 0.000000E+00 0.000000E+00 0.000000E+00 0.000000E+00 0.000000E+00 0.000000E+00 0.000000E+00 0.000000E+00 0.000000E+00 0.000000E+00 0.000000E+00 0.000000E+00 0.000000E+00 0.000000E+00 0.000000E+00 0.000000E+00 0.000000E+00 0.000000E+00 1.600000E+01 4.900000E+01 7.100000E+01 9.200000E+01 1.160000E+02 1.420000E+02 1.890000E+02 2.310000E+02 2.780000E+02 3.710000E+02 4.180000E+02 5.670000E+02 6.850000E+02 7.600000E+02 8.530000E+02 8.730000E+02 9.470000E+02 1.131000E+03 1.244000E+03 1.299000E+03 1.350000E+03 1.449000E+03 1.518000E+03
4.900000E+01 1.100000E+02 3.710000E+02 3.780000E+02 4.000000E+02 3.890000E+02 4.000000E+02 1.800000E+02 6.400000E+01 0.000000E+00 0.000000E+00 0.000000E+00 0.000000E+00 0.000000E+00 0.000000E+00 0.000000E+00 0.000000E+00 0.000000E+00 0.000000E+00 0.000000E+00 0.000000E+00 0.000000E+00 0.000000E+00 0.000000E+00 0.000000E+00 0.000000E+00 0.000000E+00 0.000000E+00 0.000000E+00 5.200000E+01 9.800000E+01 9.600000E+01 1.220000E+02 1.440000E+02 1.670000E+02 2.330000E+02 2.810000E+02 3.210000E+02 4.310000E+02 4.690000E+02 6.970000E+02 7.200000E+02 8.750000E+02 9.310000E+02 9.850000E+02 1.031000E+03 1.236000E+03 1.356000E+03 1.391000E+03 1.583000E+03 1.631000E+03 1.679000E+03
1.400000E+01 6.300000E+01 2.420000E+02 3.820000E+02 4.650000E+02 4.680000E+02 4.690000E+02 2.360000E+02 6.400000E+01 1.300000E+01 0.000000E+00 0.000000E+00 0.000000E+00 0.000000E+00 0.000000E+00 0.000000E+00 0.000000E+00 0.000000E+00 0.000000E+00 0.000000E+00 0.000000E+00 0.000000E+00 0.000000E+00 0.000000E+00 0.000000E+00 0.000000E+00 4.900000E+01 8.300000E+01 3.900000E+01 1.280000E+02 1.620000E+02 1.580000E+02 1.850000E+02 2.080000E+02 2.470000E+02 2.980000E+02 3.390000E+02 3.990000E+02 5.420000E+02 6.020000E+02 6.920000E+02 8.270000E+02 9.410000E+02 1.053000E+03 1.046000E+03 1.172000E+03 1.417000E+03 1.512000E+03 1.656000E+03 1.877000E+03 2.024000E+03 2.033000E+03
4.000000E+00 6.400000E+01 1.780000E+02 3.180000E+02 4.970000E+02 5.060000E+02 5.120000E+02 1.740000E+02 8.600000E+01 3.400000E+01 0.000000E+00 0.000000E+00 0.000000E+00 0.000000E+00 0.000000E+00 0.000000E+00 0.000000E+00 0.000000E+00 0.000000E+00 0.000000E+00 0.000000E+00 0.000000E+00 0.000000E+00 0.000000E+00 0.000000E+00 0.000000E+00 8.300000E+01 9.700000E+01 6.000000E+01 1.540000E+02 1.660000E+02 1.910000E+02 2.000000E+02 2.210000E+02 2.580000E+02 3.480000E+02 3.870000E+02 4.520000E+02 5.720000E+02 6.670000E+02 7.840000E+02 8.490000E+02 9.620000E+02 1.104000E+03 1.212000E+03 1.280000E+03 1.394000E+03 1.572000E+03 1.773000E+03 1.973000E+03 2.227000E+03 2.282000E+03
4.000000E+01 8.400000E+01 1.770000E+02 2.360000E+02 5.080000E+02 5.220000E+02 4.830000E+02 1.660000E+02 1.130000E+02 7.700000E+01 6.100000E+01 0.000000E+00 0.000000E+00 0.000000E+00 0.000000E+00 0.000000E+00 0.000000E+00 0.000000E+00 0.000000E+00 0.000000E+00 0.000000E+00 0.000000E+00 0.000000E+00 0.000000E+00 0.000000E+00 0.000000E+00 5.500000E+01 1.250000E+02 9.400000E+01 1.750000E+02 1.930000E+02 2.090000E+02 2.400000E+02 2.260000E+02 2.680000E+02 3.800000E+02 4.450000E+02 4.980000E+02 6.710000E+02 7.230000E+02 8.300000E+02 9.250000E+02 1.085000E+03 1.200000E+03 1.244000E+03 1.399000E+03 1.636000E+03 1.812000E+03 2.057000E+03 2.125000E+03 2.273000E+03 2.250000E+03
1.860000E+02 2.460000E+02 3.140000E+02 3.600000E+02 4.200000E+02 3.690000E+02 2.630000E+02 1.930000E+02 1.820000E+02 1.650000E+02 4.500000E+01 0.000000E+00 0.000000E+00 0.000000E+00 0.000000E+00 0.000000E+00 0.000000E+00 0.000000E+00 0.000000E+00 0.000000E+00 0.000000E+00 0.000000E+00 0.000000E+00 0.000000E+00 6.000000E+00 3.600000E+01 9.700000E+01 1.160000E+02 1.410000E+02 1.760000E+02 1.940000E+02 2.500000E+02 2.720000E+02 3.010000E+02 3.330000E+02 5.300000E+02 5.720000E+02 5.600000E+02 8.140000E+02 8.720000E+02 9.940000E+02 1.026000E+03 1.073000E+03 1.243000E+03 1.296000E+03 1.384000E+03 1.693000E+03 1.906000E+03 1.925000E+03 2.406000E+03 2.458000E+03 1.868000E+03
2.230000E+02 2.450000E+02 3.180000E+02 3.540000E+02 3.610000E+02 2.990000E+02 2.650000E+02 2.230000E+02 2.130000E+02 1.470000E+02 7.100000E+01 8.000000E+00 0.000000E+00 0.000000E+00 0.000000E+00 0.000000E+00 0.000000E+00 0.000000E+00 0.000000E+00 0.000000E+00 0.000000E+00 0.000000E+00 0.000000E+00 7.000000E+00 5.000000E+01 8.600000E+01 9.100000E+01 1.190000E+02 1.940000E+02 2.400000E+02 2.330000E+02 2.520000E+02 3.080000E+02 3.390000E+02 4.150000E+02 6.510000E+02 6.470000E+02 6.530000E+02 7.580000E+02 8.460000E+02 1.054000E+03 1.097000E+03 1.173000E+03 1.315000E+03 1.360000E+03 1.447000E+03 1.726000E+03 1.872000E+03 2.039000E+03 2.493000E+03 2.657000E+03 1.757000E+03
1.810000E+02 2.450000E+02 2.800000E+02 2.980000E+02 3.160000E+02 3.060000E+02 3.000000E+02 1.560000E+02 1.580000E+02 1.520000E+02 3.800000E+01 2.200000E+01 0.000000E+00 0.000000E+00 0.000000E+00 0.000000E+00 0.000000E+00 0.000000E+00 0.000000E+00 0.000000E+00 0.000000E+00 7.900000E+01 6.200000E+01 1.520000E+02 8.900000E+01 1.160000E+02 1.290000E+02 1.500000E+02 2.270000E+02 2.940000E+02 2.790000E+02 2.790000E+02 3.530000E+02 3.910000E+02 4.580000E+02 6.150000E+02 6.290000E+02 6.470000E+02 7.840000E+02 8.100000E+02 1.088000E+03 1.118000E+03 1.123000E+03 1.375000E+03 1.444000E+03 1.504000E+03 1.711000E+03 1.789000E+03 1.938000E+03 2.416000E+03 2.369000E+03 2.111000E+03
1.530000E+02 2.450000E+02 3.030000E+02 3.090000E+02 3.060000E+02 3.130000E+02 3.020000E+02 1.900000E+02 2.070000E+02 1.510000E+02 8.100000E+01 7.100000E+01 5.500000E+01 0.000000E+00 0.000000E+00 0.000000E+00 0.000000E+00 0.000000E+00 0.000000E+00 0.000000E+00 0.000000E+00 0.000000E+00 4.100000E+01 7.300000E+01 1.050000E+02 1.190000E+02 1.320000E+02 1.880000E+02 2.110000E+02 2.670000E+02 3.070000E+02 3.600000E+02 4.200000E+02 4.650000E+02 4.740000E+02 5.420000E+02 6.090000E+02 6.930000E+02 8.360000E+02 9.150000E+02 1.057000E+03 1.121000E+03 1.151000E+03 1.305000E+03 1.458000E+03 1.507000E+03 1.681000E+03 1.754000E+03 1.899000E+03 2.147000E+03 2.260000E+03 2.232000E+03
1.360000E+02 1.870000E+02 2.330000E+02 2.750000E+02 2.810000E+02 3.060000E+02 2.750000E+02 2.420000E+02 2.400000E+02 1.820000E+02 1.610000E+02 1.350000E+02 1.080000E+02 4.100000E+01 1.100000E+01 0.000000E+00 0.000000E+00 0.000000E+00 0.000000E+00 0.000000E+00 0.000000E+00 0.000000E+00 0.000000E+00 4.600000E+01 1.440000E+02 1.670000E+02 2.890000E+02 3.830000E+02 2.440000E+02 2.930000E+02 3.090000E+02 3.370000E+02 4.320000E+02 4.760000E+02 4.880000E+02 5.860000E+02 6.540000E+02 7.050000E+02 8.920000E+02 8.990000E+02 1.047000E+03 1.134000E+03 1.157000E+03 1.282000E+03 1.394000E+03 1.489000E+03 1.604000E+03 1.717000E+03 1.813000E+03 2.058000E+03 2.224000E+03 2.417000E+03
1.350000E+02 1.490000E+02 2.560000E+02 2.660000E+02 3.450000E+02 3.220000E+02 3.090000E+02 3.110000E+02 2.890000E+02 2.820000E+02 1.930000E+02 1.690000E+02 8.400000E+01 9.000000E+01 6.500000E+01 2.900000E+01 0.000000E+00 0.000000E+00 0.000000E+00 0.000000E+00 0.000000E+00 0.000000E+00 0.000000E+00 6.300000E+01 1.430000E+02 1.790000E+02 2.140000E+02 4.070000E+02 4.370000E+02 3.170000E+02 3.510000E+02 3.690000E+02 4.330000E+02 4.810000E+02 5.000000E+02 5.450000E+02 6.220000E+02 6.810000E+02 8.300000E+02 9.050000E+02 1.025000E+03 1.103000E+03 1.221000E+03 1.239000E+03 1.314000E+03 1.352000E+03 1.494000E+03 1.548000E+03 1.650000E+03 1.838000E+03 1.903000E+03 2.059000E+03
1.440000E+02 1.590000E+02 2.710000E+02 3.390000E+02 4.000000E+02 3.520000E+02 3.140000E+02 3.470000E+02 3.250000E+02 2.090000E+02 2.070000E+02 1.480000E+02 1.660000E+02 1.190000E+02 8.000000E+01 5.500000E+01 3.000000E+01 0.000000E+00 0.000000E+00 0.000000E+00 0.000000E+00 0.000000E+00 0.000000E+00 4.600000E+01 1.530000E+02 1.950000E+02 1.810000E+02 2.400000E+02 2.430000E+02 2.670000E+02 3.250000E+02 3.790000E+02 4.100000E+02 4.430000E+02 4.660000E+02 5.240000E+02 5.980000E+02 6.820000E+02 8.030000E+02 8.840000E+02 1.058000E+03 1.073000E+03 1.138000E+03 1.163000E+03 1.215000E+03 1.282000E+03 1.382000E+03 1.441000E+03 1.534000E+03 1.678000E+03 1.753000E+03 1.903000E+03
1.340000E+02 1.630000E+02 3.090000E+02 3.170000E+02 3.940000E+02 3.650000E+02 3.940000E+02 3.700000E+02 3.500000E+02 2.490000E+02 1.850000E+02 2.170000E+02 1.750000E+02 1.190000E+02 9.400000E+01 6.400000E+01 6.100000E+01 4.600000E+01 1.900000E+01 0.000000E+00 0.000000E+00 0.000000E+00 0.000000E+00 1.600000E+01 2.280000E+02 1.360000E+02 1.250000E+02 1.730000E+02 2.040000E+02 2.530000E+02 2.610000E+02 3.160000E+02 4.420000E+02 4.260000E+02 4.790000E+02 5.520000E+02 5.970000E+02 6.650000E+02 7.600000E+02 8.390000E+02 9.590000E+02 9.670000E+02 1.026000E+03 1.121000E+03 1.221000E+03 1.210000E+03 1.308000E+03 1.360000E+03 1.422000E+03 1.613000E+03 1.626000E+03 1.773000E+03
1.080000E+02 1.380000E+02 2.650000E+02 2.270000E+02 2.030000E+02 2.270000E+02 2.500000E+02 1.210000E+02 1.600000E+02 1.880000E+02 2.410000E+02 1.620000E+02 1.240000E+02 1.100000E+02 6.600000E+01 5.600000E+01 6.000000E+01 6.400000E+01 7.300000E+01 7.400000E+01 4.300000E+01 0.000000E+00 0.000000E+00 0.000000E+00 4.300000E+01 6.600000E+01 7.900000E+01 1.440000E+02 1.620000E+02 2.020000E+02 2.360000E+02 2.820000E+02 3.760000E+02 4.160000E+02 4.530000E+02 5.220000E+02 5.630000E+02 6.050000E+02 6.920000E+02 7.300000E+02 8.410000E+02 8.740000E+02 9.090000E+02 9.680000E+02 1.036000E+03 1.091000E+03 1.165000E+03 1.245000E+03 1.305000E+03 1.408000E+03 1.454000E+03 1.562000E+03
6.700000E+01 1.250000E+02 2.150000E+02 1.090000E+02 1.280000E+02 1.440000E+02 1.870000E+02 7.600000E+01 9.600000E+01 9.400000E+01 1.230000E+02 8.800000E+01 1.000000E+02 6.800000E+01 5.700000E+01 5.300000E+01 4.700000E+01 5.100000E+01 6.200000E+01 6.600000E+01 2.800000E+01 0.000000E+00 0.000000E+00 0.000000E+00 7.600000E+01 7.600000E+01 8.700000E+01 1.150000E+02 1.330000E+02 1.980000E+02 2.260000E+02 2.540000E+02 3.420000E+02 3.720000E+02 4.220000E+02 4.920000E+02 5.400000E+02 5.780000E+02 6.690000E+02 7.180000E+02 8.220000E+02 8.530000E+02 9.260000E+02 9.390000E+02 1.003000E+03 1.054000E+03 1.132000E+03 1.176000E+03 1.270000E+03 1.355000E+03 1.399000E+03 1.493000E+03
0.000000E+00 5.400000E+01 1.060000E+02 1.630000E+02 9.400000E+01 1.480000E+02 1.080000E+02 5.400000E+01 4.600000E+01 4.600000E+01 7.800000E+01 4.500000E+01 3.100000E+01 2.900000E+01 5.500000E+01 6.600000E+01 4.000000E+01 3.900000E+01 4.000000E+01 3.000000E+01 0.000000E+00 0.000000E+00 0.000000E+00 0.000000E+00 6.300000E+01 6.700000E+01 3.700000E+01 1.110000E+02 9.900000E+01 2.280000E+02 2.330000E+02 2.450000E+02 3.120000E+02 3.580000E+02 4.000000E+02 4.800000E+02 5.210000E+02 5.690000E+02 6.560000E+02 6.990000E+02 8.770000E+02 8.070000E+02 8.510000E+02 8.770000E+02 9.340000E+02 9.700000E+02 1.088000E+03 1.190000E+03 1.208000E+03 1.304000E+03 1.343000E+03 1.394000E+03
0.000000E+00 0.000000E+00 0.000000E+00 0.000000E+00 4.700000E+01 4.600000E+01 6.700000E+01 5.100000E+01 2.000000E+01 1.400000E+01 0.000000E+00 0.000000E+00 0.000000E+00 1.000000E+00 7.000000E+00 6.000000E+00 1.300000E+01 1.700000E+01 0.000000E+00 0.000000E+00 0.000000E+00 0.000000E+00 0.000000E+00 0.000000E+00 3.700000E+01 6.000000E+00 0.000000E+00 4.400000E+01 6.900000E+01 1.590000E+02 1.440000E+02 1.940000E+02 2.230000E+02 2.570000E+02 2.790000E+02 2.920000E+02 3.630000E+02 4.860000E+02 5.990000E+02 6.070000E+02 6.010000E+02 6.660000E+02 6.950000E+02 7.270000E+02 7.420000E+02 7.890000E+02 9.390000E+02 9.830000E+02 1.018000E+03 1.167000E+03 1.250000E+03 1.144000E+03
0.000000E+00 0.000000E+00 0.000000E+00 0.000000E+00 0.000000E+00 1.400000E+01 1.500000E+01 0.000000E+00 0.000000E+00 0.000000E+00 0.000000E+00 0.000000E+00 0.000000E+00 0.000000E+00 0.000000E+00 0.000000E+00 0.000000E+00 0.000000E+00 0.000000E+00 0.000000E+00 0.000000E+00 0.000000E+00 0.000000E+00 0.000000E+00 0.000000E+00 0.000000E+00 0.000000E+00 0.000000E+00 2.500000E+01 2.700000E+01 1.070000E+02 1.600000E+02 1.770000E+02 1.710000E+02 2.250000E+02 1.260000E+02 3.050000E+02 4.060000E+02 4.140000E+02 5.700000E+02 5.450000E+02 5.900000E+02 5.970000E+02 6.340000E+02 6.930000E+02 7.180000E+02 8.490000E+02 9.100000E+02 8.950000E+02 1.033000E+03 1.054000E+03 9.100000E+02
0.000000E+00 0.000000E+00 0.000000E+00 0.000000E+00 0.000000E+00 0.000000E+00 0.000000E+00 0.000000E+00 0.000000E+00 0.000000E+00 0.000000E+00 0.000000E+00 0.000000E+00 0.000000E+00 0.000000E+00 0.000000E+00 0.000000E+00 0.000000E+00 0.000000E+00 0.000000E+00 0.000000E+00 0.000000E+00 0.000000E+00 0.000000E+00 0.000000E+00 0.000000E+00 0.000000E+00 0.000000E+00 0.000000E+00 1.200000E+01 3.300000E+01 8.300000E+01 1.350000E+02 1.120000E+02 1.450000E+02 6.200000E+01 1.870000E+02 2.700000E+02 4.160000E+02 4.820000E+02 4.790000E+02 4.950000E+02 4.880000E+02 4.550000E+02 5.790000E+02 6.450000E+02 7.790000E+02 7.910000E+02 7.490000E+02 8.660000E+02 8.660000E+02 7.030000E+02
0.000000E+00 0.000000E+00 0.000000E+00 0.000000E+00 0.000000E+00 0.000000E+00 0.000000E+00 0.000000E+00 0.000000E+00 0.000000E+00 0.000000E+00 0.000000E+00 0.000000E+00 0.000000E+00 0.000000E+00 0.000000E+00 0.000000E+00 0.000000E+00 0.000000E+00 0.000000E+00 0.000000E+00 0.000000E+00 0.000000E+00 0.000000E+00 0.000000E+00 0.000000E+00 0.000000E+00 0.000000E+00 0.000000E+00 0.000000E+00 0.000000E+00 1.300000E+01 1.200000E+01 3.000000E+00 0.000000E+00 0.000000E+00 3.000000E+00 8.000000E+01 2.280000E+02 2.370000E+02 2.880000E+02 2.920000E+02 2.520000E+02 3.640000E+02 3.840000E+02 4.450000E+02 4.530000E+02 5.050000E+02 4.360000E+02 5.510000E+02 5.190000E+02 3.830000E+02
