testing/reference_output/tambora_output/tambora.regionaltopo.grd
DSAA
100 89
555534.0 655534.0
9032899.6 9121899.6
0.0 0.0
[rows 0 to 22 of 89, columns 0 to 51 of 100]
0.000000E+00 0.000000E+00 0.000000E+00 0.000000E+00 0.000000E+00 0.000000E+00 0.000000E+00 0.000000E+00 0.000000E+00 0.000000E+00 0.000000E+00 0.000000E+00 0.000000E+00 0.000000E+00 0.000000E+00 0.000000E+00 0.000000E+00 0.000000E+00 0.000000E+00 0.000000E+00 0.000000E+00 0.000000E+00 0.000000E+00 0.000000E+00 0.000000E+00 0.000000E+00 0.000000E+00 0.000000E+00 0.000000E+00 0.000000E+00 0.000000E+00 4.000000E+00 4.000000E+00 7.000000E+00 5.000000E+00 3.000000E+00 5.000000E+00 6.000000E+00 1.800000E+01 9.000000E+00 3.000000E+01 6.400000E+01 2.250000E+02 1.000000E+00 0.000000E+00 1.190000E+02 7.000000E+00 1.400000E+01 8.000000E+00 0.000000E+00 0.000000E+00 0.000000E+00
3.820000E+02 6.120000E+02 6.110000E+02 5.550000E+02 4.340000E+02 4.540000E+02 2.980000E+02 3.880000E+02 2.210000E+02 3.730000E+02 1.460000E+02 1.860000E+02 2.600000E+02 3.050000E+02 3.260000E+02 2.470000E+02 2.170000E+02 3.470000E+02 2.680000E+02 1.160000E+02 2.020000E+02 1.200000E+02 7.300000E+01 3.700000E+01 4.700000E+01 3.900000E+01 4.300000E+01 9.500000E+01 1.800000E+01 1.100000E+01 1.000000E+01 4.000000E+00 7.000000E+00 8.000000E+00 0.000000E+00 2.000000E+00 0.000000E+00 2.000000E+00 5.000000E+00 5.000000E+00 1.900000E+01 2.800000E+01 9.100000E+01 2.000000E+00 0.000000E+00 3.000000E+01 5.000000E+00 2.700000E+01 3.000000E+00 0.000000E+00 0.000000E+00 0.000000E+00
3.450000E+02 4.420000E+02 4.700000E+02 4.690000E+02 3.430000E+02 2.510000E+02 3.060000E+02 2.900000E+02 1.410000E+02 2.080000E+02 9.700000E+01 1.900000E+02 3.320000E+02 4.560000E+02 6.200000E+02 2.990000E+02 2.200000E+02 1.230000E+02 3.720000E+02 1.970000E+02 1.870000E+02 8.300000E+01 1.010000E+02 2.900000E+01 4.000000E+01 3.200000E+01 1.070000E+02 1.160000E+02 1.100000E+01 1.000000E+00 4.000000E+00 4.000000E+00 4.000000E+00 0.000000E+00 4.000000E+00 3.000000E+00 1.000000E+01 7.000000E+00 1.000000E+01 3.600000E+01 1.110000E+02 1.050000E+02 1.000000E+01 0.000000E+00 0.000000E+00 4.500000E+01 0.000000E+00 0.000000E+00 0.000000E+00 0.000000E+00 0.000000E+00 0.000000E+00
2.350000E+02 4.760000E+02 4.710000E+02 4.260000E+02 3.810000E+02 3.680000E+02 2.170000E+02 2.470000E+02 1.910000E+02 1.020000E+02 2.700000E+02 2.210000E+02 5.930000E+02 6.750000E+02 3.400000E+02 3.710000E+02 1.650000E+02 1.560000E+02 1.480000E+02 8.800000E+01 1.380000E+02 1.930000E+02 1.140000E+02 5.200000E+01 2.000000E+01 1.800000E+01 1.800000E+01 9.000000E+00 6.000000E+00 0.000000E+00 0.000000E+00 0.000000E+00 0.000000E+00 0.000000E+00 0.000000E+00 0.000000E+00 2.000000E+00 0.000000E+00 0.000000E+00 1.400000E+01 2.250000E+02 9.900000E+01 1.260000E+02 6.700000E+01 0.000000E+00 0.000000E+00 0.000000E+00 0.000000E+00 0.000000E+00 0.000000E+00 0.000000E+00 0.000000E+00
1.610000E+02 5.240000E+02 5.030000E+02 5.120000E+02 2.010000E+02 2.810000E+02 2.180000E+02 1.970000E+02 9.900000E+01 1.490000E+02 3.910000E+02 3.070000E+02 5.630000E+02 4.570000E+02 3.130000E+02 4.350000E+02 2.940000E+02 1.720000E+02 9.200000E+01 7.400000E+01 1.050000E+02 1.440000E+02 1.780000E+02 3.700000E+01 5.800000E+01 1.300000E+01 7.000000E+00 7.000000E+00 4.000000E+00 0.000000E+00 0.000000E+00 0.000000E+00 0.000000E+00 0.000000E+00 0.000000E+00 0.000000E+00 0.000000E+00 0.000000E+00 0.000000E+00 1.000000E+00 5.500000E+01 1.300000E+01 5.600000E+01 0.000000E+00 0.000000E+00 0.000000E+00 0.000000E+00 0.000000E+00 0.000000E+00 0.000000E+00 0.000000E+00 0.000000E+00
1.650000E+02 3.720000E+02 5.520000E+02 4.670000E+02 2.800000E+02 2.390000E+02 2.610000E+02 1.030000E+02 9.700000E+01 1.880000E+02 4.170000E+02 4.270000E+02 4.960000E+02 4.080000E+02 2.010000E+02 1.880000E+02 2.080000E+02 2.130000E+02 6.700000E+01 7.500000E+01 9.600000E+01 3.000000E+01 4.400000E+01 3.700000E+01 7.000000E+00 1.000000E+01 6.000000E+00 5.000000E+00 6.000000E+00 0.000000E+00 0.000000E+00 0.000000E+00 0.000000E+00 0.000000E+00 0.000000E+00 0.000000E+00 0.000000E+00 0.000000E+00 0.000000E+00 0.000000E+00 0.000000E+00 0.000000E+00 0.000000E+00 0.000000E+00 0.000000E+00 0.000000E+00 0.000000E+00 0.000000E+00 0.000000E+00 0.000000E+00 0.000000E+00 0.000000E+00
1.240000E+02 3.870000E+02 4.210000E+02 2.240000E+02 2.170000E+02 4.130000E+02 3.760000E+02 6.500000E+01 7.300000E+01 2.240000E+02 2.960000E+02 3.850000E+02 4.220000E+02 4.400000E+02 2.120000E+02 8.100000E+01 1.650000E+02 1.960000E+02 1.140000E+02 3.700000E+01 5.600000E+01 3.800000E+01 1.700000E+01 1.100000E+01 9.000000E+00 1.000000E+01 1.100000E+01 1.000000E+01 9.000000E+00 0.000000E+00 0.000000E+00 0.000000E+00 0.000000E+00 0.000000E+00 0.000000E+00 0.000000E+00 0.000000E+00 0.000000E+00 0.000000E+00 0.000000E+00 0.000000E+00 0.000000E+00 0.000000E+00 0.000000E+00 0.000000E+00 0.000000E+00 0.000000E+00 0.000000E+00 0.000000E+00 0.000000E+00 0.000000E+00 0.000000E+00
1.300000E+02 2.790000E+02 3.310000E+02 1.110000E+02 2.880000E+02 4.330000E+02 3.180000E+02 7.400000E+01 1.100000E+02 2.690000E+02 1.940000E+02 2.470000E+02 2.170000E+02 3.710000E+02 2.280000E+02 7.400000E+01 1.510000E+02 1.150000E+02 1.640000E+02 4.100000E+01 3.100000E+01 2.500000E+01 2.800000E+01 1.500000E+01 1.200000E+01 1.000000E+01 6.000000E+00 3.000000E+00 2.000000E+00 0.000000E+00 0.000000E+00 0.000000E+00 0.000000E+00 0.000000E+00 0.000000E+00 0.000000E+00 0.000000E+00 0.000000E+00 0.000000E+00 0.000000E+00 0.000000E+00 0.000000E+00 0.000000E+00 0.000000E+00 0.000000E+00 0.000000E+00 0.000000E+00 0.000000E+00 0.000000E+00 0.000000E+00 0.000000E+00 0.000000E+00
2.110000E+02 1.000000E+02 1.050000E+02 8.400000E+01 1.910000E+02 3.270000E+02 1.730000E+02 6.400000E+01 1.470000E+02 1.180000E+02 1.410000E+02 9.400000E+01 1.710000E+02 3.610000E+02 3.680000E+02 8.200000E+01 6.100000E+01 5.300000E+01 6.700000E+01 3.400000E+01 2.500000E+01 2.300000E+01 1.900000E+01 1.500000E+01 6.700000E+01 1.520000E+02 1.000000E+00 -3.000000E+00 0.000000E+00 0.000000E+00 0.000000E+00 0.000000E+00 0.000000E+00 0.000000E+00 0.000000E+00 0.000000E+00 0.000000E+00 0.000000E+00 0.000000E+00 0.000000E+00 0.000000E+00 0.000000E+00 0.000000E+00 0.000000E+00 0.000000E+00 0.000000E+00 0.000000E+00 0.000000E+00 0.000000E+00 0.000000E+00 4.900000E+01 0.000000E+00
1.410000E+02 8.000000E+01 6.400000E+01 7.900000E+01 2.240000E+02 9.500000E+01 6.200000E+01 9.400000E+01 5.800000E+01 6.400000E+01 1.090000E+02 6.900000E+01 5.800000E+01 9.600000E+01 1.630000E+02 2.150000E+02 1.550000E+02 5.600000E+01 3.900000E+01 5.500000E+01 1.180000E+02 2.800000E+01 1.380000E+02 8.300000E+01 1.130000E+02 5.300000E+01 8.000000E+00 1.000000E+00 0.000000E+00 0.000000E+00 0.000000E+00 0.000000E+00 0.000000E+00 0.000000E+00 0.000000E+00 0.000000E+00 0.000000E+00 0.000000E+00 0.000000E+00 1.200000E+01 0.000000E+00 0.000000E+00 0.000000E+00 0.000000E+00 0.000000E+00 0.000000E+00 0.000000E+00 0.000000E+00 0.000000E+00 0.000000E+00 0.000000E+00 1.300000E+01
2.000000E+02 8.800000E+01 5.800000E+01 7.800000E+01 2.510000E+02 7.500000E+01 6.400000E+01 4.700000E+01 5.100000E+01 5.200000E+01 8.300000E+01 4.600000E+01 6.000000E+01 1.420000E+02 1.750000E+02 2.320000E+02 2.350000E+02 4.800000E+01 1.210000E+02 1.210000E+02 1.760000E+02 3.900000E+01 1.340000E+02 1.170000E+02 3.100000E+01 1.700000E+01 5.000000E+00 0.000000E+00 0.000000E+00 0.000000E+00 0.000000E+00 0.000000E+00 0.000000E+00 0.000000E+00 0.000000E+00 0.000000E+00 0.000000E+00 0.000000E+00 0.000000E+00 0.000000E+00 0.000000E+00 0.000000E+00 0.000000E+00 0.000000E+00 0.000000E+00 0.000000E+00 0.000000E+00 0.000000E+00 0.000000E+00 0.000000E+00 0.000000E+00 2.900000E+01
1.240000E+02 7.600000E+01 5.200000E+01 4.900000E+01 1.020000E+02 6.700000E+01 5.200000E+01 4.700000E+01 5.200000E+01 4.900000E+01 3.700000E+01 3.500000E+01 1.020000E+02 4.400000E+01 6.000000E+01 9.100000E+01 5.800000E+01 4.600000E+01 4.800000E+01 9.100000E+01 4.500000E+01 5.100000E+01 1.950000E+02 6.000000E+01 2.000000E+01 1.300000E+01 7.000000E+00 0.000000E+00 0.000000E+00 0.000000E+00 0.000000E+00 0.000000E+00 0.000000E+00 0.000000E+00 0.000000E+00 0.000000E+00 0.000000E+00 0.000000E+00 0.000000E+00 0.000000E+00 0.000000E+00 0.000000E+00 0.000000E+00 0.000000E+00 0.000000E+00 0.000000E+00 0.000000E+00 0.000000E+00 0.000000E+00 0.000000E+00 0.000000E+00 0.000000E+00
5.700000E+01 6.100000E+01 3.600000E+01 5.000000E+01 4.900000E+01 4.300000E+01 3.900000E+01 5.400000E+01 5.400000E+01 5.900000E+01 4.300000E+01 3.200000E+01 4.800000E+01 3.800000E+01 2.300000E+01 2.900000E+01 2.200000E+01 2.200000E+01 2.600000E+01 3.700000E+01 1.310000E+02 1.100000E+02 1.150000E+02 6.600000E+01 7.100000E+01 4.700000E+01 9.000000E+00 0.000000E+00 0.000000E+00 0.000000E+00 0.000000E+00 0.000000E+00 0.000000E+00 0.000000E+00 0.000000E+00 0.000000E+00 0.000000E+00 0.000000E+00 0.000000E+00 0.000000E+00 0.000000E+00 0.000000E+00 0.000000E+00 0.000000E+00 0.000000E+00 0.000000E+00 0.000000E+00 0.000000E+00 0.000000E+00 0.000000E+00 5.300000E+01 2.000000E+01
6.400000E+01 5.000000E+01 5.400000E+01 4.000000E+01 4.600000E+01 4.400000E+01 3.900000E+01 4.500000E+01 4.800000E+01 8.500000E+01 2.800000E+01 2.600000E+01 2.300000E+01 1.500000E+01 2.100000E+01 6.500000E+01 1.800000E+01 1.900000E+01 4.800000E+01 6.400000E+01 8.000000E+01 1.100000E+02 1.360000E+02 2.130000E+02 1.200000E+02 5.400000E+01 1.200000E+01 1.000000E+00 0.000000E+00 0.000000E+00 0.000000E+00 0.000000E+00 0.000000E+00 0.000000E+00 0.000000E+00 0.000000E+00 0.000000E+00 0.000000E+00 0.000000E+00 0.000000E+00 0.000000E+00 0.000000E+00 0.000000E+00 0.000000E+00 0.000000E+00 0.000000E+00 0.000000E+00 0.000000E+00 0.000000E+00 0.000000E+00 8.000000E+00 1.500000E+01
6.700000E+01 4.700000E+01 6.200000E+01 4.200000E+01 4.000000E+01 3.600000E+01 4.000000E+01 4.400000E+01 4.200000E+01 5.600000E+01 2.600000E+01 1.700000E+01 2.200000E+01 1.400000E+01 1.200000E+01 1.800000E+01 1.900000E+01 2.500000E+01 1.460000E+02 5.000000E+01 4.400000E+01 2.400000E+02 2.250000E+02 1.610000E+02 1.130000E+02 6.600000E+01 2.000000E+01 0.000000E+00 0.000000E+00 0.000000E+00 0.000000E+00 0.000000E+00 0.000000E+00 0.000000E+00 0.000000E+00 0.000000E+00 0.000000E+00 0.000000E+00 0.000000E+00 0.000000E+00 8.000000E+00 0.000000E+00 0.000000E+00 0.000000E+00 0.000000E+00 0.000000E+00 0.000000E+00 0.000000E+00 0.000000E+00 0.000000E+00 0.000000E+00 0.000000E+00
6.300000E+01 4.400000E+01 3.300000E+01 3.400000E+01 4.200000E+01 4.000000E+01 3.900000E+01 4.600000E+01 5.500000E+01 7.600000E+01 2.500000E+01 1.400000E+01 1.000000E+01 1.700000E+01 7.000000E+00 1.400000E+01 9.200000E+01 1.060000E+02 3.000000E+01 4.400000E+01 5.700000E+01 2.720000E+02 4.020000E+02 1.620000E+02 1.190000E+02 8.300000E+01 3.600000E+01 1.700000E+01 0.000000E+00 0.000000E+00 0.000000E+00 0.000000E+00 0.000000E+00 0.000000E+00 0.000000E+00 0.000000E+00 0.000000E+00 0.000000E+00 0.000000E+00 0.000000E+00 0.000000E+00 0.000000E+00 0.000000E+00 0.000000E+00 0.000000E+00 0.000000E+00 0.000000E+00 0.000000E+00 0.000000E+00 0.000000E+00 0.000000E+00 0.000000E+00
7.700000E+01 3.000000E+01 3.200000E+01 3.000000E+01 4.800000E+01 4.200000E+01 4.000000E+01 4.600000E+01 6.200000E+01 7.200000E+01 3.200000E+01 1.900000E+01 9.000000E+00 1.000000E+01 8.000000E+00 2.600000E+01 8.400000E+01 4.200000E+01 3.400000E+01 3.900000E+01 9.900000E+01 2.010000E+02 3.100000E+02 1.410000E+02 7.800000E+01 4.800000E+01 2.400000E+01 9.000000E+00 0.000000E+00 0.000000E+00 0.000000E+00 0.000000E+00 0.000000E+00 0.000000E+00 0.000000E+00 0.000000E+00 0.000000E+00 0.000000E+00 0.000000E+00 0.000000E+00 0.000000E+00 0.000000E+00 0.000000E+00 0.000000E+00 0.000000E+00 0.000000E+00 0.000000E+00 0.000000E+00 0.000000E+00 0.000000E+00 0.000000E+00 0.000000E+00
4.300000E+01 2.500000E+01 2.600000E+01 7.300000E+01 7.400000E+01 6.500000E+01 1.790000E+02 6.800000E+01 8.600000E+01 7.900000E+01 6.200000E+01 2.800000E+01 6.000000E+00 7.000000E+00 1.500000E+01 1.700000E+01 1.500000E+01 1.300000E+01 9.100000E+01 1.600000E+01 7.000000E+00 5.800000E+01 1.000000E+02 6.700000E+01 1.300000E+01 0.000000E+00 0.000000E+00 0.000000E+00 0.000000E+00 0.000000E+00 0.000000E+00 0.000000E+00 0.000000E+00 0.000000E+00 0.000000E+00 0.000000E+00 8.900000E+01 0.000000E+00 0.000000E+00 0.000000E+00 0.000000E+00 0.000000E+00 0.000000E+00 0.000000E+00 0.000000E+00 0.000000E+00 0.000000E+00 0.000000E+00 0.000000E+00 0.000000E+00 0.000000E+00 0.000000E+00
3.700000E+01 2.700000E+01 6.100000E+01 1.740000E+02 1.410000E+02 1.530000E+02 1.010000E+02 1.210000E+02 5.600000E+01 3.000000E+01 2.100000E+01 1.600000E+01 6.000000E+00 5.000000E+00 2.000000E+00 6.000000E+00 7.000000E+00 1.400000E+01 9.900000E+01 1.300000E+01 5.000000E+00 3.200000E+01 7.500000E+01 4.900000E+01 1.300000E+01 0.000000E+00 0.000000E+00 0.000000E+00 0.000000E+00 0.000000E+00 0.000000E+00 0.000000E+00 0.000000E+00 0.000000E+00 0.000000E+00 0.000000E+00 8.700000E+01 0.000000E+00 0.000000E+00 0.000000E+00 0.000000E+00 0.000000E+00 0.000000E+00 0.000000E+00 0.000000E+00 0.000000E+00 0.000000E+00 0.000000E+00 0.000000E+00 0.000000E+00 0.000000E+00 0.000000E+00
3.500000E+01 2.500000E+01 3.800000E+01 1.000000E+02 1.390000E+02 2.120000E+02 1.160000E+02 1.280000E+02 2.330000E+02 4.000000E+01 3.900000E+01 1.600000E+01 5.500000E+01 4.000000E+00 3.000000E+00 2.000000E+00 9.000000E+00 6.000000E+00 1.400000E+01 6.000000E+00 0.000000E+00 7.000000E+00 2.500000E+01 2.100000E+01 2.000000E+00 0.000000E+00 0.000000E+00 0.000000E+00 0.000000E+00 0.000000E+00 0.000000E+00 0.000000E+00 0.000000E+00 0.000000E+00 0.000000E+00 0.000000E+00 0.000000E+00 0.000000E+00 0.000000E+00 0.000000E+00 0.000000E+00 0.000000E+00 0.000000E+00 0.000000E+00 0.000000E+00 0.000000E+00 0.000000E+00 0.000000E+00 0.000000E+00 0.000000E+00 0.000000E+00 0.000000E+00
7.800000E+01 2.700000E+01 8.200000E+01 4.200000E+01 1.640000E+02 8.400000E+01 6.000000E+01 1.490000E+02 2.020000E+02 8.400000E+01 1.970000E+02 4.900000E+01 4.900000E+01 8.800000E+01 1.500000E+01 0.000000E+00 0.000000E+00 0.000000E+00 0.000000E+00 0.000000E+00 0.000000E+00 0.000000E+00 0.000000E+00 0.000000E+00 0.000000E+00 0.000000E+00 -7.400000E+01 -1.210000E+02 1.000000E+00 0.000000E+00 0.000000E+00 1.000000E+00 0.000000E+00 0.000000E+00 0.000000E+00 0.000000E+00 0.000000E+00 0.000000E+00 0.000000E+00 0.000000E+00 0.000000E+00 0.000000E+00 0.000000E+00 0.000000E+00 0.000000E+00 0.000000E+00 0.000000E+00 0.000000E+00 0.000000E+00 0.000000E+00 0.000000E+00 0.000000E+00
2.700000E+01 2.000000E+01 2.100000E+01 3.200000E+01 1.440000E+02 7.900000E+01 4.300000E+01 1.260000E+02 2.570000E+02 1.810000E+02 6.700000E+01 1.270000E+02 6.000000E+00 6.600000E+01 0.000000E+00 0.000000E+00 0.000000E+00 0.000000E+00 0.000000E+00 0.000000E+00 0.000000E+00 0.000000E+00 0.000000E+00 0.000000E+00 0.000000E+00 4.000000E+00 1.000000E+00 1.000000E+00 0.000000E+00 0.000000E+00 0.000000E+00 0.000000E+00 0.000000E+00 0.000000E+00 0.000000E+00 0.000000E+00 0.000000E+00 0.000000E+00 0.000000E+00 0.000000E+00 0.000000E+00 0.000000E+00 0.000000E+00 0.000000E+00 0.000000E+00 0.000000E+00 0.000000E+00 0.000000E+00 0.000000E+00 0.000000E+00 0.000000E+00 0.000000E+00
7.900000E+01 2.000000E+01 2.700000E+01 3.300000E+01 1.410000E+02 7.200000E+01 3.300000E+01 7.900000E+01 1.890000E+02 1.730000E+02 1.010000E+02 5.400000E+01 5.200000E+01 5.400000E+01 0.000000E+00 0.000000E+00 0.000000E+00 0.000000E+00 0.000000E+00 0.000000E+00 0.000000E+00 0.000000E+00 0.000000E+00 0.000000E+00 0.000000E+00 1.000000E+00 0.000000E+00 0.000000E+00 0.000000E+00 0.000000E+00 0.000000E+00 0.000000E+00 0.000000E+00 0.000000E+00 0.000000E+00 0.000000E+00 0.000000E+00 0.000000E+00 0.000000E+00 0.000000E+00 0.000000E+00 0.000000E+00 0.000000E+00 0.000000E+00 0.000000E+00 0.000000E+00 0.000000E+00 0.000000E+00 0.000000E+00 0.000000E+00 0.000000E+00 0.000000E+00
