validation/tavurvur/reference_data/model_output/tavurvur.26h.thickness.asc
ncols 150
nrows 150
xllcorner 397339.0
yllcorner 9516206.0
cellsize 201.0
NODATA_value -9999
[rows 28 to 55 of 150, columns 63 to 125 of 150]
6.620838 5.875034 5.164692 4.497863 3.880680 3.317156 2.809367 2.357665 1.960875 1.616543 1.321222 1.070781 0.860693 0.686287 0.542952 0.426288 0.332218 0.257046 0.197496 0.150716 0.114263 0.086077 0.064446 0.047965 0.035494 0.026120 0.019119 0.013922 0.010087 0.007274 0.005221 0.003730 0.002654 0.001880 0.001326 0.000932 0.000652 0.000455 0.000316 0.000219 0.000151 0.000104 0.000071 0.000049 0.000033 0.000023 0.000015 0.000010 0.000007 0.000005 0.000003 0.000002 0.000001 0.000001 0.000001 0.000000 0.000000 0.000000 0.000000 0.000000 0.000000 0.000000 0.000000
7.281738 6.477458 5.706651 4.979290 4.303122 3.683354 3.122941 2.622942 2.182663 1.799867 1.471084 1.191974 0.957675 0.763099 0.603178 0.473047 0.368171 0.284431 0.218163 0.166173 0.125722 0.094499 0.070584 0.052401 0.038674 0.028382 0.020715 0.015040 0.010864 0.007809 0.005587 0.003979 0.002821 0.001992 0.001401 0.000981 0.000684 0.000476 0.000329 0.000227 0.000156 0.000107 0.000073 0.000050 0.000034 0.000023 0.000016 0.000010 0.000007 0.000005 0.000003 0.000002 0.000001 0.000001 0.000001 0.000000 0.000000 0.000000 0.000000 0.000000 0.000000 0.000000 0.000000
8.009514 7.143803 6.307651 5.514632 4.774098 4.092609 3.474019 2.920322 2.431501 2.005654 1.639345 1.328038 1.066518 0.849249 0.670661 0.525373 0.408342 0.314972 0.241162 0.183333 0.138408 0.103795 0.077337 0.057266 0.042149 0.030844 0.022445 0.016246 0.011699 0.008382 0.005977 0.004242 0.002998 0.002109 0.001478 0.001032 0.000717 0.000497 0.000343 0.000236 0.000162 0.000110 0.000075 0.000051 0.000035 0.000023 0.000016 0.000011 0.000007 0.000005 0.000003 0.000002 0.000001 0.000001 0.000001 0.000000 0.000000 0.000000 0.000000 0.000000 0.000000 0.000000 0.000000
8.793206 7.882370 6.974026 6.109820 5.299385 4.550311 3.867389 3.253940 2.710892 2.236832 1.828418 1.480929 1.188781 0.945957 0.746341 0.583977 0.453261 0.349057 0.266774 0.202393 0.152461 0.114062 0.084771 0.062601 0.045946 0.033523 0.024320 0.017547 0.012594 0.008994 0.006391 0.004521 0.003183 0.002232 0.001558 0.001084 0.000751 0.000518 0.000356 0.000244 0.000167 0.000113 0.000077 0.000052 0.000035 0.000024 0.000016 0.000011 0.000007 0.000005 0.000003 0.000002 0.000001 0.000001 0.000001 0.000000 0.000000 0.000000 0.000000 0.000000 0.000000 0.000000 0.000000
9.684216 8.691849 7.706946 6.772079 5.882346 5.062959 4.308559 3.628482 3.024791 2.496714 2.041041 1.652869 1.326238 1.054614 0.831287 0.649671 0.503529 0.387125 0.295312 0.223576 0.168034 0.125403 0.092954 0.068452 0.050093 0.036437 0.026350 0.018949 0.013555 0.009646 0.006831 0.004814 0.003378 0.002359 0.001641 0.001137 0.000785 0.000539 0.000369 0.000252 0.000172 0.000116 0.000079 0.000053 0.000036 0.000024 0.000016 0.000011 0.000007 0.000005 0.000003 0.000002 0.000001 0.000001 0.000001 0.000000 0.000000 0.000000 0.000000 0.000000 0.000000 0.000000 0.000000
10.657677 9.577238 8.513875 7.489302 6.534174 5.633380 4.802637 4.049213 3.377640 2.789052 2.280328 1.846398 1.480915 1.176806 0.926719 0.723372 0.559828 0.429672 0.327132 0.247132 0.185298 0.137934 0.101963 0.074869 0.054622 0.039605 0.028547 0.020459 0.014584 0.010341 0.007296 0.005123 0.003581 0.002492 0.001727 0.001192 0.000819 0.000561 0.000383 0.000260 0.000176 0.000119 0.000080 0.000054 0.000036 0.000024 0.000016 0.000011 0.000007 0.000005 0.000003 0.000002 0.000001 0.000001 0.000001 0.000000 0.000000 0.000000 0.000000 0.000000 0.000000 0.000000 0.000000
11.690402 10.547884 9.405027 8.309693 7.264420 6.274585 5.357906 4.521751 3.774392 3.118094 2.549832 2.064411 1.655124 1.314343 1.034024 0.806127 0.622930 0.477258 0.362631 0.273337 0.204444 0.151782 0.111882 0.081905 0.059567 0.043048 0.030922 0.022084 0.015684 0.011080 0.007788 0.005448 0.003793 0.002629 0.001814 0.001247 0.000854 0.000582 0.000396 0.000268 0.000181 0.000122 0.000082 0.000055 0.000036 0.000024 0.000016 0.000011 0.000007 0.000005 0.000003 0.000002 0.000001 0.000001 0.000001 0.000000 0.000000 0.000000 0.000000 0.000000 0.000000 0.000000 0.000000
12.897122 11.676537 10.439606 9.239793 8.088913 6.995477 5.980218 5.052175 4.220652 3.488695 2.853615 2.310224 1.851511 1.469291 1.154788 0.899125 0.693710 0.530516 0.402259 0.302503 0.225684 0.167089 0.122802 0.089619 0.064963 0.046787 0.033488 0.023829 0.016860 0.011865 0.008307 0.005788 0.004013 0.002770 0.001904 0.001304 0.000889 0.000604 0.000409 0.000276 0.000185 0.000124 0.000083 0.000055 0.000037 0.000024 0.000016 0.000011 0.000007 0.000005 0.000003 0.000002 0.000001 0.000001 0.000001 0.000000 0.000000 0.000000 0.000000 0.000000 0.000000 0.000000 0.000000
14.194211 12.914976 11.575768 10.269820 9.005982 7.796789 6.675231 5.647804 4.722926 3.906435 3.196330 2.587628 2.073099 1.644011 1.290813 1.003718 0.773163 0.590160 0.446519 0.334978 0.249251 0.184010 0.134824 0.098073 0.070849 0.050844 0.036258 0.025701 0.018114 0.012697 0.008853 0.006143 0.004242 0.002916 0.001996 0.001360 0.000924 0.000625 0.000421 0.000283 0.000189 0.000126 0.000084 0.000056 0.000037 0.000024 0.000016 0.000011 0.000007 0.000005 0.000003 0.000002 0.000001 0.000001 0.000001 0.000000 0.000000 0.000000 0.000000 0.000000 0.000000 0.000000 0.000000
15.642270 14.248736 12.807762 11.396099 10.016171 8.694626 7.453899 6.317336 5.288740 4.377715 3.583309 2.900967 2.323349 1.841202 1.444161 1.121444 0.862413 0.656997 0.495976 0.371150 0.275407 0.202715 0.148056 0.107335 0.077264 0.055243 0.039244 0.027708 0.019449 0.013576 0.009427 0.006513 0.004478 0.003065 0.002089 0.001417 0.000958 0.000645 0.000433 0.000290 0.000193 0.000128 0.000085 0.000056 0.000037 0.000024 0.000016 0.000010 0.000007 0.000004 0.000003 0.000002 0.000001 0.000001 0.000001 0.000000 0.000000 0.000000 0.000000 0.000000 0.000000 0.000000 0.000000
17.192320 15.729740 14.186414 12.654235 11.148689 9.696486 8.330236 7.070599 5.926673 4.909837 4.020640 3.255203 2.606215 2.063945 1.617179 1.254055 0.962739 0.731938 0.551265 0.411451 0.304439 0.223390 0.162615 0.117475 0.084251 0.060007 0.042458 0.029854 0.020867 0.014504 0.010027 0.006896 0.004721 0.003216 0.002182 0.001474 0.000992 0.000665 0.000444 0.000296 0.000196 0.000130 0.000086 0.000056 0.000037 0.000024 0.000016 0.000010 0.000007 0.000004 0.000003 0.000002 0.000001 0.000001 0.000000 0.000000 0.000000 0.000000 0.000000 0.000000 0.000000 0.000000 0.000000
18.881336 17.321356 15.684792 14.010509 12.378016 10.811283 9.311126 7.918951 6.646446 5.511105 4.515270 3.656012 2.926224 2.315763 1.812548 1.403544 1.075586 0.816009 0.613099 0.456363 0.336665 0.246238 0.178628 0.128571 0.091854 0.065159 0.045912 0.032145 0.022370 0.015479 0.010652 0.007293 0.004969 0.003370 0.002275 0.001530 0.001025 0.000684 0.000455 0.000301 0.000199 0.000131 0.000086 0.000056 0.000037 0.000024 0.000016 0.000010 0.000007 0.000004 0.000003 0.000002 0.000001 0.000001 0.000000 0.000000 0.000000 0.000000 0.000000 0.000000 0.000000 0.000000 0.000000
20.650562 18.972466 17.254879 15.531453 13.791615 12.071622 10.416731 8.874598 7.458930 6.190933 5.075121 4.109880 3.288551 2.600685 2.033326 1.572176 1.202595 0.910369 0.682274 0.506421 0.372433 0.271482 0.196230 0.140701 0.100117 0.070724 0.049618 0.034585 0.023958 0.016501 0.011302 0.007701 0.005222 0.003524 0.002368 0.001585 0.001056 0.000702 0.000464 0.000306 0.000201 0.000132 0.000086 0.000056 0.000037 0.000024 0.000015 0.000010 0.000006 0.000004 0.000003 0.000002 0.000001 0.000001 0.000000 0.000000 0.000000 0.000000 0.000000 0.000000 0.000000 0.000000 0.000000
22.592306 20.950279 19.123074 17.247389 15.357393 13.479452 11.654592 9.950850 8.376362 6.960026 5.709242 4.624230 3.699118 2.923315 2.283002 1.762530 1.345622 1.016321 0.759683 0.562218 0.412126 0.299360 0.215566 0.153948 0.109084 0.076723 0.053584 0.037176 0.025631 0.017568 0.011974 0.008119 0.005478 0.003679 0.002460 0.001638 0.001086 0.000718 0.000473 0.000310 0.000203 0.000133 0.000086 0.000056 0.000036 0.000023 0.000015 0.000010 0.000006 0.000004 0.000003 0.000002 0.000001 0.000001 0.000000 0.000000 0.000000 0.000000 0.000000 0.000000 0.000000 0.000000 0.000000
24.812609 23.148546 21.206991 19.181091 17.113497 15.046746 13.046310 11.163064 9.412692 7.830615 6.427979 5.207555 4.164704 3.288916 2.565556 1.977538 1.506771 1.135333 0.846320 0.624409 0.456163 0.330129 0.236786 0.168398 0.118801 0.083177 0.057818 0.039920 0.027388 0.018677 0.012666 0.008544 0.005735 0.003831 0.002549 0.001688 0.001114 0.000733 0.000480 0.000314 0.000204 0.000133 0.000086 0.000056 0.000036 0.000023 0.000015 0.000009 0.000006 0.000004 0.000002 0.000002 0.000001 0.000001 0.000000 0.000000 0.000000 0.000000 0.000000 0.000000 0.000000 0.000000 0.000000
27.119364 25.403339 23.387915 21.246811 19.034245 16.796844 14.607777 12.528570 10.583879 8.816684 7.243160 5.869568 4.693062 3.703506 2.885530 2.220530 1.688419 1.269053 0.943295 0.693718 0.504999 0.364065 0.260051 0.184137 0.129311 0.090104 0.062326 0.042816 0.029223 0.019825 0.013373 0.008973 0.005991 0.003981 0.002634 0.001736 0.001139 0.000745 0.000486 0.000316 0.000205 0.000132 0.000085 0.000055 0.000035 0.000023 0.000014 0.000009 0.000006 0.000004 0.000002 0.000002 0.000001 0.000001 0.000000 0.000000 0.000000 0.000000 0.000000 0.000000 0.000000 0.000000 0.000000
29.610945 27.825087 25.755396 23.539532 21.177389 18.759211 16.363899 14.067375 11.908325 9.934167 8.168252 6.621362 5.293058 4.173957 3.248097 2.495291 1.893249 1.419328 1.051839 0.770937 0.559125 0.401459 0.285524 0.201250 0.140652 0.097519 0.067109 0.045859 0.031132 0.021005 0.014092 0.009403 0.006243 0.004126 0.002715 0.001779 0.001162 0.000756 0.000490 0.000317 0.000205 0.000132 0.000084 0.000054 0.000035 0.000022 0.000014 0.000009 0.000006 0.000004 0.000002 0.000001 0.000001 0.000001 0.000000 0.000000 0.000000 0.000000 0.000000 0.000000 0.000000 0.000000 0.000000
32.356808 30.558079 28.441093 26.094830 23.564270 20.947056 18.315893 15.789161 13.407328 11.201012 9.218551 7.475595 5.974822 4.708122 3.659154 2.806113 2.124292 1.588227 1.173317 0.856932 0.619068 0.442617 0.313369 0.219818 0.152858 0.105430 0.072164 0.049042 0.033107 0.022211 0.014816 0.009829 0.006489 0.004264 0.002790 0.001818 0.001181 0.000764 0.000493 0.000317 0.000204 0.000130 0.000083 0.000053 0.000034 0.000021 0.000014 0.000009 0.000005 0.000003 0.000002 0.000001 0.000001 0.000001 0.000000 0.000000 0.000000 0.000000 0.000000 0.000000 0.000000 0.000000 0.000000
35.179585 33.446846 31.309658 28.841728 26.177794 23.362303 20.532492 17.755121 15.102296 12.636990 10.411387 8.446725 6.749934 5.314957 4.125410 3.157861 2.384959 1.778060 1.309233 0.952646 0.685389 0.487852 0.343750 0.239915 0.165956 0.113839 0.077482 0.052354 0.035137 0.023434 0.015538 0.010247 0.006725 0.004393 0.002857 0.001852 0.001196 0.000769 0.000494 0.000316 0.000202 0.000128 0.000082 0.000052 0.000033 0.000021 0.000013 0.000008 0.000005 0.000003 0.000002 0.000001 0.000001 0.000000 0.000000 0.000000 0.000000 0.000000 0.000000 0.000000 0.000000 0.000000 0.000000
38.160912 36.481640 34.347694 31.880703 29.108532 26.101391 23.012257 19.961061 17.017256 14.265125 11.766631 9.551304 7.631617 6.004670 4.654489 3.556040 2.679083 1.991395 1.461241 1.059091 0.758678 0.537486 0.376824 0.261607 0.179960 0.122739 0.083048 0.055778 0.037206 0.024661 0.016251 0.010651 0.006947 0.004510 0.002916 0.001879 0.001206 0.000772 0.000492 0.000313 0.000199 0.000126 0.000080 0.000050 0.000032 0.000020 0.000012 0.000008 0.000005 0.000003 0.000002 0.000001 0.000001 0.000000 0.000000 0.000000 0.000000 0.000000 0.000000 0.000000 0.000000 0.000000 0.000000
41.412064 39.952267 37.815319 35.265762 32.331657 29.136087 25.791670 22.419434 19.170599 16.101803 13.307585 10.808264 8.634918 6.788864 5.255044 4.006872 3.010967 2.231085 1.631144 1.177353 0.839546 0.591832 0.412732 0.284939 0.194870 0.132109 0.088836 0.059290 0.039297 0.025880 0.016945 0.011035 0.007152 0.004614 0.002965 0.001899 0.001211 0.000771 0.000489 0.000310 0.000195 0.000123 0.000077 0.000049 0.000030 0.000019 0.000012 0.000007 0.000005 0.000003 0.000002 0.000001 0.000001 0.000000 0.000000 0.000000 0.000000 0.000000 0.000000 0.000000 0.000000 0.000000 0.000000
44.767357 43.511894 41.500278 38.932213 35.892384 32.498226 28.880373 25.213253 21.612236 18.189568 15.060231 12.238951 9.776855 7.680679 5.936874 4.517378 3.385423 2.500277 1.820898 1.308574 0.928612 0.651193 0.451594 0.309935 0.210666 0.141914 0.094811 0.062861 0.041387 0.027075 0.017608 0.011391 0.007334 0.004702 0.003002 0.001910 0.001212 0.000766 0.000483 0.000304 0.000191 0.000120 0.000075 0.000047 0.000029 0.000018 0.000011 0.000007 0.000004 0.000003 0.000002 0.000001 0.000001 0.000000 0.000000 0.000000 0.000000 0.000000 0.000000 0.000000 0.000000 0.000000 0.000000
48.400108 47.299591 45.430603 42.935638 39.818451 36.207378 32.342213 28.333092 24.365952 20.552471 17.040897 13.867483 11.076545 8.694957 6.711078 5.095476 3.807826 2.802428 2.032599 1.453942 1.026487 0.715838 0.493492 0.336586 0.227302 0.152100 0.100925 0.066453 0.043447 0.028225 0.018229 0.011712 0.007490 0.004770 0.003026 0.001913 0.001206 0.000758 0.000475 0.000297 0.000186 0.000116 0.000072 0.000045 0.000028 0.000017 0.000011 0.000007 0.000004 0.000003 0.000002 0.000001 0.000001 0.000000 0.000000 0.000000 0.000000 0.000000 0.000000 0.000000 0.000000 0.000000 0.000000
52.106304 51.325558 49.659290 47.244350 44.123692 40.345673 36.211971 31.868349 27.499319 23.251831 19.305986 15.719764 12.555230 9.848412 7.590246 5.750100 4.284153 3.141305 2.268470 1.614661 1.133752 0.785987 0.538458 0.364839 0.244698 0.162592 0.107115 0.070018 0.045446 0.029309 0.018794 0.011990 0.007614 0.004816 0.003035 0.001906 0.001194 0.000746 0.000465 0.000289 0.000180 0.000111 0.000069 0.000043 0.000026 0.000016 0.000010 0.000006 0.000004 0.000002 0.000001 0.000001 0.000001 0.000000 0.000000 0.000000 0.000000 0.000000 0.000000 0.000000 0.000000 0.000000 0.000000
55.983322 55.553036 54.165005 51.882729 48.733166 44.874424 40.491730 35.793327 31.010712 26.293377 21.863581 17.824312 14.237947 11.160561 8.588805 6.491318 4.821019 3.520969 2.530816 1.791919 1.250920 0.861784 0.586453 0.394586 0.262737 0.173284 0.113299 0.073499 0.047344 0.030303 0.019288 0.012215 0.007702 0.004837 0.003028 0.001889 0.001176 0.000730 0.000452 0.000280 0.000173 0.000106 0.000065 0.000040 0.000025 0.000015 0.000009 0.000006 0.000003 0.000002 0.000001 0.000001 0.000000 0.000000 0.000000 0.000000 0.000000 0.000000 0.000000 0.000000 0.000000 0.000000 0.000000
59.924572 59.914310 58.895111 56.833832 53.800804 49.835972 45.255428 40.176876 34.947292 29.719322 24.748320 20.187265 16.132515 12.642236 9.723780 7.330376 5.425693 3.945726 2.821965 1.986826 1.378398 0.943261 0.637347 0.425647 0.281247 0.184040 0.119379 0.076828 0.049097 0.031181 0.019694 0.012379 0.007748 0.004832 0.003003 0.001861 0.001151 0.000710 0.000437 0.000269 0.000165 0.000101 0.000062 0.000038 0.000023 0.000014 0.000009 0.000005 0.000003 0.000002 0.000001 0.000001 0.000000 0.000000 0.000000 0.000000 0.000000 0.000000 0.000000 0.000000 0.000000 0.000000 0.000000
63.887379 64.453163 63.880657 62.112373 59.255379 55.322666 50.516018 45.122860 39.406307 33.625919 28.054016 22.895502 18.297705 14.335140 11.004790 8.280510 6.106096 4.419897 3.144147 2.200364 1.516432 1.030297 0.690877 0.457748 0.299998 0.194687 0.125233 0.079926 0.050658 0.031913 0.019997 0.012473 0.007748 0.004797 0.002960 0.001822 0.001119 0.000686 0.000420 0.000256 0.000156 0.000095 0.000058 0.000035 0.000021 0.000013 0.000008 0.000005 0.000003 0.000002 0.000001 0.000001 0.000000 0.000000 0.000000 0.000000 0.000000 0.000000 0.000000 0.000000 0.000000 0.000000 0.000000
67.811256 68.995934 69.020271 67.717712 65.074013 61.278404 56.379543 50.636280 44.381603 38.034912 31.816437 25.989365 20.762159 16.240097 12.442235 9.337600 6.871880 4.947853 3.499499 2.433304 1.665038 1.122561 0.746623 0.490505 0.318688 0.205008 0.130720 0.082707 0.051975 0.032470 0.020181 0.012488 0.007698 0.004730 0.002898 0.001772 0.001081 0.000658 0.000400 0.000243 0.000147 0.000089 0.000054 0.000033 0.000020 0.000012 0.000007 0.000004 0.000003 0.000002 0.000001 0.000001 0.000000 0.000000 0.000000 0.000000 0.000000 0.000000 0.000000 0.000000 0.000000 0.000000 0.000000
