validation/tavurvur/reference_data/model_output/tavurvur.26h.load.asc
ncols 150
nrows 150
xllcorner 397339.0
yllcorner 9516206.0
cellsize 201.0
NODATA_value -9999
[rows 0 to 27 of 150, columns 0 to 61 of 150]
11.187770 11.635378 12.425079 13.540960 14.834789 16.352234 18.051474 19.882473 21.932968 24.061460 26.354387 28.812637 31.430355 34.199638 37.111572 40.135670 43.258488 46.482067 49.788387 53.162994 56.604420 60.052002 63.474602 66.838501 70.107811 73.244965 76.178612 78.889603 81.356636 83.544991 85.422859 86.959908 88.133385 88.930016 89.340485 89.346741 88.946686 88.132660 86.909393 85.241348 83.173256 80.740685 77.972916 74.910965 71.630264 68.131760 64.458817 60.638527 56.704132 52.735775 48.778137 44.871380 41.051533 37.350422 33.795544 30.410362 27.213831 24.219971 21.438089 18.873173 16.526112 14.394140
10.939232 11.368650 12.141061 13.248184 14.526110 16.048710 17.711121 19.497919 21.512274 23.690811 25.967268 28.415854 31.027496 33.794170 36.707638 39.756748 42.893250 46.136059 49.468216 52.869194 56.341499 59.841240 63.324654 66.758682 70.107033 73.331734 76.367905 79.179291 81.753319 84.053543 86.046593 87.703133 88.997078 89.911484 90.435341 90.553230 90.256714 89.540741 88.407181 86.862602 84.868752 82.491920 79.765907 76.723625 73.430527 69.926315 66.233070 62.395580 58.421036 54.390594 50.360336 46.372398 42.464760 38.671139 35.020798 31.538595 28.245043 25.155649 22.280989 19.627089 17.195709 14.984750
10.522193 10.960124 11.722238 12.786949 14.038702 15.518501 17.179417 18.996738 20.962311 23.042349 25.301498 27.734472 30.334185 33.094379 36.008217 39.067265 42.247898 45.520817 48.894196 52.348610 55.863899 59.446327 63.029495 66.578262 70.056152 73.424782 76.629158 79.605560 82.357117 84.843231 87.029007 88.884056 90.378357 91.488770 92.201683 92.504509 92.380905 91.828697 90.843727 89.432411 87.607010 85.337784 82.682899 79.687752 76.389549 72.868103 69.145119 65.255203 61.239178 57.110424 52.963860 48.845032 44.795128 40.850956 37.044735 33.403915 29.951368 26.705070 23.677767 20.877239 18.306725 15.965257
10.018785 10.442927 11.182577 12.214538 13.432048 14.873187 16.492626 18.263563 20.189541 22.244184 24.479759 26.890995 29.473316 32.222549 35.133621 38.199684 41.411579 44.731800 48.152111 51.668556 55.259480 58.916779 62.616482 66.301201 69.934540 73.477051 76.885384 80.063484 83.030548 85.745575 88.170952 90.271469 92.015205 93.372612 94.324753 94.857964 94.954727 94.608475 93.812866 92.571579 90.893074 88.794571 86.254471 83.324532 80.061012 76.505463 72.752220 68.804047 64.708794 60.494190 56.209198 51.932751 47.710033 43.581722 39.583782 35.747181 32.097752 28.656490 25.438946 22.455233 19.710484 17.205240
9.480446 9.885168 10.624917 11.595490 12.775686 14.161299 15.750498 17.486362 19.344015 21.367619 23.572668 25.955990 28.515242 31.248251 34.151772 37.220711 40.447586 43.822277 47.290211 50.869518 54.541233 58.281094 62.095692 65.924988 69.724312 73.454109 77.072151 80.484421 83.687927 86.656891 89.348763 91.724380 93.748657 95.387489 96.614296 97.411865 97.765076 97.657005 97.084137 96.042244 94.538277 92.586044 90.207031 87.382034 84.168503 80.627998 76.818985 72.816292 68.634644 64.325737 59.903679 55.456196 51.043602 46.711063 42.498890 38.442188 34.570587 30.908335 27.474272 24.281378 21.337063 18.643717
8.921427 9.326215 10.031050 10.985947 12.126389 13.458653 14.981366 16.658173 18.464773 20.451752 22.619596 24.968731 27.498993 30.209875 33.099941 36.165928 39.402172 42.800190 46.334511 49.972923 53.722530 57.560696 61.472591 65.445137 69.412254 73.333542 77.165695 80.827034 84.280098 87.515709 90.490845 93.161766 95.487854 97.432632 98.961761 100.051712 100.686371 100.846558 100.523674 99.709953 98.408371 96.627876 94.387550 91.713806 88.584236 85.074600 81.245499 77.177567 72.915565 68.493362 63.955349 59.331333 54.719593 50.170300 45.728584 41.434258 37.321369 33.418007 29.746584 26.323408 23.158634 20.256811
8.340812 8.739249 9.416960 10.338938 11.433342 12.751237 14.202522 15.807673 17.577488 19.519182 21.642771 23.951529 26.446747 29.129204 31.999207 35.055340 38.293861 41.708195 45.288628 48.990421 52.811680 56.742386 60.756989 64.857620 68.989479 73.100929 77.148270 81.065392 84.774666 88.284660 91.554184 94.533783 97.178505 99.448090 101.303062 102.711021 103.651192 104.106445 104.057602 103.499588 102.426598 100.845024 98.769234 96.222839 93.237495 89.782890 85.963173 81.834358 77.500504 72.971954 68.303871 63.523109 58.707882 53.933769 49.251278 44.705429 40.335255 36.173416 32.246201 28.573685 25.169245 22.039963
7.806308 8.173981 8.816090 9.709826 10.758008 11.995125 13.373618 14.943071 16.696423 18.581709 20.655384 22.917982 25.371861 28.019413 30.862341 33.901085 37.133862 40.556118 44.160084 47.928921 51.813633 55.828888 59.951050 64.160767 68.449814 72.746651 77.006523 81.181320 85.151253 88.942772 92.511307 95.810013 98.787346 101.396950 103.596886 105.347176 106.618721 107.391754 107.645210 107.367950 106.550713 105.195717 103.311623 100.918762 98.046318 94.724396 90.931763 86.788330 82.366875 77.743248 72.942284 68.021202 63.001717 57.997826 53.065933 48.256786 43.614986 39.178402 34.977894 31.037580 27.374565 23.998926
7.287287 7.625472 8.245554 9.091248 10.095929 11.288948 12.649417 14.158265 15.810009 17.644419 19.665510 21.876972 24.283476 26.889404 29.697968 32.711452 35.929985 39.351097 42.969166 46.775036 50.732155 54.822258 59.042606 63.366264 67.791557 72.265167 76.731522 81.141708 85.394142 89.469414 93.343277 96.967392 100.288124 103.252945 105.815186 107.929832 109.557999 110.673813 111.257896 111.287025 110.755074 109.654434 107.991074 105.780174 103.047333 99.828018 96.140465 92.001572 87.521912 82.802376 77.879082 72.801125 67.606201 62.370205 57.182278 52.099525 47.172722 42.445621 37.954426 33.727730 29.786837 26.145350
6.774353 7.092267 7.683384 8.487604 9.447012 10.591929 11.902737 13.332845 14.934533 16.714642 18.679169 20.834711 23.188120 25.745756 28.512777 31.492924 34.688465 38.098984 41.721092 45.547878 49.568539 53.724949 58.032726 62.469284 67.010864 71.653610 76.317657 80.957451 85.492622 89.852005 94.035042 97.988823 101.662300 104.996040 107.936134 110.434631 112.444916 113.931488 114.870636 115.237793 115.019051 114.203323 112.791817 110.793182 108.229477 105.133041 101.545929 97.471603 92.971268 88.151917 83.119270 77.890160 72.531418 67.064606 61.615913 56.250519 51.026066 45.992905 41.193329 36.661224 32.422432 28.494642
6.281873 6.580101 7.147173 7.920085 8.833538 9.931830 11.152656 12.530602 14.076496 15.797378 17.701086 19.796085 22.091021 24.594063 27.312309 30.251249 33.414894 36.805161 40.420895 44.257599 48.306843 52.540039 56.923378 61.461224 66.125130 70.908981 75.762192 80.622726 85.438156 90.079872 94.573662 98.863846 102.893799 106.606804 109.940987 112.841438 115.257439 117.142677 118.465187 119.201790 119.325554 118.828255 117.700180 115.946869 113.584526 110.641533 107.157646 103.181839 98.700806 93.825020 88.671486 83.303070 77.762726 72.097847 66.385818 60.730122 55.196087 49.841496 44.715565 39.858326 35.300694 31.064987
5.812560 6.093365 6.624150 7.351405 8.217299 9.261547 10.431160 11.752745 13.238243 14.895988 16.735056 18.765259 20.996708 23.439222 26.101706 28.991632 32.114723 35.474979 39.073750 42.908970 46.974823 51.261124 55.717590 60.343925 65.124573 70.030548 75.063568 80.134033 85.197250 90.144424 94.947334 99.575958 103.969734 108.069496 111.811165 115.131676 117.974876 120.286781 122.024208 123.158272 123.660690 123.513611 122.703827 121.231323 119.104820 116.348633 112.999283 109.104469 104.715645 99.813263 94.549644 89.052788 83.340973 77.484146 71.513237 65.561119 59.706398 54.015251 48.544704 43.341812 38.443455 33.876995
5.376000 5.644286 6.129784 6.806230 7.627548 8.614594 9.738091 10.999109 12.421359 14.013140 15.784338 17.745947 19.909340 22.285805 24.885962 27.719200 30.793221 34.113922 37.685066 41.507252 45.577320 49.887878 54.419239 59.120277 64.004120 69.040756 74.218826 79.492165 84.789101 90.038643 95.147133 100.114388 104.876663 109.369316 113.529999 117.287758 120.578003 123.342499 125.526611 127.090622 128.006836 128.244141 127.791054 126.635391 124.782234 122.249260 119.068680 115.286064 110.957764 106.115944 100.795250 95.154503 89.283287 83.219963 77.020714 70.768120 64.582695 58.540237 52.706654 47.136948 41.874908 36.953533
4.955068 5.211209 5.657324 6.290671 7.066877 8.004516 9.069598 10.269584 11.627354 13.151198 14.851911 16.741579 18.832798 21.138165 23.669865 26.439137 29.455721 32.727543 36.260551 40.058067 44.119778 48.441208 53.013142 57.794304 62.766418 67.922791 73.228775 78.691429 84.214378 89.750389 95.165352 100.468636 105.601662 110.495613 115.081345 119.290298 123.047966 126.288734 128.950455 130.980392 132.343399 133.006348 132.946396 132.147476 130.608109 128.337326 125.362656 121.726868 117.485649 112.703056 107.388168 101.635002 95.608833 89.349258 82.924667 76.377457 69.852547 63.444584 57.229530 51.271317 45.621544 40.319813
4.552512 4.795233 5.232337 5.817691 6.551318 7.426089 8.423972 9.565116 10.857877 12.312361 13.940499 15.755397 17.770761 20.000460 22.458078 25.156567 28.107683 31.321470 34.806126 38.567448 42.608109 46.926735 51.517292 56.368462 61.415470 66.675827 72.120346 77.731178 83.469421 89.256096 94.995361 100.629440 106.131844 111.430473 116.451363 121.121841 125.365074 129.104645 132.273254 134.822128 136.676361 137.802292 138.161957 137.755707 136.571579 134.605499 131.877090 128.424942 124.304527 119.582596 114.325439 108.518288 102.336723 95.896278 89.232063 82.416794 75.545250 68.758377 62.143639 55.774872 49.712429 44.003510
4.165861 4.392411 4.800240 5.356980 6.046227 6.861731 7.806432 8.887604 10.114590 11.498648 13.052601 14.790418 16.726782 18.876696 21.255116 23.876537 26.754614 29.901588 33.327793 37.041664 41.048664 45.350647 49.944988 54.823814 59.956078 65.303505 70.869965 76.618889 82.551414 88.578957 94.632187 100.588890 106.456627 112.160866 117.623260 122.764572 127.508247 131.769211 135.482071 138.574188 140.959671 142.595703 143.442337 143.468811 142.660583 141.045868 138.607330 135.376892 131.410492 126.786850 121.561668 115.784966 109.503914 102.886292 95.992958 88.905746 81.691734 74.513573 67.481461 60.680023 54.179237 48.034908
3.805105 4.016083 4.396167 4.916097 5.561447 6.327791 7.217690 8.238123 9.398887 10.711851 12.190475 13.849408 15.704161 17.770746 20.065346 22.603960 25.401968 28.473694 31.831841 35.487183 39.448116 43.719646 48.302685 53.193058 58.380768 63.811359 69.481224 75.372505 81.459885 87.714905 94.050011 100.340813 106.566612 112.674103 118.581505 124.204460 129.458115 134.259186 138.538101 142.205368 145.163910 147.353714 148.733261 149.257828 148.902725 147.649384 145.547516 142.581741 138.761017 134.246216 129.097504 123.300751 117.106430 110.341370 103.238815 95.861603 88.324181 80.743782 73.277664 66.021729 59.056416 52.447239
3.468547 3.664611 4.018161 4.502587 5.105170 5.822512 6.657502 7.617265 8.711864 9.953524 11.356137 12.934893 14.705967 16.686247 18.893015 21.343624 24.055122 27.043770 30.324574 33.910725 37.813427 42.040882 46.597443 51.482918 56.691292 62.203033 67.959381 73.973106 80.208900 86.661118 93.252289 99.883408 106.454132 112.958527 119.310349 125.420341 131.197632 136.552811 141.417648 145.688736 149.258636 152.050018 154.007935 155.086441 155.242798 154.444504 152.703278 149.967880 146.414291 142.164474 137.143036 131.329376 124.866707 118.310539 111.005913 103.339897 95.464195 87.483955 79.569077 71.837646 64.381416 57.276867
3.154827 3.336568 3.664581 4.114670 4.675601 5.344829 6.125657 7.025430 8.054393 9.224982 10.551373 12.049147 13.735022 15.626606 17.742140 20.100189 22.719328 25.617664 28.812370 32.319145 36.151760 40.321735 44.836922 49.700829 54.911949 60.462063 66.308594 72.425789 78.805862 85.418442 92.248871 99.197639 106.114334 113.004341 119.796150 126.395248 132.705002 138.627731 144.093933 148.996796 153.213043 156.652130 159.239883 160.925262 161.655991 161.323395 160.013077 157.753128 154.291687 150.026154 145.209000 139.831482 133.337128 126.409546 119.362152 111.373795 103.133308 94.770523 86.394867 78.168343 70.194885 62.563496
2.862825 3.030817 3.334268 3.751219 4.271779 4.894148 5.622012 6.462895 7.427147 8.527309 9.777711 11.194192 12.793880 14.594968 16.616497 18.878103 21.399700 24.201138 27.301640 30.719316 34.470596 38.569912 43.028919 47.854980 53.050552 58.612507 64.530045 70.735321 77.238731 84.009453 91.038223 98.258110 105.540688 112.804138 120.026649 127.113037 133.960693 140.465134 146.542358 152.101990 156.995453 161.124680 164.395233 166.736343 168.100784 168.397705 167.665680 165.875671 162.795456 158.875305 154.259308 148.942474 142.447906 135.485779 128.300995 119.975304 111.383728 102.630844 93.797119 85.057549 76.540901 68.350449
2.591574 2.746403 3.026303 3.411397 3.893017 4.470023 5.146410 5.929816 6.830618 7.861362 9.036427 10.371781 11.884823 13.594193 15.519588 17.681543 20.101171 22.799814 25.798691 29.118189 32.777409 36.793568 41.181789 45.953617 51.115791 56.669540 62.609707 68.907043 75.512665 82.429489 89.622169 97.092804 104.726341 112.352524 119.991501 127.558517 134.945053 142.039627 148.741180 154.974930 160.574692 165.431168 169.433899 172.492706 174.458054 175.463257 175.461578 174.064774 171.388214 167.908661 163.516388 158.290665 151.902100 145.019272 137.767975 129.177933 120.251930 111.096062 101.821671 92.552429 83.467201 74.684875
2.340190 2.482461 2.739864 3.094463 3.538698 4.072005 4.698614 5.426208 6.265106 7.227776 8.328539 9.583386 11.009845 12.626852 14.454615 16.514408 18.828360 21.419161 24.309710 27.522667 31.079643 35.000790 39.304279 44.005730 49.116444 54.642315 60.583138 66.931282 73.632614 80.672859 88.032608 95.700630 103.622391 111.640205 119.687019 127.719406 135.640457 143.329697 150.665375 157.589478 163.916321 169.529861 174.314758 178.093674 180.907761 182.674805 183.317230 182.631653 180.762802 177.574234 173.452698 168.021774 161.739075 155.096893 147.726517 139.036728 129.779282 120.232941 110.505890 100.703743 91.025360 81.618011
2.107819 2.238158 2.474158 2.799684 3.208186 3.699587 4.278285 4.951934 5.730726 6.626964 7.654820 8.830196 10.170628 11.695201 13.424463 15.380277 17.585609 20.064304 22.840767 25.939568 29.384907 33.199711 37.405254 42.020710 47.062069 52.540207 58.459969 64.819397 71.604858 78.744064 86.251541 94.089516 102.267982 110.660049 119.097946 127.587822 136.030930 144.314621 152.306488 159.924927 166.993210 173.360718 178.980957 183.591248 187.300476 189.923965 191.243149 191.285660 189.775940 187.340759 183.633789 178.599701 172.252594 165.339172 158.198929 149.504425 140.028839 130.089523 119.890007 109.568108 99.271431 89.205368
1.893612 2.012658 2.228376 2.526301 2.900790 3.352178 3.884962 4.506706 5.227406 6.059122 7.015791 8.113124 9.368547 10.801163 12.431693 14.282396 16.376921 18.740068 21.397552 24.375629 27.700687 31.398556 35.493587 40.008270 44.962803 50.373371 56.250237 62.596970 69.409431 76.649864 84.278404 92.290291 100.665253 109.370003 118.216927 127.148705 136.104187 144.973953 153.627014 161.953018 169.795502 176.883240 183.375259 188.955612 193.566727 197.002274 199.150085 200.068115 199.391052 197.273422 194.078217 189.464783 183.462112 176.345764 168.516129 160.688995 151.055847 140.709000 130.048737 119.194504 108.266876 97.506851
1.696709 1.805109 2.001685 2.273511 2.615758 3.029099 3.518071 4.090090 4.754893 5.524234 6.411732 7.432811 8.604678 9.946321 11.478491 13.223660 15.205943 17.450930 19.985416 22.837156 26.034426 29.605583 33.578194 37.978130 42.829315 48.152782 53.964764 60.274719 67.084641 74.387741 82.119530 90.276909 98.835060 107.794250 117.038544 126.391006 135.845901 145.289505 154.600098 163.640060 172.290451 180.245819 187.600433 194.047699 199.532684 204.032288 207.129562 208.875778 209.289917 208.057816 205.478378 201.043259 195.128586 188.272903 180.427612 172.179413 162.788330 152.144440 141.041519 129.638504 118.078590 106.586174
1.516240 1.614641 1.793223 2.040468 2.352273 2.729585 3.176926 3.701511 4.312768 5.022084 5.842687 6.789629 7.879794 9.131931 10.566678 12.206557 14.075946 16.200979 18.609369 21.330103 24.393148 27.829016 31.668173 35.940056 40.672211 45.890045 51.615356 57.864189 64.644974 71.957748 79.783104 88.055748 96.787399 105.947876 115.524841 125.306816 135.240112 145.247620 155.201721 164.962631 174.428238 183.268204 191.525345 198.602173 205.114731 210.898071 215.062332 217.526855 218.831421 218.602234 216.759384 213.031128 207.780212 200.872253 193.096344 184.333923 175.058304 164.162170 152.850143 141.004807 128.764542 116.511948
1.351321 1.440370 1.602099 1.826284 2.109462 2.452795 2.860739 3.340269 3.900457 4.552266 5.308477 6.183691 7.194372 8.358917 9.697714 11.233176 12.989760 14.993922 17.274014 19.860079 22.783501 26.076689 29.772579 33.903931 38.502193 43.596771 49.214565 55.377991 62.102715 69.395851 77.255005 85.635300 94.507164 103.862473 113.690086 123.890907 134.274826 144.826538 155.417389 165.902359 176.167877 185.889130 195.145477 203.295822 210.591309 217.569016 223.032288 226.584030 228.213577 228.928223 228.179306 225.338165 220.484756 214.293549 206.584869 197.905243 188.040009 176.920792 165.639648 153.343033 140.367111 127.354454
1.201062 1.281397 1.427405 1.630040 1.886405 2.197819 2.568635 3.005548 3.517237 4.114202 4.808715 5.614861 6.548603 7.627879 8.872696 10.305210 11.949780 13.832973 15.983535 18.432255 21.211742 24.356014 27.900160 31.879770 36.330082 41.284737 46.775192 52.829758 59.471367 66.715019 74.566254 83.019623 92.002670 101.527580 111.559982 122.108162 132.943192 144.009155 155.216248 166.416733 177.472473 188.138382 198.425140 207.660965 216.036728 224.032364 230.651245 235.413666 238.252365 239.978363 240.049438 237.994492 233.918488 228.285889 220.938690 212.419418 202.624496 191.270508 179.565735 166.647842 152.969894 139.181137
