validation/tavurvur/reference_data/model_output/tavurvur.26h.load.asc
ncols 150
nrows 150
xllcorner 397339.0
yllcorner 9516206.0
cellsize 201.0
NODATA_value -9999
[rows 84 to 111 of 150, columns 0 to 61 of 150]
0.000006 0.000007 0.000007 0.000009 0.000011 0.000013 0.000015 0.000019 0.000023 0.000028 0.000034 0.000041 0.000050 0.000062 0.000075 0.000092 0.000113 0.000139 0.000170 0.000208 0.000256 0.000314 0.000385 0.000475 0.000584 0.000721 0.000889 0.001095 0.001354 0.001676 0.002073 0.002571 0.003192 0.003965 0.004920 0.006110 0.007603 0.009474 0.011808 0.014737 0.018376 0.022913 0.028630 0.035778 0.044705 0.055911 0.069977 0.087584 0.109964 0.137800 0.173326 0.217027 0.271073 0.338400 0.421903 0.525035 0.651774 0.806576 0.994266 1.219784 1.487759 1.801844
0.000004 0.000005 0.000005 0.000006 0.000008 0.000009 0.000011 0.000013 0.000016 0.000020 0.000024 0.000030 0.000036 0.000044 0.000054 0.000066 0.000080 0.000098 0.000120 0.000147 0.000180 0.000221 0.000271 0.000333 0.000409 0.000504 0.000621 0.000763 0.000941 0.001162 0.001434 0.001774 0.002197 0.002708 0.003354 0.004165 0.005170 0.006423 0.007970 0.009896 0.012297 0.015268 0.018986 0.023623 0.029370 0.036517 0.045529 0.056656 0.071057 0.088445 0.109923 0.136878 0.169713 0.210249 0.259892 0.320528 0.394132 0.482835 0.588816 0.714132 0.860446 1.028648
0.000003 0.000003 0.000004 0.000005 0.000005 0.000007 0.000008 0.000010 0.000012 0.000014 0.000017 0.000021 0.000026 0.000031 0.000038 0.000046 0.000057 0.000069 0.000085 0.000103 0.000127 0.000155 0.000190 0.000232 0.000285 0.000351 0.000431 0.000528 0.000650 0.000800 0.000986 0.001217 0.001500 0.001849 0.002282 0.002827 0.003495 0.004321 0.005340 0.006599 0.008165 0.010094 0.012499 0.015477 0.019138 0.023641 0.029346 0.036379 0.045042 0.055756 0.069053 0.085491 0.105237 0.129315 0.158453 0.193634 0.235806 0.285934 0.344937 0.413576 0.492301 0.581046
0.000002 0.000002 0.000003 0.000003 0.000004 0.000005 0.000006 0.000007 0.000008 0.000010 0.000012 0.000015 0.000018 0.000022 0.000027 0.000033 0.000040 0.000049 0.000059 0.000072 0.000088 0.000108 0.000132 0.000162 0.000198 0.000242 0.000297 0.000364 0.000447 0.000548 0.000674 0.000829 0.001019 0.001252 0.001541 0.001901 0.002341 0.002884 0.003551 0.004375 0.005385 0.006629 0.008172 0.010063 0.012384 0.015200 0.018696 0.023189 0.028399 0.034955 0.043013 0.052928 0.064651 0.078793 0.095698 0.115863 0.139728 0.167703 0.200136 0.237248 0.279055 0.325262
0.000002 0.000002 0.000002 0.000002 0.000003 0.000003 0.000004 0.000005 0.000006 0.000007 0.000009 0.000011 0.000013 0.000016 0.000019 0.000023 0.000028 0.000034 0.000041 0.000050 0.000061 0.000075 0.000092 0.000112 0.000137 0.000167 0.000204 0.000249 0.000305 0.000374 0.000458 0.000562 0.000687 0.000843 0.001034 0.001271 0.001560 0.001913 0.002344 0.002875 0.003527 0.004323 0.005299 0.006502 0.007965 0.009730 0.011871 0.014566 0.017836 0.021797 0.026610 0.032503 0.039376 0.047594 0.057298 0.068728 0.082083 0.097518 0.115141 0.134975 0.156918 0.180690
0.000001 0.000001 0.000001 0.000002 0.000002 0.000002 0.000003 0.000003 0.000004 0.000005 0.000006 0.000007 0.000009 0.000011 0.000013 0.000016 0.000019 0.000024 0.000029 0.000035 0.000043 0.000052 0.000063 0.000077 0.000094 0.000114 0.000139 0.000170 0.000207 0.000253 0.000309 0.000378 0.000461 0.000565 0.000690 0.000846 0.001033 0.001262 0.001539 0.001878 0.002294 0.002799 0.003417 0.004173 0.005087 0.006191 0.007525 0.009149 0.011128 0.013504 0.016383 0.019790 0.023789 0.028527 0.034034 0.040449 0.047846 0.056275 0.065751 0.076240 0.087635 0.099730
0.000001 0.000001 0.000001 0.000001 0.000001 0.000002 0.000002 0.000002 0.000003 0.000004 0.000004 0.000005 0.000006 0.000008 0.000009 0.000011 0.000014 0.000016 0.000020 0.000024 0.000029 0.000036 0.000043 0.000053 0.000064 0.000078 0.000095 0.000115 0.000140 0.000171 0.000208 0.000253 0.000307 0.000376 0.000457 0.000558 0.000679 0.000827 0.001004 0.001220 0.001484 0.001802 0.002189 0.002660 0.003225 0.003903 0.004714 0.005693 0.006878 0.008287 0.009979 0.011962 0.014268 0.016970 0.020070 0.023638 0.027697 0.032256 0.037304 0.042798 0.048657 0.054748
0.000001 0.000001 0.000001 0.000001 0.000001 0.000001 0.000001 0.000002 0.000002 0.000002 0.000003 0.000004 0.000004 0.000005 0.000006 0.000008 0.000009 0.000011 0.000014 0.000017 0.000020 0.000024 0.000030 0.000036 0.000044 0.000053 0.000064 0.000078 0.000094 0.000114 0.000139 0.000168 0.000204 0.000248 0.000301 0.000367 0.000445 0.000538 0.000652 0.000788 0.000954 0.001153 0.001395 0.001685 0.002032 0.002447 0.002943 0.003534 0.004236 0.005067 0.006044 0.007183 0.008512 0.010025 0.011758 0.013726 0.015934 0.018379 0.021044 0.023897 0.026882 0.029919
0.000000 0.000000 0.000000 0.000001 0.000001 0.000001 0.000001 0.000001 0.000001 0.000002 0.000002 0.000003 0.000003 0.000004 0.000004 0.000005 0.000006 0.000008 0.000009 0.000011 0.000014 0.000017 0.000020 0.000024 0.000029 0.000036 0.000043 0.000052 0.000063 0.000076 0.000092 0.000111 0.000134 0.000163 0.000197 0.000239 0.000288 0.000348 0.000420 0.000506 0.000609 0.000733 0.000882 0.001060 0.001272 0.001523 0.001821 0.002174 0.002587 0.003072 0.003636 0.004286 0.005039 0.005887 0.006848 0.007925 0.009117 0.010417 0.011814 0.013282 0.014789 0.016289
0.000000 0.000000 0.000000 0.000000 0.000000 0.000001 0.000001 0.000001 0.000001 0.000001 0.000001 0.000002 0.000002 0.000003 0.000003 0.000004 0.000004 0.000005 0.000006 0.000008 0.000009 0.000011 0.000014 0.000016 0.000020 0.000024 0.000029 0.000035 0.000042 0.000050 0.000061 0.000073 0.000088 0.000107 0.000128 0.000155 0.000186 0.000224 0.000269 0.000323 0.000387 0.000464 0.000555 0.000663 0.000792 0.000942 0.001119 0.001327 0.001569 0.001850 0.002173 0.002542 0.002966 0.003439 0.003967 0.004552 0.005191 0.005878 0.006603 0.007353 0.008108 0.008842
0.000000 0.000000 0.000000 0.000000 0.000000 0.000000 0.000000 0.000001 0.000001 0.000001 0.000001 0.000001 0.000001 0.000002 0.000002 0.000003 0.000003 0.000004 0.000004 0.000005 0.000006 0.000008 0.000009 0.000011 0.000013 0.000016 0.000019 0.000023 0.000028 0.000033 0.000040 0.000048 0.000058 0.000069 0.000083 0.000100 0.000120 0.000143 0.000172 0.000205 0.000244 0.000291 0.000347 0.000413 0.000490 0.000579 0.000684 0.000806 0.000946 0.001107 0.001291 0.001500 0.001736 0.001999 0.002287 0.002603 0.002943 0.003303 0.003677 0.004057 0.004432 0.004788
0.000000 0.000000 0.000000 0.000000 0.000000 0.000000 0.000000 0.000000 0.000000 0.000001 0.000001 0.000001 0.000001 0.000001 0.000001 0.000002 0.000002 0.000002 0.000003 0.000004 0.000004 0.000005 0.000006 0.000007 0.000009 0.000011 0.000013 0.000015 0.000018 0.000022 0.000026 0.000031 0.000037 0.000045 0.000054 0.000064 0.000077 0.000091 0.000109 0.000129 0.000153 0.000182 0.000216 0.000256 0.000301 0.000354 0.000416 0.000486 0.000567 0.000660 0.000764 0.000881 0.001012 0.001156 0.001313 0.001482 0.001662 0.001850 0.002041 0.002232 0.002417 0.002588
0.000000 0.000000 0.000000 0.000000 0.000000 0.000000 0.000000 0.000000 0.000000 0.000000 0.000000 0.000001 0.000001 0.000001 0.000001 0.000001 0.000001 0.000002 0.000002 0.000002 0.000003 0.000003 0.000004 0.000005 0.000006 0.000007 0.000008 0.000010 0.000012 0.000014 0.000017 0.000020 0.000024 0.000029 0.000034 0.000041 0.000049 0.000058 0.000069 0.000081 0.000096 0.000113 0.000134 0.000157 0.000184 0.000216 0.000251 0.000292 0.000339 0.000391 0.000450 0.000516 0.000588 0.000666 0.000751 0.000841 0.000935 0.001032 0.001130 0.001225 0.001315 0.001396
0.000000 0.000000 0.000000 0.000000 0.000000 0.000000 0.000000 0.000000 0.000000 0.000000 0.000000 0.000000 0.000000 0.000001 0.000001 0.000001 0.000001 0.000001 0.000001 0.000002 0.000002 0.000002 0.000003 0.000003 0.000004 0.000005 0.000005 0.000007 0.000008 0.000009 0.000011 0.000013 0.000016 0.000018 0.000022 0.000026 0.000031 0.000036 0.000043 0.000051 0.000060 0.000070 0.000082 0.000096 0.000112 0.000131 0.000151 0.000175 0.000201 0.000231 0.000264 0.000300 0.000340 0.000383 0.000428 0.000476 0.000525 0.000575 0.000624 0.000671 0.000715 0.000753
0.000000 0.000000 0.000000 0.000000 0.000000 0.000000 0.000000 0.000000 0.000000 0.000000 0.000000 0.000000 0.000000 0.000000 0.000000 0.000001 0.000001 0.000001 0.000001 0.000001 0.000001 0.000001 0.000002 0.000002 0.000003 0.000003 0.000004 0.000004 0.000005 0.000006 0.000007 0.000008 0.000010 0.000012 0.000014 0.000016 0.000019 0.000023 0.000027 0.000032 0.000037 0.000043 0.000051 0.000059 0.000068 0.000079 0.000091 0.000104 0.000119 0.000136 0.000154 0.000174 0.000196 0.000219 0.000243 0.000268 0.000294 0.000319 0.000344 0.000367 0.000388 0.000406
0.000000 0.000000 0.000000 0.000000 0.000000 0.000000 0.000000 0.000000 0.000000 0.000000 0.000000 0.000000 0.000000 0.000000 0.000000 0.000000 0.000000 0.000000 0.000001 0.000001 0.000001 0.000001 0.000001 0.000001 0.000002 0.000002 0.000002 0.000003 0.000003 0.000004 0.000005 0.000005 0.000006 0.000007 0.000009 0.000010 0.000012 0.000014 0.000017 0.000020 0.000023 0.000026 0.000031 0.000036 0.000041 0.000047 0.000054 0.000062 0.000070 0.000080 0.000090 0.000101 0.000112 0.000125 0.000138 0.000151 0.000164 0.000177 0.000189 0.000201 0.000210 0.000218
0.000000 0.000000 0.000000 0.000000 0.000000 0.000000 0.000000 0.000000 0.000000 0.000000 0.000000 0.000000 0.000000 0.000000 0.000000 0.000000 0.000000 0.000000 0.000000 0.000000 0.000001 0.000001 0.000001 0.000001 0.000001 0.000001 0.000002 0.000002 0.000002 0.000002 0.000003 0.000003 0.000004 0.000005 0.000006 0.000006 0.000008 0.000009 0.000010 0.000012 0.000014 0.000016 0.000019 0.000022 0.000025 0.000028 0.000032 0.000037 0.000041 0.000046 0.000052 0.000058 0.000064 0.000071 0.000078 0.000085 0.000091 0.000098 0.000104 0.000109 0.000114 0.000118
0.000000 0.000000 0.000000 0.000000 0.000000 0.000000 0.000000 0.000000 0.000000 0.000000 0.000000 0.000000 0.000000 0.000000 0.000000 0.000000 0.000000 0.000000 0.000000 0.000000 0.000000 0.000000 0.000001 0.000001 0.000001 0.000001 0.000001 0.000001 0.000001 0.000002 0.000002 0.000002 0.000003 0.000003 0.000003 0.000004 0.000005 0.000005 0.000006 0.000007 0.000009 0.000010 0.000011 0.000013 0.000015 0.000017 0.000019 0.000022 0.000024 0.000027 0.000030 0.000033 0.000037 0.000040 0.000044 0.000047 0.000051 0.000054 0.000057 0.000060 0.000062 0.000063
0.000000 0.000000 0.000000 0.000000 0.000000 0.000000 0.000000 0.000000 0.000000 0.000000 0.000000 0.000000 0.000000 0.000000 0.000000 0.000000 0.000000 0.000000 0.000000 0.000000 0.000000 0.000000 0.000000 0.000000 0.000000 0.000001 0.000001 0.000001 0.000001 0.000001 0.000001 0.000001 0.000002 0.000002 0.000002 0.000003 0.000003 0.000003 0.000004 0.000005 0.000005 0.000006 0.000007 0.000008 0.000009 0.000010 0.000011 0.000013 0.000014 0.000016 0.000017 0.000019 0.000021 0.000023 0.000025 0.000027 0.000028 0.000030 0.000031 0.000033 0.000033 0.000034
0.000000 0.000000 0.000000 0.000000 0.000000 0.000000 0.000000 0.000000 0.000000 0.000000 0.000000 0.000000 0.000000 0.000000 0.000000 0.000000 0.000000 0.000000 0.000000 0.000000 0.000000 0.000000 0.000000 0.000000 0.000000 0.000000 0.000000 0.000000 0.000001 0.000001 0.000001 0.000001 0.000001 0.000001 0.000001 0.000002 0.000002 0.000002 0.000002 0.000003 0.000003 0.000004 0.000004 0.000005 0.000005 0.000006 0.000007 0.000007 0.000008 0.000009 0.000010 0.000011 0.000012 0.000013 0.000014 0.000015 0.000016 0.000016 0.000017 0.000018 0.000018 0.000018
0.000000 0.000000 0.000000 0.000000 0.000000 0.000000 0.000000 0.000000 0.000000 0.000000 0.000000 0.000000 0.000000 0.000000 0.000000 0.000000 0.000000 0.000000 0.000000 0.000000 0.000000 0.000000 0.000000 0.000000 0.000000 0.000000 0.000000 0.000000 0.000000 0.000000 0.000000 0.000001 0.000001 0.000001 0.000001 0.000001 0.000001 0.000001 0.000001 0.000002 0.000002 0.000002 0.000002 0.000003 0.000003 0.000003 0.000004 0.000004 0.000005 0.000005 0.000006 0.000006 0.000007 0.000007 0.000008 0.000008 0.000009 0.000009 0.000009 0.000010 0.000010 0.000010
0.000000 0.000000 0.000000 0.000000 0.000000 0.000000 0.000000 0.000000 0.000000 0.000000 0.000000 0.000000 0.000000 0.000000 0.000000 0.000000 0.000000 0.000000 0.000000 0.000000 0.000000 0.000000 0.000000 0.000000 0.000000 0.000000 0.000000 0.000000 0.000000 0.000000 0.000000 0.000000 0.000000 0.000000 0.000001 0.000001 0.000001 0.000001 0.000001 0.000001 0.000001 0.000001 0.000001 0.000002 0.000002 0.000002 0.000002 0.000003 0.000003 0.000003 0.000003 0.000004 0.000004 0.000004 0.000004 0.000005 0.000005 0.000005 0.000005 0.000005 0.000005 0.000005
0.000000 0.000000 0.000000 0.000000 0.000000 0.000000 0.000000 0.000000 0.000000 0.000000 0.000000 0.000000 0.000000 0.000000 0.000000 0.000000 0.000000 0.000000 0.000000 0.000000 0.000000 0.000000 0.000000 0.000000 0.000000 0.000000 0.000000 0.000000 0.000000 0.000000 0.000000 0.000000 0.000000 0.000000 0.000000 0.000000 0.000000 0.000000 0.000001 0.000001 0.000001 0.000001 0.000001 0.000001 0.000001 0.000001 0.000001 0.000001 0.000002 0.000002 0.000002 0.000002 0.000002 0.000002 0.000002 0.000003 0.000003 0.000003 0.000003 0.000003 0.000003 0.000003
0.000000 0.000000 0.000000 0.000000 0.000000 0.000000 0.000000 0.000000 0.000000 0.000000 0.000000 0.000000 0.000000 0.000000 0.000000 0.000000 0.000000 0.000000 0.000000 0.000000 0.000000 0.000000 0.000000 0.000000 0.000000 0.000000 0.000000 0.000000 0.000000 0.000000 0.000000 0.000000 0.000000 0.000000 0.000000 0.000000 0.000000 0.000000 0.000000 0.000000 0.000000 0.000000 0.000001 0.000001 0.000001 0.000001 0.000001 0.000001 0.000001 0.000001 0.000001 0.000001 0.000001 0.000001 0.000001 0.000001 0.000001 0.000002 0.000002 0.000002 0.000002 0.000002
0.000000 0.000000 0.000000 0.000000 0.000000 0.000000 0.000000 0.000000 0.000000 0.000000 0.000000 0.000000 0.000000 0.000000 0.000000 0.000000 0.000000 0.000000 0.000000 0.000000 0.000000 0.000000 0.000000 0.000000 0.000000 0.000000 0.000000 0.000000 0.000000 0.000000 0.000000 0.000000 0.000000 0.000000 0.000000 0.000000 0.000000 0.000000 0.000000 0.000000 0.000000 0.000000 0.000000 0.000000 0.000000 0.000000 0.000000 0.000000 0.000001 0.000001 0.000001 0.000001 0.000001 0.000001 0.000001 0.000001 0.000001 0.000001 0.000001 0.000001 0.000001 0.000001
0.000000 0.000000 0.000000 0.000000 0.000000 0.000000 0.000000 0.000000 0.000000 0.000000 0.000000 0.000000 0.000000 0.000000 0.000000 0.000000 0.000000 0.000000 0.000000 0.000000 0.000000 0.000000 0.000000 0.000000 0.000000 0.000000 0.000000 0.000000 0.000000 0.000000 0.000000 0.000000 0.000000 0.000000 0.000000 0.000000 0.000000 0.000000 0.000000 0.000000 0.000000 0.000000 0.000000 0.000000 0.000000 0.000000 0.000000 0.000000 0.000000 0.000000 0.000000 0.000000 0.000000 0.000000 0.000000 0.000000 0.000000 0.000000 0.000000 0.000000 0.000000 0.000000
0.000000 0.000000 0.000000 0.000000 0.000000 0.000000 0.000000 0.000000 0.000000 0.000000 0.000000 0.000000 0.000000 0.000000 0.000000 0.000000 0.000000 0.000000 0.000000 0.000000 0.000000 0.000000 0.000000 0.000000 0.000000 0.000000 0.000000 0.000000 0.000000 0.000000 0.000000 0.000000 0.000000 0.000000 0.000000 0.000000 0.000000 0.000000 0.000000 0.000000 0.000000 0.000000 0.000000 0.000000 0.000000 0.000000 0.000000 0.000000 0.000000 0.000000 0.000000 0.000000 0.000000 0.000000 0.000000 0.000000 0.000000 0.000000 0.000000 0.000000 0.000000 0.000000
0.000000 0.000000 0.000000 0.000000 0.000000 0.000000 0.000000 0.000000 0.000000 0.000000 0.000000 0.000000 0.000000 0.000000 0.000000 0.000000 0.000000 0.000000 0.000000 0.000000 0.000000 0.000000 0.000000 0.000000 0.000000 0.000000 0.000000 0.000000 0.000000 0.000000 0.000000 0.000000 0.000000 0.000000 0.000000 0.000000 0.000000 0.000000 0.000000 0.000000 0.000000 0.000000 0.000000 0.000000 0.000000 0.000000 0.000000 0.000000 0.000000 0.000000 0.000000 0.000000 0.000000 0.000000 0.000000 0.000000 0.000000 0.000000 0.000000 0.000000 0.000000 0.000000
