validation/tavurvur/reference_data/model_output/tavurvur.26h.load.asc
ncols 150
nrows 150
xllcorner 397339.0
yllcorner 9516206.0
cellsize 201.0
NODATA_value -9999
[rows 28 to 55 of 150, columns 62 to 123 of 150]
137.463989 123.129776 109.283966 96.096512 83.715820 72.255020 61.788155 52.353706 43.958267 36.580349 30.174784 24.678051 20.013922 16.098812 12.846420 10.171481 7.992603 6.234239 4.827917 3.712856 2.836086 2.152209 1.622908 1.216290 0.906154 0.671236 0.494471 0.362309 0.264102 0.191555 0.138267 0.099338 0.071049 0.050595 0.035877 0.025337 0.017823 0.012490 0.008720 0.006066 0.004205 0.002905 0.002000 0.001373 0.000939 0.000641 0.000436 0.000296 0.000200 0.000135 0.000091 0.000061 0.000041 0.000027 0.000018 0.000012 0.000008 0.000005 0.000004 0.000002 0.000002 0.000001
150.589157 135.251816 120.337769 106.045113 92.557274 80.016953 68.520142 58.121403 48.840427 40.664623 33.552883 27.441391 22.250214 17.889677 14.265924 11.285375 8.858120 6.900313 5.335698 4.096411 3.123206 2.365255 1.779634 1.330615 0.988862 0.730587 0.536723 0.392153 0.285019 0.206102 0.148307 0.106215 0.075723 0.053747 0.037986 0.026737 0.018744 0.013090 0.009108 0.006314 0.004362 0.003003 0.002061 0.001410 0.000961 0.000654 0.000443 0.000300 0.000202 0.000136 0.000091 0.000061 0.000041 0.000027 0.000018 0.000012 0.000008 0.000005 0.000003 0.000002 0.000001 0.000001
164.918839 148.580566 132.546600 117.061325 102.374458 88.657921 76.032578 64.569427 54.305367 45.240273 37.339344 30.539478 24.757254 19.896652 15.855684 12.531673 9.825296 7.643463 5.901191 4.522648 3.441511 2.600811 1.952411 1.456248 1.079442 0.795350 0.582649 0.424459 0.307562 0.221710 0.159028 0.113521 0.080662 0.057059 0.040189 0.028190 0.019694 0.013705 0.009502 0.006564 0.004518 0.003100 0.002120 0.001445 0.000982 0.000665 0.000449 0.000303 0.000203 0.000136 0.000091 0.000061 0.000040 0.000027 0.000018 0.000012 0.000008 0.000005 0.000003 0.000002 0.000001 0.000001
180.206787 162.906448 146.059158 129.257584 113.272728 98.280876 84.421768 71.783409 60.427067 50.370029 41.586620 34.015549 27.570124 22.147730 17.637653 13.927303 10.906963 8.473249 6.531404 4.996620 3.794580 2.861367 2.142944 1.594336 1.178646 0.866010 0.632554 0.459413 0.331844 0.238440 0.170462 0.121272 0.085873 0.060533 0.042486 0.029694 0.020670 0.014333 0.009901 0.006815 0.004674 0.003195 0.002177 0.001478 0.001001 0.000676 0.000455 0.000305 0.000205 0.000137 0.000091 0.000061 0.000040 0.000027 0.000018 0.000012 0.000008 0.000005 0.000003 0.000002 0.000001 0.000001
197.359604 179.175522 160.844345 142.649277 125.380196 108.942924 93.803864 79.861710 67.289223 56.124603 46.353992 37.918636 30.728701 24.674749 19.636797 15.491488 12.117666 9.400488 7.234235 5.523996 4.186412 3.149696 2.353119 1.746134 1.287296 0.943090 0.686763 0.497212 0.357977 0.256357 0.182642 0.129483 0.091361 0.064170 0.044874 0.031248 0.021671 0.014970 0.010303 0.007065 0.004827 0.003287 0.002231 0.001510 0.001019 0.000685 0.000460 0.000308 0.000205 0.000137 0.000091 0.000060 0.000040 0.000026 0.000017 0.000011 0.000007 0.000005 0.000003 0.000002 0.000001 0.000001
216.444870 196.919067 176.987427 157.367935 138.465576 120.846016 104.225822 88.894470 74.985687 62.583172 51.708393 42.304409 34.278362 27.513969 21.881531 17.246084 13.473904 10.437409 8.018594 6.111145 4.621476 3.468875 2.585012 1.913016 1.406280 1.027152 0.745622 0.538060 0.386079 0.275522 0.195599 0.138166 0.097129 0.067967 0.047350 0.032846 0.022692 0.015616 0.010705 0.007312 0.004977 0.003377 0.002283 0.001539 0.001034 0.000693 0.000463 0.000309 0.000205 0.000136 0.000090 0.000059 0.000039 0.000026 0.000017 0.000011 0.000007 0.000005 0.000003 0.000002 0.000001 0.000001
236.949127 215.700775 194.650513 173.594757 153.416061 134.160355 115.923187 99.030144 83.616096 69.833794 57.725548 47.236214 38.270840 30.706734 24.404228 19.215948 14.994405 11.597859 8.894522 6.765216 5.104765 3.822321 2.840917 2.096487 1.536561 1.118796 0.809492 0.582169 0.416266 0.295996 0.209361 0.147333 0.103179 0.071921 0.049909 0.034486 0.023731 0.016266 0.011107 0.007556 0.005123 0.003462 0.002332 0.001566 0.001048 0.000700 0.000466 0.000309 0.000205 0.000135 0.000089 0.000059 0.000039 0.000025 0.000017 0.000011 0.000007 0.000005 0.000003 0.000002 0.000001 0.000001
259.909698 237.635620 215.175125 192.418991 170.344543 149.172104 129.054230 110.371132 93.287910 77.975945 64.491753 52.786373 42.765209 34.300224 27.241793 21.429369 16.700428 12.897505 9.873341 7.494231 5.641850 4.213823 3.123353 2.298185 1.679178 1.218660 0.878754 0.629754 0.448655 0.317836 0.223951 0.156988 0.109506 0.076027 0.052546 0.036160 0.024782 0.016917 0.011504 0.007795 0.005263 0.003542 0.002376 0.001589 0.001060 0.000705 0.000467 0.000309 0.000204 0.000134 0.000088 0.000058 0.000038 0.000025 0.000016 0.000010 0.000007 0.000004 0.000003 0.000002 0.000001 0.000001
284.054321 261.165161 237.658463 213.053101 189.060593 165.841553 143.624512 123.015198 104.130592 87.124954 72.106056 59.037628 47.828972 38.348301 30.436302 23.918547 18.616112 14.354078 10.967815 8.307188 6.238941 4.647576 3.435088 2.519891 1.835246 1.327423 0.953803 0.681037 0.483358 0.341095 0.239389 0.167134 0.116107 0.080276 0.055251 0.037863 0.025839 0.017564 0.011894 0.008025 0.005396 0.003617 0.002416 0.001609 0.001069 0.000708 0.000468 0.000308 0.000203 0.000133 0.000087 0.000057 0.000037 0.000024 0.000016 0.000010 0.000007 0.000004 0.000003 0.000002 0.000001 0.000001
311.200531 287.399384 261.821716 235.381454 209.485535 184.168808 159.922928 137.156921 116.297997 97.414078 80.681923 66.084541 53.539215 42.912457 34.035748 26.720135 20.768869 15.987648 12.192327 9.214175 6.902958 5.128218 3.779156 2.763536 2.005957 1.445794 1.035044 0.736234 0.520485 0.365818 0.255686 0.177766 0.122970 0.084657 0.058015 0.039584 0.026897 0.018203 0.012273 0.008245 0.005521 0.003684 0.002451 0.001626 0.001075 0.000710 0.000467 0.000306 0.000201 0.000131 0.000085 0.000056 0.000036 0.000023 0.000015 0.000010 0.000006 0.000004 0.000003 0.000002 0.000001 0.000001
341.053284 315.423218 288.610931 260.331055 232.262939 204.681824 178.077469 153.046021 129.963608 108.994896 90.348541 74.034927 59.983925 48.062866 38.094856 29.875872 23.189829 17.820923 13.563078 10.226491 7.641599 5.660863 4.158868 3.031203 2.192579 1.574515 1.122891 0.795559 0.560134 0.392040 0.272845 0.188874 0.130080 0.089155 0.060825 0.041316 0.027947 0.018829 0.012639 0.008453 0.005635 0.003744 0.002480 0.001638 0.001079 0.000709 0.000465 0.000304 0.000198 0.000129 0.000084 0.000054 0.000035 0.000023 0.000015 0.000009 0.000006 0.000004 0.000002 0.000002 0.000001 0.000001
372.139038 345.903656 317.336151 287.387726 256.758209 226.898254 198.240891 170.798706 145.327682 122.038803 101.252419 83.011520 67.263474 53.879646 42.676056 33.433281 25.914337 19.879593 15.098306 11.356776 8.463410 6.251144 4.577830 3.325130 2.396450 1.714350 1.217754 0.859215 0.602388 0.419782 0.290859 0.200438 0.137416 0.093751 0.063665 0.043044 0.028981 0.019436 0.012986 0.008646 0.005738 0.003795 0.002503 0.001646 0.001080 0.000706 0.000461 0.000300 0.000195 0.000126 0.000082 0.000053 0.000034 0.000022 0.000014 0.000009 0.000006 0.000004 0.000002 0.000002 0.000001 0.000001
405.106659 377.753204 347.049683 315.658234 284.183136 252.413116 221.000473 190.774506 162.604431 136.736954 113.559357 93.154022 75.492371 60.454247 47.850571 37.446480 28.982531 22.192707 16.818525 12.619160 9.377869 6.905240 5.039951 3.647703 2.618971 1.866080 1.320037 0.927388 0.647313 0.449052 0.309707 0.212429 0.144949 0.098420 0.066516 0.044756 0.029990 0.020017 0.013311 0.008821 0.005827 0.003837 0.002519 0.001649 0.001077 0.000701 0.000456 0.000296 0.000191 0.000123 0.000080 0.000051 0.000033 0.000021 0.000013 0.000009 0.000005 0.000004 0.000002 0.000001 0.000001 0.000001
439.180511 412.647186 382.640686 349.286835 315.076233 280.617310 246.377151 213.098495 182.026520 153.303894 127.457420 104.621628 84.801369 67.891106 53.699657 41.977089 32.439964 24.793098 18.746792 14.029405 10.395453 7.629911 5.549448 4.001457 2.861591 2.030486 1.430123 1.000236 0.694951 0.479832 0.329352 0.224807 0.152644 0.103133 0.069356 0.046437 0.030963 0.020565 0.013610 0.008976 0.005900 0.003867 0.002527 0.001647 0.001071 0.000694 0.000449 0.000290 0.000187 0.000120 0.000077 0.000049 0.000032 0.000020 0.000013 0.000008 0.000005 0.000003 0.000002 0.000001 0.000001 0.000001
479.069153 452.508148 422.144836 386.740936 349.837189 312.197021 274.574188 238.151917 203.862106 171.983749 143.161011 117.595978 95.339745 76.309479 60.316021 47.095261 36.338333 27.717844 20.908989 15.605068 11.527723 8.432522 6.110845 4.389050 3.125793 2.208331 1.548363 1.077881 0.745309 0.512082 0.349737 0.237519 0.160455 0.107856 0.072161 0.048068 0.031888 0.021073 0.013876 0.009106 0.005957 0.003886 0.002527 0.001640 0.001061 0.000685 0.000441 0.000284 0.000182 0.000117 0.000075 0.000048 0.000030 0.000019 0.000012 0.000008 0.000005 0.000003 0.000002 0.000001 0.000001 0.000000
520.485840 493.815247 462.532928 425.833008 386.881287 346.660126 305.996765 266.208344 228.413071 193.055237 160.914795 132.284256 107.277840 85.845497 67.805382 52.880836 40.736252 31.008787 23.334120 17.365660 12.787381 9.321053 6.728956 4.813247 3.413065 2.400344 1.675052 1.160395 0.798353 0.545727 0.370784 0.250493 0.168326 0.112548 0.074901 0.049630 0.032752 0.021532 0.014106 0.009210 0.005995 0.003891 0.002519 0.001626 0.001048 0.000673 0.000432 0.000276 0.000177 0.000113 0.000072 0.000046 0.000029 0.000018 0.000012 0.000007 0.000005 0.000003 0.000002 0.000001 0.000001 0.000000
566.347717 538.346313 505.813904 468.175232 427.920441 385.039734 341.165192 297.703705 256.027527 216.839294 180.996902 148.921829 120.809761 96.654449 76.288277 59.424614 45.700146 34.713078 26.054640 19.332800 14.188332 10.304104 7.408861 5.276881 3.724864 2.607185 1.810416 1.247783 0.853995 0.580657 0.392388 0.263642 0.176191 0.117160 0.077543 0.051102 0.033542 0.021934 0.014293 0.009285 0.006013 0.003883 0.002501 0.001607 0.001030 0.000659 0.000421 0.000268 0.000171 0.000108 0.000069 0.000043 0.000027 0.000017 0.000011 0.000007 0.000004 0.000003 0.000002 0.000001 0.000001 0.000000
613.575439 587.349060 554.601990 516.143494 473.582184 427.707703 380.295563 332.635040 286.861359 243.706726 203.719742 167.775330 136.156509 108.913422 85.902046 66.829819 51.305206 38.883781 29.106783 21.530373 15.745723 11.390872 8.155856 5.782801 4.062575 2.829409 1.954575 1.339968 0.912087 0.616714 0.414410 0.276861 0.183972 0.121638 0.080053 0.052459 0.034242 0.022269 0.014434 0.009326 0.006008 0.003860 0.002474 0.001582 0.001009 0.000643 0.000408 0.000259 0.000164 0.000104 0.000065 0.000041 0.000026 0.000016 0.000010 0.000006 0.000004 0.000003 0.000002 0.000001 0.000001 0.000000
662.060791 637.583069 606.041321 567.251465 522.536255 474.322449 423.392548 372.230286 322.008301 274.027374 229.426224 189.146133 153.569901 122.824341 96.803047 75.213646 57.636456 43.580528 32.530895 23.984650 17.475952 12.591098 8.975385 6.333801 4.427446 3.067422 2.107520 1.436765 0.972402 0.653685 0.436679 0.290019 0.191577 0.125921 0.082387 0.053678 0.034837 0.022529 0.014522 0.009332 0.005980 0.003823 0.002437 0.001551 0.000985 0.000624 0.000395 0.000249 0.000157 0.000099 0.000062 0.000039 0.000024 0.000015 0.000010 0.000006 0.000004 0.000002 0.000001 0.000001 0.000001 0.000000
712.449585 690.530457 659.942200 621.236206 576.593140 526.498718 472.192749 416.435364 361.364502 308.215210 258.515228 213.378952 173.337570 138.617264 109.169060 84.708992 64.789879 48.870174 36.371777 26.724403 19.396639 13.914977 9.872930 6.932522 4.820512 3.321417 2.269062 1.537859 1.034613 0.691297 0.458985 0.302963 0.198902 0.129940 0.084506 0.054730 0.035313 0.022705 0.014552 0.009300 0.005928 0.003769 0.002391 0.001513 0.000956 0.000603 0.000380 0.000239 0.000150 0.000094 0.000059 0.000037 0.000023 0.000014 0.000009 0.000006 0.000003 0.000002 0.000001 0.000001 0.000001 0.000000
764.599060 748.157166 721.558960 682.795105 636.705383 583.753723 526.145752 465.874207 405.121277 346.577148 291.260803 240.877701 195.787811 156.553375 123.201630 95.466263 72.873703 54.827538 40.678967 29.780941 21.526529 15.373015 10.853862 7.581326 5.242495 3.591318 2.438796 1.642768 1.098291 0.729206 0.481072 0.315518 0.205831 0.133622 0.086359 0.055589 0.035651 0.022787 0.014521 0.009228 0.005849 0.003699 0.002334 0.001470 0.000924 0.000580 0.000363 0.000227 0.000142 0.000089 0.000055 0.000034 0.000021 0.000013 0.000008 0.000005 0.000003 0.000002 0.000001 0.000001 0.000000 0.000000
822.188721 807.460754 784.537170 748.076416 701.669250 646.878235 585.781128 520.700195 454.756531 389.988708 328.408691 272.091248 221.289703 176.927231 139.128479 107.655457 82.009743 61.536129 45.507042 33.188076 23.885323 16.975809 11.923242 8.282129 5.693673 3.876667 2.616040 1.750822 1.162878 0.766985 0.502639 0.327480 0.212232 0.136882 0.087902 0.056226 0.035837 0.022769 0.014424 0.009113 0.005744 0.003612 0.002267 0.001420 0.000888 0.000555 0.000346 0.000215 0.000134 0.000083 0.000052 0.000032 0.000020 0.000012 0.000008 0.000005 0.000003 0.000002 0.000001 0.000001 0.000000 0.000000
882.801575 871.573303 851.402527 817.508362 772.473877 716.338684 651.427490 582.025208 510.050415 438.842773 370.363617 307.289001 250.259171 200.068802 157.206161 121.468597 92.335121 69.088951 50.915745 36.981956 26.493361 18.733727 13.085540 9.036185 6.173742 4.176558 2.799765 1.861124 1.227663 0.804123 0.523333 0.338622 0.217962 0.139638 0.089082 0.056613 0.035857 0.022641 0.014256 0.008954 0.005611 0.003509 0.002191 0.001365 0.000849 0.000528 0.000328 0.000203 0.000126 0.000078 0.000048 0.000030 0.000018 0.000011 0.000007 0.000004 0.000003 0.000002 0.000001 0.000001 0.000000 0.000000
940.977234 936.797180 922.326111 892.057861 848.477722 792.354858 724.528931 650.416260 572.591492 494.321960 418.200684 347.462982 283.140686 226.343552 177.722824 137.123108 104.004135 77.589211 56.969990 41.200699 29.371180 20.656481 14.344279 9.843806 6.681599 4.489464 2.988544 1.972490 1.291776 0.840011 0.542763 0.348697 0.222872 0.141799 0.089849 0.056725 0.035696 0.022397 0.014017 0.008751 0.005452 0.003391 0.002105 0.001305 0.000808 0.000499 0.000308 0.000190 0.000117 0.000072 0.000044 0.000027 0.000017 0.000010 0.000006 0.000004 0.000002 0.000001 0.000001 0.000001 0.000000 0.000000
1000.052551 1004.874939 996.624634 971.315002 930.115845 873.517395 804.343994 725.888916 641.863953 556.346313 471.982239 392.724121 320.421661 256.182037 201.014694 154.867722 117.190376 87.150818 63.739494 45.883686 32.538807 22.752535 15.701575 10.704026 7.215135 4.813153 3.180429 2.083449 1.354162 0.873955 0.560483 0.357427 0.226801 0.143275 0.090158 0.056535 0.035342 0.022034 0.013703 0.008504 0.005267 0.003257 0.002011 0.001240 0.000763 0.000470 0.000289 0.000177 0.000109 0.000067 0.000041 0.000025 0.000015 0.000009 0.000006 0.000004 0.000002 0.000001 0.000001 0.000000 0.000000 0.000000
1058.462402 1073.885254 1073.070679 1054.314331 1017.054565 962.573853 891.580139 809.719482 719.038513 625.720154 532.417725 443.657227 362.179108 289.698700 227.257339 174.995865 132.087234 97.898567 71.297935 51.070415 36.014828 25.028349 17.157530 11.614194 7.770938 5.144463 3.372929 2.192166 1.413585 0.905158 0.575998 0.364533 0.229586 0.143984 0.089960 0.056023 0.034788 0.021546 0.013315 0.008213 0.005057 0.003109 0.001908 0.001170 0.000717 0.000439 0.000268 0.000164 0.000100 0.000061 0.000037 0.000023 0.000014 0.000008 0.000005 0.000003 0.000002 0.000001 0.000001 0.000000 0.000000 0.000000
1115.356323 1143.085083 1152.455566 1141.593872 1109.532715 1058.209229 987.858948 902.073242 805.955383 704.141541 601.188110 501.907043 409.941925 327.923920 257.180817 197.664322 148.922333 109.968063 79.718628 56.798332 39.815300 27.487463 18.709440 12.569316 8.343948 5.479177 3.562856 2.296451 1.468630 0.932738 0.588807 0.369716 0.231075 0.143836 0.089219 0.055171 0.034025 0.020935 0.012855 0.007879 0.004822 0.002947 0.001799 0.001097 0.000669 0.000407 0.000248 0.000151 0.000092 0.000056 0.000034 0.000021 0.000013 0.000008 0.000005 0.000003 0.000002 0.000001 0.000001 0.000000 0.000000 0.000000
1171.017822 1211.405884 1231.667114 1231.364380 1207.539062 1159.985840 1092.133667 1004.815613 902.634888 791.417664 678.619751 568.062927 464.391785 371.338074 290.772736 223.041214 167.607376 123.524475 89.074883 63.102959 43.952465 30.129250 20.350876 13.561561 8.927087 5.811764 3.746323 2.393753 1.517711 0.955786 0.598363 0.372695 0.231106 0.142765 0.087900 0.053966 0.033052 0.020200 0.012323 0.007506 0.004566 0.002775 0.001684 0.001022 0.000620 0.000375 0.000227 0.000138 0.000083 0.000051 0.000031 0.000019 0.000011 0.000007 0.000004 0.000002 0.000002 0.000001 0.000001 0.000000 0.000000 0.000000
