validation/tavurvur/reference_data/model_output/tavurvur.26h.load.asc
ncols 150
nrows 150
xllcorner 397339.0
yllcorner 9516206.0
cellsize 201.0
NODATA_value -9999
[rows 28 to 55 of 150, columns 0 to 61 of 150]
1.064576 1.136819 1.268219 1.450795 1.682142 1.963694 2.299662 2.696433 3.162263 3.707149 4.342816 5.082770 5.942401 6.939095 8.092362 9.423953 10.957960 12.720871 14.741585 17.051361 19.683685 22.673988 26.059196 29.877335 34.166912 38.965855 44.310188 50.233574 56.765659 63.929737 71.739876 80.199509 89.284714 98.940460 109.176643 119.970596 131.242172 142.786758 154.580765 166.477524 178.283157 189.936783 201.246094 211.689758 221.316879 229.754623 237.681320 244.021164 248.316345 251.158310 251.859711 250.668457 247.835327 242.959213 235.842712 227.610840 217.875290 206.361206 194.429153 180.777237 166.670990 152.048141
0.940975 1.005737 1.123613 1.287588 1.495686 1.749410 2.052803 2.411921 2.834572 3.330225 3.910018 4.586836 5.375428 6.292545 7.357099 8.590305 10.015825 11.659875 13.551292 15.721545 18.204678 21.037149 24.257507 27.905880 32.023556 36.652203 41.832680 47.603687 54.001122 61.055927 68.791451 77.220634 86.344337 96.112206 106.509529 117.520294 129.140320 141.155411 153.497879 166.065720 178.668030 191.144150 203.468796 214.909744 225.967117 235.717636 244.261444 251.966125 257.924408 261.925720 264.175262 263.718842 261.904633 257.686707 251.594543 243.516312 234.233032 222.589218 210.279053 195.981812 181.470200 166.051086
0.829387 0.887257 0.992661 1.139456 1.326032 1.553927 1.826993 2.150937 2.533106 2.982419 3.509401 4.126275 4.847098 5.687919 6.666955 7.804773 9.124457 10.651767 12.415264 14.446383 16.779432 19.451542 22.502457 25.974178 29.910378 34.355930 39.355968 44.954567 51.193363 58.110512 65.738144 74.099396 83.205627 93.054688 103.570190 114.777657 126.644585 139.118286 151.959518 165.156158 178.498734 191.847794 205.233368 217.650375 229.944412 241.372147 251.411682 259.681641 266.683075 271.974609 275.777649 277.468597 276.515259 273.376129 267.874573 260.748352 251.379410 239.662155 227.455475 213.055008 197.499969 181.011810
0.728957 0.780500 0.874448 1.005434 1.172164 1.376181 1.621128 1.912351 2.256727 2.662612 3.139900 3.700124 4.356607 5.124638 6.021663 7.067493 8.284506 9.697843 11.335581 13.228874 15.412033 17.922518 20.800875 24.090502 27.837221 32.088627 36.893555 42.300941 48.358398 55.110714 62.598343 70.854477 79.901680 89.749504 100.373802 111.727867 123.820007 136.631912 149.972107 163.659134 177.799332 192.019653 206.447754 220.469299 234.253998 246.906433 258.060730 267.954559 276.073914 282.817810 287.354675 290.260742 290.644775 289.640717 284.889587 278.958771 270.133240 258.472046 245.653732 230.855652 214.650894 197.543823
0.638848 0.684608 0.768071 0.884567 1.033069 1.215099 1.434078 1.694989 2.004230 2.369594 2.800330 3.307263 3.902952 4.601878 5.420653 6.378244 7.496208 8.798917 10.313782 12.071444 14.105930 16.454742 19.158842 22.262571 25.813385 29.861349 34.458405 39.657757 45.512535 52.074272 59.391098 67.505760 76.452347 86.252510 96.913681 108.386726 120.662277 133.719498 147.541977 161.780228 176.566315 191.621933 206.978271 222.263870 236.712265 251.041046 264.423431 275.994659 285.682983 294.236877 299.865479 303.706665 305.446655 305.385712 302.021545 297.303619 289.590698 278.256226 264.482666 250.006577 232.533127 215.670013
0.558255 0.598747 0.672651 0.775917 0.907742 1.069606 1.264701 1.497646 1.774363 2.102080 2.489402 2.946434 3.484950 4.118590 4.863081 5.736474 6.759402 7.955343 9.350872 10.975911 12.863943 15.052187 17.581690 20.497309 23.847610 27.684565 32.062958 37.039566 42.672432 49.019299 56.136032 64.074280 72.879105 82.585144 93.213058 104.768600 117.174324 130.459320 144.521149 159.420975 174.741669 190.471802 206.718964 222.887390 238.914551 254.137955 268.821838 282.255798 294.040070 304.377045 313.138031 317.616547 320.852722 321.899994 320.314270 316.423523 308.881378 298.448303 285.876678 270.799896 253.062378 234.920456
0.486399 0.522111 0.587334 0.678567 0.795193 0.938635 1.111853 1.319102 1.565839 1.858733 2.205745 2.616262 3.101264 3.673526 4.347851 5.141317 6.073557 7.167035 8.447346 9.943503 11.688213 13.718117 16.073978 18.800798 21.947773 25.568180 29.719023 34.460346 39.854328 45.964348 52.853264 60.581669 69.204956 78.770515 89.313286 100.853096 113.373055 126.831131 141.090622 156.535004 172.496780 188.984070 206.159058 223.399139 240.579208 257.223358 273.215179 288.577118 302.310486 314.373383 323.875671 332.172150 336.969543 339.102325 338.993927 336.215149 329.550995 319.935455 308.591309 293.582550 275.408356 256.400665
0.422537 0.453929 0.511298 0.591627 0.694457 0.821137 0.974395 1.158133 1.377352 1.638172 1.947926 2.315283 2.750429 3.265265 3.873645 4.591633 5.437791 6.433486 7.603201 8.974878 10.580229 12.455051 14.639499 17.178289 20.120829 23.521160 27.437828 31.933455 37.073963 42.927532 49.563469 57.050350 65.453888 74.833420 85.238686 96.704941 109.252983 122.844177 137.337280 153.092438 169.632324 186.812347 204.849380 223.093704 241.584702 259.754883 277.429016 294.466705 309.988983 324.046692 335.723267 345.934875 352.852173 357.067444 358.814423 357.751831 352.416321 343.621826 332.726440 318.023193 299.626251 280.191620
0.365961 0.393462 0.443753 0.514243 0.604597 0.716085 0.851208 1.013523 1.207589 1.438997 1.714463 2.041956 2.430873 2.892240 3.438949 4.086024 4.850912 5.753802 6.817970 8.070136 9.540834 11.264776 13.281199 15.634167 18.372812 21.551462 25.229586 29.471615 34.346466 39.926640 46.286991 53.503445 61.650959 70.800682 81.016144 92.349525 104.836975 118.506203 133.160370 149.122742 166.043869 183.858780 202.705429 221.890411 241.539429 261.342957 280.853607 299.410919 316.608124 332.804352 346.907318 358.797058 368.531708 375.068268 378.635162 379.900177 376.349579 368.640076 357.976227 343.104034 325.136841 305.872162
0.316001 0.340013 0.383948 0.445592 0.524710 0.622486 0.741197 0.884072 1.055244 1.259798 1.503852 1.794692 2.140942 2.552763 3.042086 3.622879 4.311442 5.126738 6.090747 7.228856 8.570255 10.148358 12.001211 14.171880 16.708796 19.666025 23.103403 27.086479 31.686291 36.978817 43.043911 49.963928 57.822136 66.700493 76.675972 87.816360 100.176430 113.773514 128.613602 144.680237 162.086533 180.718552 200.298111 220.624069 241.370270 262.551697 283.718872 303.808197 323.154022 341.627319 357.680206 371.337830 383.001831 392.546997 399.095062 401.868774 399.584045 393.344849 384.059967 369.669861 352.518494 333.156097
0.272027 0.292920 0.331172 0.384893 0.453931 0.539378 0.643299 0.768606 0.919031 1.099171 1.314574 1.571868 1.878924 2.245056 2.681244 3.200398 3.817658 4.550726 5.420228 6.450123 7.668126 9.106169 10.800862 12.793962 15.132809 17.870714 21.067266 24.788485 29.106743 34.100502 39.853668 46.454403 53.993389 62.562077 72.250084 83.140450 95.305634 108.809814 123.629501 139.842041 157.364807 176.254623 196.429886 217.510086 239.234680 261.591431 284.506653 307.037781 328.457642 349.273651 368.005157 384.358887 398.092285 409.647614 419.628265 424.413208 424.693329 420.273804 411.291534 398.595276 382.829315 363.258850
0.233448 0.251565 0.284754 0.331408 0.391437 0.465845 0.556490 0.665987 0.797689 0.955731 1.145118 1.371849 1.643071 1.967272 2.354502 2.816629 3.367629 4.023925 4.804753 5.732575 6.833529 8.137912 9.680695 11.502044 13.647851 16.170233 19.127966 22.586830 26.619793 31.306911 36.735008 42.996944 50.190193 58.414799 67.771416 78.357491 90.262627 103.491714 118.276520 134.469620 152.116028 171.504898 192.223969 214.066681 236.846191 260.547302 284.503571 308.572754 331.765961 354.952454 376.605286 395.424988 412.010162 427.624573 439.894318 447.810303 449.506317 447.370514 440.335968 429.705017 414.422485 395.245117
0.199714 0.215369 0.244064 0.284438 0.336450 0.401011 0.479789 0.575118 0.689996 0.828123 0.993993 1.193005 1.431617 1.717523 2.059869 2.469501 2.959249 3.544256 4.242347 5.074447 6.065039 7.242669 8.640496 10.296865 12.255905 14.568123 17.290976 20.489368 24.236042 28.611784 33.705326 39.612938 46.437607 54.287399 63.273014 73.505547 85.093422 98.100578 112.659012 128.698624 146.332550 165.909164 186.965729 209.432648 233.283157 257.688812 283.216034 309.963165 334.787567 360.395386 383.945465 406.931976 425.968536 444.949585 460.326843 471.322021 476.221313 476.528778 473.172882 463.826416 448.825165 428.797516
0.170314 0.183794 0.208517 0.243332 0.288235 0.344051 0.412264 0.494950 0.594774 0.715032 0.859738 1.033727 1.242801 1.493900 1.795300 2.156857 2.590278 3.109443 3.730769 4.473619 5.360776 6.418950 7.679356 9.178322 10.957947 13.066774 15.560472 18.502481 21.964586 26.027359 30.780415 36.322296 42.759991 50.208031 58.786636 68.618721 79.828354 92.484581 106.766754 122.734131 140.437317 160.031494 181.370361 204.138062 228.508057 254.613983 281.729004 309.018768 337.499695 365.550812 391.296295 415.784119 439.161072 462.778839 481.750549 494.426239 502.777954 505.682068 504.685150 496.606567 481.957977 462.716003
0.144777 0.156344 0.177568 0.207483 0.246109 0.294187 0.353034 0.424484 0.510895 0.615191 0.740936 0.892439 1.074885 1.294499 1.558730 1.876482 2.258378 2.717061 3.267555 3.927670 4.718460 5.664748 6.795709 8.145506 9.753990 11.667438 13.939321 16.631077 19.812857 23.564184 27.974453 33.143250 39.180244 46.204620 54.344162 63.733284 74.511086 86.770378 100.684853 116.363586 134.117905 153.709610 175.233902 198.587311 223.573700 249.912292 278.260559 308.075531 338.180267 368.817261 398.221802 425.244415 451.813690 478.171204 500.468597 517.983765 530.773560 536.588745 539.005981 533.125488 520.877930 502.870026
0.122671 0.132560 0.150715 0.176326 0.209432 0.250693 0.301269 0.362776 0.437290 0.527389 0.636222 0.767612 0.926167 1.117439 1.348096 1.626139 1.961146 2.364568 2.850071 3.433927 4.135466 4.977602 5.987408 7.196777 8.643145 10.370271 12.429089 14.878572 17.786621 21.230919 25.299692 30.092285 35.719559 42.303783 49.978001 58.885231 69.178780 80.984062 94.463501 109.766220 127.175018 146.572784 168.150696 191.724365 217.286224 244.568375 274.018402 305.133728 337.348267 370.407837 402.774445 433.534515 463.739563 493.592651 519.905945 541.267456 557.659912 566.707703 572.035645 569.169800 559.413635 543.252441
0.103599 0.112023 0.127497 0.149343 0.177613 0.212891 0.256195 0.308941 0.372946 0.450473 0.544293 0.657774 0.794994 0.960877 1.161359 1.403587 1.696150 2.049355 2.475555 2.989522 3.608891 4.354665 5.251794 6.329833 7.623681 9.174398 11.030098 13.246900 15.889930 19.034328 22.766237 27.183674 32.397209 38.530415 45.719749 54.113995 63.859989 75.150917 88.126266 103.049347 119.985474 139.021500 160.470825 184.127090 209.833801 238.648300 268.691193 300.549133 334.238098 369.805298 404.380310 440.093658 476.498169 507.341370 538.318054 563.920227 584.834534 597.948669 604.877197 605.949768 600.400330 586.918762
0.087202 0.094352 0.107492 0.126058 0.150108 0.180157 0.217094 0.262152 0.316915 0.383360 0.463910 0.561520 0.679778 0.823028 0.996525 1.206616 1.460958 1.768774 2.141160 2.591445 3.135607 3.792770 4.585765 5.541784 6.693119 8.077994 9.741494 11.736571 14.125135 16.979193 20.381998 24.429193 29.229822 34.907104 41.598965 49.459129 58.617718 69.347580 81.750732 96.070702 112.395088 131.056152 152.164322 175.915756 201.970062 230.679169 261.698303 295.652771 330.971191 369.073029 406.415161 446.080505 483.989105 518.093018 554.960022 584.971741 607.962036 626.213135 639.716553 644.839355 641.338013 631.113770
0.073154 0.079200 0.090316 0.106035 0.126418 0.151915 0.183300 0.221641 0.268312 0.325030 0.393906 0.477517 0.579002 0.702174 0.851658 1.033059 1.253165 1.520177 1.844004 2.236592 2.712326 3.288500 3.985862 4.829247 5.848315 7.078375 8.561336 10.346746 12.492952 15.068325 18.152565 21.838030 26.231047 31.453068 37.641460 44.952156 53.524006 63.616287 75.401566 89.150543 104.944092 123.081467 143.731354 166.887222 192.944839 221.990829 253.521240 287.611206 324.378143 364.266083 405.994904 447.788757 488.953857 526.870667 566.345581 604.035400 633.992615 657.680725 673.617065 682.662842 684.987122 677.634033
0.061161 0.066254 0.075623 0.088880 0.106088 0.127640 0.154204 0.186700 0.226316 0.274536 0.333187 0.404509 0.491230 0.596677 0.724900 0.880821 1.070419 1.300949 1.581199 1.921812 2.335653 2.838255 3.448340 4.188432 5.085564 6.172106 7.486704 9.075345 10.992546 13.302660 16.081272 19.416683 23.411461 28.184010 33.869064 40.620987 48.586029 57.995277 69.043449 82.032448 97.265015 114.590736 134.623260 157.353043 182.972656 211.877701 243.836395 279.165497 316.918152 357.946381 402.223572 446.088837 490.374084 533.765869 578.543030 618.785278 656.224365 685.960571 706.579956 722.137634 727.152161 723.580933
0.050958 0.055232 0.063098 0.074236 0.088707 0.106852 0.129246 0.156679 0.190171 0.230999 0.280738 0.341320 0.415108 0.504987 0.614480 0.747886 0.910444 1.108529 1.349893 1.643953 2.002141 2.438314 2.969250 3.615225 4.400700 5.355118 6.513835 7.919182 9.621672 11.681353 14.169277 17.169067 20.778540 25.111748 30.302301 36.481586 43.844814 52.588943 62.898792 75.087303 89.463730 106.138649 125.421806 147.607559 172.826996 201.231247 233.066666 268.332611 308.109375 349.906555 394.914886 441.574860 489.123688 537.782532 586.063354 631.795776 675.050781 711.424316 741.314087 762.865784 774.353149 773.937622
0.042311 0.045883 0.052461 0.061781 0.073902 0.089118 0.107919 0.130984 0.159184 0.193611 0.235615 0.286858 0.349374 0.425647 0.518724 0.632339 0.771054 0.940442 1.147297 1.399901 1.708343 2.084903 2.544509 3.105285 3.789198 4.622824 5.638248 6.874113 8.376825 10.201940 12.415681 15.096585 18.337368 22.241488 26.949854 32.595135 39.327606 47.355556 56.988522 68.372940 81.776848 97.615898 116.004929 137.259949 161.783768 189.807327 221.779190 257.337952 296.361816 338.826141 385.000092 434.029114 485.350647 537.604553 590.728333 642.491699 690.790771 734.212341 771.527893 800.308044 819.340881 828.229187
0.035009 0.037983 0.043461 0.051229 0.061340 0.074046 0.089765 0.109077 0.132723 0.161631 0.196952 0.240108 0.292847 0.357296 0.436062 0.532368 0.650170 0.794314 0.970716 1.186614 1.450853 1.774241 2.169968 2.654119 3.246273 3.970232 4.854879 5.935193 7.253435 8.860541 10.817709 13.198127 16.088787 19.588161 23.829960 28.943649 35.083027 42.447998 51.320385 61.865238 74.367035 89.259026 106.688072 127.002197 150.654785 177.808197 208.954391 243.986359 282.953979 325.872253 373.093323 423.914948 477.813446 533.424500 590.923767 648.054504 703.112488 753.789001 799.180725 836.053589 863.241150 879.312256
0.028865 0.031332 0.035876 0.042323 0.050722 0.061286 0.074370 0.090462 0.110211 0.134378 0.163952 0.200132 0.244422 0.298660 0.365041 0.446277 0.545830 0.667887 0.817568 1.001153 1.226347 1.502597 1.841479 2.257163 2.766971 3.392058 4.158213 5.096829 6.246046 7.652112 9.371006 11.470376 14.031235 17.144182 20.937885 25.529530 31.090574 37.819920 45.931236 55.627472 67.134628 81.010902 97.415474 116.486450 139.383560 165.563263 195.851151 230.072662 268.833740 312.002136 359.768555 411.976013 468.250366 527.531616 588.733337 651.021667 712.894348 770.990051 823.924316 869.560120 905.527405 929.919861
0.023716 0.025754 0.029509 0.034838 0.041783 0.050524 0.061374 0.074664 0.091110 0.111195 0.135861 0.166034 0.202981 0.248481 0.304337 0.372484 0.456197 0.559037 0.685402 0.840706 1.031616 1.266334 1.554947 1.909850 2.346258 2.882826 3.542401 4.352919 5.348492 6.570692 8.070061 9.908158 12.161200 14.910653 18.279190 22.372705 27.343613 33.416359 40.758316 49.615303 60.285976 72.890755 88.192108 106.418343 128.043274 152.961700 181.972961 215.306229 253.387070 296.372406 344.475464 397.637756 455.627380 517.579590 582.701172 649.919800 718.209045 783.946106 845.598267 900.502747 946.166016 980.048401
0.019416 0.021093 0.024185 0.028573 0.034294 0.041455 0.050427 0.061419 0.074893 0.091680 0.112153 0.137215 0.167815 0.205898 0.252617 0.309521 0.379564 0.465778 0.571915 0.702610 0.863595 1.061943 1.306382 1.607678 1.979096 2.436967 3.001372 3.696971 4.554009 5.609529 6.908880 8.503626 10.468924 12.887710 15.857115 19.474232 23.916885 29.348131 35.920437 43.917030 53.654274 65.378128 79.507607 96.424370 116.603493 140.182480 167.784195 199.884109 236.933762 279.352875 327.341034 380.980499 440.144440 504.525452 573.087524 645.025085 719.175720 792.619812 863.013611 927.577698 983.808105 1028.438965
0.015838 0.017213 0.019749 0.023350 0.028028 0.033942 0.041257 0.050312 0.061479 0.075314 0.092147 0.112867 0.138357 0.169832 0.208756 0.256031 0.314355 0.386272 0.474959 0.584365 0.719385 0.886080 1.091946 1.346264 1.660522 2.048908 2.528941 3.122222 3.855340 4.760996 5.879534 7.256931 8.961254 11.062474 13.659798 16.852816 20.780298 25.589363 31.478840 38.699711 47.462524 58.053303 70.975327 86.563484 105.300987 127.398956 153.446899 184.080414 219.909058 261.292358 308.697510 362.304749 422.145203 488.223480 559.595703 635.668823 715.117249 796.076904 875.227539 950.176086 1017.803650 1073.603149
0.012863 0.013987 0.016059 0.019002 0.022839 0.027655 0.033689 0.041074 0.050194 0.061617 0.075600 0.092663 0.113700 0.139560 0.171657 0.210786 0.259124 0.318826 0.392541 0.483635 0.596262 0.735577 0.907975 1.121392 1.385702 1.713148 2.118904 2.621753 3.244883 4.017007 4.971454 6.157268 7.614980 9.434293 11.687240 14.466448 17.892122 22.145821 27.373608 33.779652 41.588467 51.145020 62.843651 77.119888 94.305267 114.831093 139.224121 168.227112 202.300247 242.249649 288.540710 341.564728 401.531128 468.480835 542.125061 621.610413 706.064697 793.947083 881.647949 966.945374 1046.495361 1115.377319
