validation/tavurvur/reference_data/model_output/tavurvur.26h.thickness.asc
ncols 150
nrows 150
xllcorner 397339.0
yllcorner 9516206.0
cellsize 201.0
NODATA_value -9999
[rows 0 to 27 of 150, columns 63 to 125 of 150]
0.562704 0.482339 0.411348 0.349045 0.294713 0.247623 0.207058 0.172319 0.142740 0.117696 0.096609 0.078949 0.064237 0.052043 0.041986 0.033733 0.026992 0.021512 0.017078 0.013505 0.010640 0.008351 0.006531 0.005089 0.003951 0.003057 0.002357 0.001811 0.001387 0.001059 0.000806 0.000611 0.000462 0.000348 0.000261 0.000196 0.000146 0.000109 0.000081 0.000060 0.000044 0.000032 0.000024 0.000017 0.000013 0.000009 0.000007 0.000005 0.000003 0.000003 0.000002 0.000001 0.000001 0.000001 0.000000 0.000000 0.000000 0.000000 0.000000 0.000000 0.000000 0.000000 0.000000
0.586517 0.502916 0.429014 0.364116 0.307488 0.258386 0.216070 0.179820 0.148947 0.122803 0.100787 0.082348 0.066987 0.054255 0.043757 0.035144 0.028110 0.022393 0.017769 0.014045 0.011059 0.008675 0.006780 0.005280 0.004097 0.003168 0.002441 0.001874 0.001434 0.001094 0.000832 0.000630 0.000476 0.000358 0.000269 0.000201 0.000150 0.000112 0.000083 0.000061 0.000045 0.000033 0.000024 0.000018 0.000013 0.000009 0.000007 0.000005 0.000004 0.000003 0.000002 0.000001 0.000001 0.000001 0.000000 0.000000 0.000000 0.000000 0.000000 0.000000 0.000000 0.000000 0.000000
0.626101 0.537136 0.458403 0.389194 0.328753 0.276305 0.231078 0.192313 0.159286 0.131310 0.107746 0.088009 0.071566 0.057940 0.046706 0.037491 0.029969 0.023859 0.018918 0.014942 0.011755 0.009213 0.007194 0.005597 0.004338 0.003351 0.002579 0.001978 0.001512 0.001152 0.000875 0.000662 0.000499 0.000376 0.000282 0.000210 0.000157 0.000116 0.000086 0.000064 0.000047 0.000034 0.000025 0.000018 0.000013 0.000010 0.000007 0.000005 0.000004 0.000003 0.000002 0.000001 0.000001 0.000001 0.000000 0.000000 0.000000 0.000000 0.000000 0.000000 0.000000 0.000000 0.000000
0.676264 0.580529 0.495693 0.421029 0.355758 0.299069 0.250148 0.208192 0.172428 0.142122 0.116591 0.095203 0.077385 0.062621 0.050451 0.040472 0.032329 0.025718 0.020375 0.016078 0.012637 0.009894 0.007718 0.005997 0.004643 0.003582 0.002754 0.002109 0.001610 0.001225 0.000929 0.000702 0.000529 0.000397 0.000297 0.000222 0.000165 0.000122 0.000090 0.000067 0.000049 0.000036 0.000026 0.000019 0.000014 0.000010 0.000007 0.000005 0.000004 0.000003 0.000002 0.000001 0.000001 0.000001 0.000000 0.000000 0.000000 0.000000 0.000000 0.000000 0.000000 0.000000 0.000000
0.734612 0.631044 0.539134 0.458140 0.387255 0.325630 0.272406 0.226728 0.187771 0.154747 0.126918 0.103601 0.084176 0.068082 0.054819 0.043946 0.035078 0.027882 0.022070 0.017398 0.013661 0.010685 0.008324 0.006461 0.004996 0.003849 0.002955 0.002261 0.001723 0.001309 0.000991 0.000748 0.000563 0.000422 0.000315 0.000235 0.000174 0.000129 0.000095 0.000070 0.000051 0.000038 0.000027 0.000020 0.000014 0.000010 0.000008 0.000005 0.000004 0.000003 0.000002 0.000001 0.000001 0.000001 0.000001 0.000000 0.000000 0.000000 0.000000 0.000000 0.000000 0.000000 0.000000
0.800244 0.687922 0.588087 0.499990 0.422795 0.355615 0.297542 0.247667 0.205105 0.169009 0.138582 0.113086 0.091843 0.074245 0.059745 0.047862 0.038175 0.030317 0.023976 0.018882 0.014810 0.011570 0.009004 0.006980 0.005390 0.004147 0.003179 0.002429 0.001849 0.001402 0.001060 0.000799 0.000600 0.000449 0.000335 0.000249 0.000185 0.000136 0.000100 0.000074 0.000054 0.000039 0.000029 0.000021 0.000015 0.000011 0.000008 0.000006 0.000004 0.000003 0.000002 0.000001 0.000001 0.000001 0.000001 0.000000 0.000000 0.000000 0.000000 0.000000 0.000000 0.000000 0.000000
0.873043 0.751077 0.642493 0.546537 0.462350 0.389005 0.325542 0.270997 0.224421 0.184902 0.151579 0.123651 0.100381 0.081104 0.065225 0.052216 0.041614 0.033020 0.026089 0.020525 0.016082 0.012549 0.009754 0.007551 0.005824 0.004475 0.003425 0.002613 0.001986 0.001504 0.001135 0.000854 0.000640 0.000478 0.000356 0.000264 0.000196 0.000144 0.000106 0.000078 0.000057 0.000041 0.000030 0.000022 0.000016 0.000011 0.000008 0.000006 0.000004 0.000003 0.000002 0.000001 0.000001 0.000001 0.000001 0.000000 0.000000 0.000000 0.000000 0.000000 0.000000 0.000000 0.000000
0.953313 0.820791 0.702610 0.598014 0.506124 0.425976 0.356559 0.296847 0.245826 0.202514 0.165980 0.135353 0.109834 0.088695 0.071285 0.057027 0.045412 0.036002 0.028417 0.022334 0.017479 0.013623 0.010575 0.008177 0.006298 0.004832 0.003693 0.002813 0.002134 0.001614 0.001216 0.000913 0.000683 0.000509 0.000379 0.000281 0.000207 0.000153 0.000112 0.000082 0.000060 0.000043 0.000032 0.000023 0.000016 0.000012 0.000008 0.000006 0.000004 0.000003 0.000002 0.000002 0.000001 0.000001 0.000001 0.000000 0.000000 0.000000 0.000000 0.000000 0.000000 0.000000 0.000000
1.041604 0.897565 0.768883 0.654813 0.554459 0.466823 0.390842 0.325428 0.269496 0.221989 0.181902 0.148289 0.120279 0.097078 0.077973 0.062331 0.049596 0.039283 0.030976 0.024319 0.019011 0.014800 0.011474 0.008859 0.006814 0.005220 0.003984 0.003029 0.002295 0.001732 0.001303 0.000977 0.000729 0.000543 0.000403 0.000298 0.000220 0.000161 0.000118 0.000086 0.000063 0.000046 0.000033 0.000024 0.000017 0.000012 0.000009 0.000006 0.000004 0.000003 0.000002 0.000002 0.000001 0.000001 0.000001 0.000000 0.000000 0.000000 0.000000 0.000000 0.000000 0.000000 0.000000
1.138630 0.982043 0.841888 0.717440 0.607796 0.511925 0.428714 0.357010 0.295655 0.243513 0.199496 0.162579 0.131812 0.106329 0.085349 0.068177 0.054202 0.042892 0.033788 0.026498 0.020690 0.016086 0.012455 0.009604 0.007375 0.005642 0.004299 0.003264 0.002468 0.001860 0.001396 0.001045 0.000779 0.000579 0.000429 0.000316 0.000233 0.000171 0.000125 0.000091 0.000066 0.000048 0.000035 0.000025 0.000018 0.000013 0.000009 0.000006 0.000005 0.000003 0.000002 0.000002 0.000001 0.000001 0.000001 0.000000 0.000000 0.000000 0.000000 0.000000 0.000000 0.000000 0.000000
1.245235 1.074985 0.922301 0.786490 0.666652 0.561727 0.470553 0.391912 0.324569 0.267303 0.218940 0.178367 0.144549 0.116540 0.093484 0.074619 0.059274 0.046861 0.036876 0.028887 0.022529 0.017494 0.013526 0.010415 0.007987 0.006100 0.004641 0.003517 0.002655 0.001997 0.001497 0.001118 0.000832 0.000617 0.000456 0.000336 0.000247 0.000180 0.000132 0.000096 0.000069 0.000050 0.000036 0.000026 0.000019 0.000013 0.000009 0.000007 0.000005 0.000003 0.000002 0.000002 0.000001 0.000001 0.000001 0.000000 0.000000 0.000000 0.000000 0.000000 0.000000 0.000000 0.000000
1.362376 1.177256 1.010893 0.862645 0.731620 0.616738 0.516793 0.430500 0.356542 0.293612 0.240440 0.195819 0.158622 0.127816 0.102461 0.081722 0.064859 0.051227 0.040269 0.031509 0.024543 0.019033 0.014696 0.011299 0.008651 0.006597 0.005011 0.003791 0.002857 0.002145 0.001605 0.001196 0.000888 0.000658 0.000485 0.000357 0.000261 0.000191 0.000139 0.000101 0.000073 0.000053 0.000038 0.000027 0.000019 0.000014 0.000010 0.000007 0.000005 0.000003 0.000002 0.000002 0.000001 0.000001 0.000001 0.000000 0.000000 0.000000 0.000000 0.000000 0.000000 0.000000 0.000000
1.491123 1.289827 1.108534 0.946670 0.803368 0.677537 0.567926 0.473187 0.391920 0.322723 0.264227 0.215122 0.174182 0.140275 0.112373 0.089558 0.071015 0.056034 0.044000 0.034388 0.026752 0.020718 0.015974 0.012263 0.009375 0.007137 0.005412 0.004087 0.003075 0.002304 0.001721 0.001280 0.000949 0.000701 0.000516 0.000378 0.000277 0.000202 0.000146 0.000106 0.000077 0.000055 0.000039 0.000028 0.000020 0.000014 0.000010 0.000007 0.000005 0.000004 0.000002 0.000002 0.000001 0.000001 0.000001 0.000000 0.000000 0.000000 0.000000 0.000000 0.000000 0.000000 0.000000
1.632666 1.413777 1.216191 1.039423 0.882646 0.744769 0.624504 0.520440 0.431091 0.354958 0.290564 0.236489 0.191397 0.154051 0.123325 0.098207 0.077803 0.061328 0.048104 0.037550 0.029174 0.022562 0.017371 0.013315 0.010163 0.007724 0.005846 0.004408 0.003310 0.002476 0.001845 0.001370 0.001013 0.000747 0.000549 0.000402 0.000293 0.000213 0.000154 0.000111 0.000080 0.000058 0.000041 0.000029 0.000021 0.000015 0.000011 0.000007 0.000005 0.000004 0.000003 0.000002 0.000001 0.000001 0.000001 0.000000 0.000000 0.000000 0.000000 0.000000 0.000000 0.000000 0.000000
1.788322 1.550308 1.334944 1.141861 0.970293 0.819160 0.687148 0.572782 0.474493 0.390677 0.319744 0.260156 0.210457 0.169295 0.135434 0.107763 0.085294 0.067163 0.052621 0.041025 0.031831 0.024583 0.018898 0.014463 0.011020 0.008361 0.006318 0.004754 0.003563 0.002660 0.001978 0.001466 0.001082 0.000796 0.000583 0.000426 0.000310 0.000225 0.000163 0.000117 0.000084 0.000060 0.000043 0.000031 0.000022 0.000015 0.000011 0.000008 0.000005 0.000004 0.000003 0.000002 0.000001 0.000001 0.000001 0.000000 0.000000 0.000000 0.000000 0.000000 0.000000 0.000000 0.000000
1.959549 1.700754 1.465998 1.255057 1.067249 0.901526 0.756554 0.630802 0.522617 0.430287 0.352101 0.286393 0.231578 0.186176 0.148833 0.118326 0.093566 0.073599 0.057596 0.044847 0.034749 0.026797 0.020568 0.015715 0.011954 0.009054 0.006828 0.005128 0.003836 0.002858 0.002121 0.001568 0.001155 0.000848 0.000620 0.000452 0.000328 0.000237 0.000171 0.000123 0.000088 0.000063 0.000045 0.000032 0.000023 0.000016 0.000011 0.000008 0.000006 0.000004 0.000003 0.000002 0.000001 0.000001 0.000001 0.000000 0.000000 0.000000 0.000000 0.000000 0.000000 0.000000 0.000000
2.147960 1.866595 1.610689 1.380202 1.174565 0.992778 0.833504 0.695164 0.576018 0.474246 0.388008 0.315501 0.254999 0.204885 0.163672 0.130012 0.102708 0.080702 0.063079 0.049052 0.037954 0.029225 0.022396 0.017083 0.012972 0.009807 0.007382 0.005533 0.004131 0.003071 0.002274 0.001678 0.001233 0.000903 0.000659 0.000479 0.000347 0.000250 0.000180 0.000129 0.000092 0.000066 0.000047 0.000033 0.000023 0.000016 0.000012 0.000008 0.000006 0.000004 0.000003 0.000002 0.000001 0.000001 0.000001 0.000000 0.000000 0.000000 0.000000 0.000000 0.000000 0.000000 0.000000
2.355335 2.049469 1.770507 1.518630 1.293416 1.093940 0.918878 0.766611 0.635319 0.523069 0.427886 0.347820 0.280993 0.225636 0.180116 0.142951 0.112817 0.088547 0.069126 0.053683 0.041477 0.031888 0.024397 0.018578 0.014082 0.010626 0.007983 0.005971 0.004448 0.003300 0.002439 0.001795 0.001316 0.000961 0.000700 0.000508 0.000367 0.000264 0.000190 0.000136 0.000097 0.000069 0.000049 0.000034 0.000024 0.000017 0.000012 0.000008 0.000006 0.000004 0.000003 0.000002 0.000001 0.000001 0.000001 0.000000 0.000000 0.000000 0.000000 0.000000 0.000000 0.000000 0.000000
2.583641 2.251197 1.947109 1.671828 1.425118 1.206159 1.013663 0.845983 0.701224 0.577337 0.472210 0.383733 0.309865 0.248670 0.198355 0.157288 0.124006 0.097218 0.075799 0.058784 0.045352 0.034812 0.026589 0.020211 0.015291 0.011516 0.008634 0.006445 0.004791 0.003547 0.002615 0.001920 0.001405 0.001024 0.000743 0.000538 0.000388 0.000279 0.000199 0.000142 0.000101 0.000072 0.000051 0.000036 0.000025 0.000018 0.000012 0.000009 0.000006 0.000004 0.000003 0.000002 0.000001 0.000001 0.000001 0.000000 0.000000 0.000000 0.000000 0.000000 0.000000 0.000000 0.000000
2.835045 2.473794 2.142339 1.841457 1.571144 1.330725 1.118969 0.934223 0.774522 0.637707 0.521516 0.423674 0.341961 0.274260 0.218602 0.173187 0.136399 0.106808 0.083169 0.064409 0.049616 0.038022 0.028991 0.021997 0.016610 0.012484 0.009341 0.006958 0.005161 0.003812 0.002804 0.002054 0.001499 0.001090 0.000789 0.000569 0.000410 0.000293 0.000210 0.000149 0.000106 0.000075 0.000053 0.000037 0.000026 0.000018 0.000013 0.000009 0.000006 0.000004 0.000003 0.000002 0.000001 0.000001 0.000001 0.000000 0.000000 0.000000 0.000000 0.000000 0.000000 0.000000 0.000000
3.111939 2.719489 2.358244 2.029369 1.733146 1.469083 1.236047 1.032396 0.856110 0.704918 0.576410 0.468132 0.377671 0.302713 0.241094 0.190831 0.150136 0.117424 0.091314 0.070614 0.054310 0.041550 0.031625 0.023950 0.018049 0.013538 0.010107 0.007512 0.005559 0.004096 0.003006 0.002197 0.001599 0.001160 0.000838 0.000603 0.000432 0.000309 0.000220 0.000156 0.000111 0.000078 0.000055 0.000038 0.000027 0.000019 0.000013 0.000009 0.000006 0.000004 0.000003 0.000002 0.000001 0.000001 0.000001 0.000000 0.000000 0.000000 0.000000 0.000000 0.000000 0.000000 0.000000
3.416960 2.990754 2.597105 2.237636 1.912971 1.622860 1.366304 1.141701 0.946994 0.779807 0.637575 0.517659 0.417435 0.334375 0.266103 0.210428 0.165374 0.129184 0.100322 0.077464 0.059483 0.045428 0.034513 0.026086 0.019619 0.014685 0.010939 0.008112 0.005989 0.004402 0.003222 0.002349 0.001706 0.001233 0.000889 0.000638 0.000456 0.000325 0.000231 0.000163 0.000115 0.000081 0.000057 0.000040 0.000028 0.000019 0.000013 0.000009 0.000006 0.000004 0.000003 0.000002 0.000001 0.000001 0.000001 0.000000 0.000000 0.000000 0.000000 0.000000 0.000000 0.000000 0.000000
3.753001 3.290315 2.861456 2.468566 2.112692 1.793882 1.511325 1.263494 1.048316 0.863320 0.705787 0.572879 0.461751 0.369640 0.293932 0.232212 0.182290 0.142219 0.110290 0.085031 0.065184 0.049694 0.037682 0.028425 0.021334 0.015933 0.011842 0.008761 0.006452 0.004731 0.003454 0.002511 0.001819 0.001312 0.000943 0.000675 0.000481 0.000342 0.000242 0.000171 0.000120 0.000084 0.000059 0.000041 0.000029 0.000020 0.000014 0.000009 0.000006 0.000004 0.000003 0.000002 0.000001 0.000001 0.000001 0.000000 0.000000 0.000000 0.000000 0.000000 0.000000 0.000000 0.000000
4.123237 3.621197 3.154114 2.724742 2.334631 1.984205 1.672896 1.399304 1.161364 0.956528 0.781921 0.634502 0.511185 0.408950 0.324927 0.256447 0.201086 0.156680 0.121330 0.093394 0.071473 0.054389 0.041162 0.030986 0.023205 0.017291 0.012822 0.009463 0.006951 0.005084 0.003702 0.002685 0.001939 0.001394 0.000999 0.000713 0.000507 0.000359 0.000254 0.000179 0.000125 0.000088 0.000061 0.000042 0.000029 0.000020 0.000014 0.000010 0.000007 0.000004 0.000003 0.000002 0.000001 0.000001 0.000001 0.000000 0.000000 0.000000 0.000000 0.000000 0.000000 0.000000 0.000000
4.531137 3.986732 3.478206 3.009046 2.581394 2.196138 1.853034 1.550858 1.287598 1.060642 0.866971 0.703328 0.566373 0.452808 0.359475 0.283430 0.221985 0.172734 0.133564 0.102645 0.078414 0.059558 0.044983 0.033790 0.025249 0.018770 0.013885 0.010221 0.007490 0.005463 0.003967 0.002869 0.002066 0.001482 0.001059 0.000753 0.000534 0.000377 0.000266 0.000186 0.000130 0.000091 0.000063 0.000044 0.000030 0.000021 0.000014 0.000010 0.000007 0.000005 0.000003 0.000002 0.000001 0.000001 0.000001 0.000000 0.000000 0.000000 0.000000 0.000000 0.000000 0.000000 0.000000
4.980495 4.390601 3.837218 3.324699 2.855900 2.432283 2.054012 1.720111 1.428666 1.177036 0.962060 0.780266 0.628040 0.501781 0.398019 0.313500 0.245242 0.190571 0.147132 0.112883 0.086079 0.065252 0.049181 0.036862 0.027481 0.020380 0.015038 0.011042 0.008069 0.005870 0.004251 0.003065 0.002201 0.001574 0.001121 0.000795 0.000562 0.000396 0.000278 0.000194 0.000136 0.000094 0.000065 0.000045 0.000031 0.000021 0.000015 0.000010 0.000007 0.000005 0.000003 0.000002 0.000001 0.000001 0.000001 0.000000 0.000000 0.000000 0.000000 0.000000 0.000000 0.000000 0.000000
5.475454 4.836866 4.235021 3.675296 3.161427 2.695568 2.278397 1.909273 1.586442 1.307267 1.068467 0.866347 0.697006 0.556515 0.441057 0.347035 0.271143 0.210404 0.162190 0.124221 0.094547 0.071527 0.053795 0.040229 0.029919 0.022133 0.016289 0.011929 0.008693 0.006306 0.004553 0.003274 0.002344 0.001671 0.001186 0.000839 0.000591 0.000415 0.000291 0.000203 0.000141 0.000097 0.000067 0.000046 0.000032 0.000022 0.000015 0.000010 0.000007 0.000005 0.000003 0.000002 0.000001 0.000001 0.000001 0.000000 0.000000 0.000000 0.000000 0.000000 0.000000 0.000000 0.000000
6.020550 5.330017 4.675918 4.064857 3.501649 2.989288 2.529089 2.120846 1.763043 1.453101 1.187639 0.962743 0.774205 0.617740 0.489154 0.384469 0.300013 0.232472 0.178912 0.136785 0.103908 0.078445 0.058867 0.043919 0.032583 0.024042 0.017647 0.012887 0.009365 0.006773 0.004876 0.003495 0.002494 0.001773 0.001255 0.000885 0.000621 0.000435 0.000303 0.000211 0.000146 0.000101 0.000069 0.000048 0.000033 0.000022 0.000015 0.000010 0.000007 0.000005 0.000003 0.000002 0.000001 0.000001 0.000001 0.000000 0.000000 0.000000 0.000000 0.000000 0.000000 0.000000 0.000000
