validation/tavurvur/reference_data/model_output/tavurvur.26h.thickness.asc
ncols 150
nrows 150
xllcorner 397339.0
yllcorner 9516206.0
cellsize 201.0
NODATA_value -9999
[rows 56 to 83 of 150, columns 63 to 125 of 150]
71.555435 73.511269 74.254532 73.494087 71.285126 67.699905 62.799324 56.810181 50.082291 43.124718 36.095638 29.531040 23.604673 18.434811 14.091823 10.537498 7.712980 5.519257 3.888152 2.686229 1.823916 1.219432 0.803938 0.523387 0.336932 0.214748 0.135680 0.085074 0.052992 0.032822 0.020230 0.012418 0.007595 0.004631 0.002817 0.001710 0.001036 0.000627 0.000379 0.000228 0.000138 0.000083 0.000050 0.000030 0.000018 0.000011 0.000007 0.000004 0.000002 0.000001 0.000001 0.000001 0.000000 0.000000 0.000000 0.000000 0.000000 0.000000 0.000000 0.000000 0.000000 0.000000 0.000000
74.989929 77.926216 79.526344 79.487625 77.790215 74.473045 69.767921 63.636616 56.410267 48.858837 41.072037 33.561775 26.824003 20.922155 15.954634 11.901916 8.672267 6.163454 4.306695 2.955440 1.992345 1.319845 0.861896 0.555704 0.354260 0.223611 0.139935 0.086924 0.053654 0.032939 0.020130 0.012254 0.007436 0.004499 0.002716 0.001637 0.000985 0.000592 0.000355 0.000213 0.000128 0.000077 0.000046 0.000027 0.000016 0.000010 0.000006 0.000004 0.000002 0.000001 0.000001 0.000000 0.000000 0.000000 0.000000 0.000000 0.000000 0.000000 0.000000 0.000000 0.000000 0.000000 0.000000
78.171150 82.170616 84.790726 85.659821 84.743904 81.944435 77.370750 71.239838 63.608749 55.462791 46.822514 38.375362 30.685204 23.909811 18.185108 13.450278 9.761847 6.886161 4.775472 3.247830 2.168305 1.422117 0.919239 0.586596 0.370124 0.231265 0.143293 0.088154 0.053907 0.032796 0.019868 0.011994 0.007219 0.004334 0.002597 0.001554 0.000928 0.000554 0.000331 0.000197 0.000118 0.000070 0.000042 0.000025 0.000015 0.000009 0.000005 0.000003 0.000002 0.000001 0.000001 0.000000 0.000000 0.000000 0.000000 0.000000 0.000000 0.000000 0.000000 0.000000 0.000000 0.000000 0.000000
80.942192 85.980156 89.842323 91.697487 91.674530 89.530472 85.222191 79.172073 71.483475 62.683590 53.134769 43.712273 34.845036 27.124670 20.597378 15.237156 10.979742 7.681307 5.277821 3.554147 2.348425 1.523890 0.974380 0.615037 0.383904 0.237352 0.145562 0.088665 0.053701 0.032371 0.019437 0.011633 0.006944 0.004137 0.002460 0.001461 0.000867 0.000514 0.000305 0.000181 0.000107 0.000064 0.000038 0.000022 0.000013 0.000008 0.000005 0.000003 0.000002 0.000001 0.000001 0.000000 0.000000 0.000000 0.000000 0.000000 0.000000 0.000000 0.000000 0.000000 0.000000 0.000000 0.000000
83.058945 89.280823 94.584938 97.674408 99.369049 98.454857 94.297348 87.862106 80.037018 70.794426 60.401123 49.727467 39.770451 30.917597 23.384912 17.207661 12.283893 8.518325 5.799622 3.867197 2.528890 1.622350 1.025446 0.639878 0.394932 0.241508 0.146552 0.088361 0.052994 0.031645 0.018830 0.011172 0.006614 0.003909 0.002307 0.001361 0.000802 0.000472 0.000278 0.000164 0.000097 0.000057 0.000034 0.000020 0.000012 0.000007 0.000004 0.000002 0.000001 0.000001 0.000001 0.000000 0.000000 0.000000 0.000000 0.000000 0.000000 0.000000 0.000000 0.000000 0.000000 0.000000 0.000000
84.243599 91.837029 98.563904 103.465828 106.526421 106.577377 103.749786 97.348824 89.589035 79.806976 68.565186 56.720379 45.397659 35.281536 26.566174 19.369276 13.726827 9.431053 6.350385 4.183628 2.704692 1.714162 1.070296 0.659853 0.402508 0.243373 0.146085 0.087164 0.051755 0.030609 0.018047 0.010614 0.006232 0.003654 0.002140 0.001253 0.000734 0.000430 0.000252 0.000148 0.000087 0.000051 0.000030 0.000018 0.000010 0.000006 0.000004 0.000002 0.000001 0.000001 0.000000 0.000000 0.000000 0.000000 0.000000 0.000000 0.000000 0.000000 0.000000 0.000000 0.000000 0.000000 0.000000
84.520569 93.773468 101.971031 108.492340 113.026192 114.371887 112.957283 107.408180 99.837677 89.764587 77.695541 64.673721 51.868221 40.194603 30.072752 21.781841 15.274743 10.391839 6.912351 4.494739 2.869100 1.795390 1.106515 0.673624 0.405945 0.242606 0.144005 0.085008 0.049961 0.029262 0.017093 0.009966 0.005803 0.003376 0.001963 0.001142 0.000664 0.000386 0.000225 0.000131 0.000077 0.000045 0.000026 0.000015 0.000009 0.000005 0.000003 0.000002 0.000001 0.000001 0.000000 0.000000 0.000000 0.000000 0.000000 0.000000 0.000000 0.000000 0.000000 0.000000 0.000000 0.000000 0.000000
83.600586 94.172424 103.948784 112.408257 118.603859 122.021400 121.898346 118.042458 110.815605 100.447426 87.602997 73.291542 58.932888 45.559162 33.908325 24.370901 16.935015 11.398355 7.479550 4.796383 3.016376 1.861097 1.131476 0.679851 0.404589 0.238907 0.140191 0.081856 0.047612 0.027614 0.015983 0.009238 0.005335 0.003080 0.001779 0.001027 0.000594 0.000344 0.000199 0.000115 0.000067 0.000039 0.000023 0.000013 0.000008 0.000005 0.000003 0.000002 0.000001 0.000001 0.000000 0.000000 0.000000 0.000000 0.000000 0.000000 0.000000 0.000000 0.000000 0.000000 0.000000 0.000000 0.000000
81.652077 93.452530 104.777916 115.170067 123.559959 129.073151 131.185547 129.306778 122.434738 112.226021 98.365776 82.868210 66.742332 51.460152 38.075073 27.120850 18.639015 12.391024 8.018677 5.064084 3.135036 1.906221 1.142554 0.677246 0.397841 0.232032 0.134568 0.077708 0.044731 0.025692 0.014735 0.008445 0.004838 0.002773 0.001590 0.000913 0.000525 0.000302 0.000174 0.000100 0.000058 0.000034 0.000020 0.000011 0.000007 0.000004 0.000002 0.000001 0.000001 0.000000 0.000000 0.000000 0.000000 0.000000 0.000000 0.000000 0.000000 0.000000 0.000000 0.000000 0.000000 0.000000 0.000000
78.490959 91.296410 104.079216 116.436584 127.028984 135.120972 139.531631 139.716003 134.671051 124.881256 110.327774 93.319153 75.386345 57.934235 42.550598 29.997829 20.356419 13.338993 8.495980 5.283834 3.217959 1.925553 1.137204 0.664624 0.385221 0.221845 0.127141 0.072611 0.041368 0.023534 0.013378 0.007605 0.004325 0.002461 0.001403 0.000800 0.000458 0.000262 0.000150 0.000086 0.000050 0.000029 0.000017 0.000010 0.000006 0.000003 0.000002 0.000001 0.000001 0.000000 0.000000 0.000000 0.000000 0.000000 0.000000 0.000000 0.000000 0.000000 0.000000 0.000000 0.000000 0.000000 0.000000
74.112144 87.579979 101.712120 115.845619 128.892426 139.765961 147.138916 149.874191 146.775360 137.899170 123.167824 104.881752 84.956818 65.097725 47.395786 33.010250 22.067316 14.216031 8.894599 5.432563 3.251743 1.914294 1.113133 0.641058 0.366483 0.208371 0.118014 0.066666 0.037602 0.021195 0.011948 0.006739 0.003806 0.002152 0.001219 0.000692 0.000394 0.000224 0.000128 0.000073 0.000042 0.000024 0.000014 0.000008 0.000005 0.000003 0.000002 0.000001 0.000001 0.000000 0.000000 0.000000 0.000000 0.000000 0.000000 0.000000 0.000000 0.000000 0.000000 0.000000 0.000000 0.000000 0.000000
68.539139 82.494034 97.645622 113.390495 128.777740 142.724884 153.735580 159.856430 159.722031 152.460403 138.326324 118.288338 95.864098 73.237366 52.736603 36.138382 23.708735 14.965513 9.184953 5.499216 3.228058 1.867538 1.068394 0.606075 0.341704 0.191831 0.107397 0.060033 0.033539 0.018743 0.010484 0.005872 0.003295 0.001853 0.001044 0.000590 0.000334 0.000190 0.000108 0.000062 0.000035 0.000020 0.000012 0.000007 0.000004 0.000002 0.000001 0.000001 0.000000 0.000000 0.000000 0.000000 0.000000 0.000000 0.000000 0.000000 0.000000 0.000000 0.000000 0.000000 0.000000 0.000000 0.000000
61.919556 75.936981 91.702675 108.672379 126.252457 143.371170 158.329071 168.884720 172.619995 168.069763 154.419006 133.446259 108.053551 82.172005 58.312344 39.192806 25.127625 15.490226 9.296330 5.447513 3.135564 1.781158 1.002034 0.559871 0.311378 0.172679 0.095619 0.052928 0.029314 0.016255 0.009030 0.005027 0.002805 0.001570 0.000881 0.000495 0.000279 0.000158 0.000090 0.000051 0.000029 0.000017 0.000010 0.000005 0.000003 0.000002 0.000001 0.000001 0.000000 0.000000 0.000000 0.000000 0.000000 0.000000 0.000000 0.000000 0.000000 0.000000 0.000000 0.000000 0.000000 0.000000 0.000000
54.414509 68.027199 83.866592 101.635353 120.884727 140.833282 160.043213 175.943420 185.125214 184.910782 172.993698 150.460022 121.904297 92.230713 64.092285 41.954025 26.158821 15.705291 9.182260 5.262784 2.966133 1.653302 0.914674 0.503619 0.276507 0.151612 0.083126 0.045618 0.025076 0.013814 0.007629 0.004225 0.002347 0.001307 0.000731 0.000410 0.000230 0.000130 0.000073 0.000042 0.000024 0.000014 0.000008 0.000004 0.000003 0.000001 0.000001 0.000000 0.000000 0.000000 0.000000 0.000000 0.000000 0.000000 0.000000 0.000000 0.000000 0.000000 0.000000 0.000000 0.000000 0.000000 0.000000
46.369659 59.036125 74.339211 92.271576 112.369370 134.579300 157.923676 179.890854 196.675217 203.105972 194.815292 170.867966 137.380508 102.582108 69.770050 44.069149 26.597479 15.495057 8.801572 4.922556 2.714110 1.485361 0.809156 0.439578 0.238607 0.129567 0.070456 0.038393 0.020975 0.011493 0.006317 0.003483 0.001927 0.001070 0.000596 0.000333 0.000187 0.000105 0.000059 0.000034 0.000019 0.000011 0.000006 0.000004 0.000002 0.000001 0.000001 0.000000 0.000000 0.000000 0.000000 0.000000 0.000000 0.000000 0.000000 0.000000 0.000000 0.000000 0.000000 0.000000 0.000000 0.000000 0.000000
38.221046 49.399559 63.445660 80.659821 100.951317 124.159096 150.675232 179.059860 205.464035 222.542801 221.143600 196.138962 156.578506 113.477547 74.765999 45.101807 26.142035 14.719606 8.086060 4.406782 2.384511 1.280150 0.689643 0.371168 0.199688 0.107630 0.058161 0.031523 0.017142 0.009354 0.005123 0.002816 0.001554 0.000861 0.000478 0.000267 0.000149 0.000084 0.000047 0.000027 0.000015 0.000009 0.000005 0.000003 0.000002 0.000001 0.000001 0.000000 0.000000 0.000000 0.000000 0.000000 0.000000 0.000000 0.000000 0.000000 0.000000 0.000000 0.000000 0.000000 0.000000 0.000000 0.000000
30.415483 39.784828 51.850292 67.281822 86.605690 109.713104 137.229767 170.590134 208.030579 241.801666 253.573914 227.020142 182.032547 124.451424 77.567238 44.240517 24.434277 13.273089 7.097928 3.766320 2.001684 1.061295 0.566173 0.302788 0.161834 0.086824 0.046719 0.025230 0.013677 0.007443 0.004067 0.002231 0.001229 0.000680 0.000377 0.000210 0.000118 0.000066 0.000037 0.000021 0.000012 0.000007 0.000004 0.000002 0.000001 0.000001 0.000000 0.000000 0.000000 0.000000 0.000000 0.000000 0.000000 0.000000 0.000000 0.000000 0.000000 0.000000 0.000000 0.000000 0.000000 0.000000 0.000000
23.319681 30.758444 40.501278 53.230873 69.858162 91.342285 117.813103 151.815201 198.055801 256.030884 300.672211 259.197754 219.252304 133.704132 75.795639 40.423817 21.286379 11.211545 5.844650 3.053077 1.601179 0.843959 0.447711 0.238338 0.126857 0.067976 0.036494 0.019672 0.010649 0.005789 0.003160 0.001732 0.000953 0.000527 0.000292 0.000163 0.000091 0.000051 0.000029 0.000016 0.000009 0.000005 0.000003 0.000002 0.000001 0.000001 0.000000 0.000000 0.000000 0.000000 0.000000 0.000000 0.000000 0.000000 0.000000 0.000000 0.000000 0.000000 0.000000 0.000000 0.000000 0.000000 0.000000
17.206020 22.786842 30.160393 39.899078 52.784958 69.956779 93.032990 122.883270 166.261536 242.111755 2385.134033 262.454895 1839.220703 129.383713 64.678894 32.710693 16.771973 8.703441 4.503026 2.342362 1.224835 0.643978 0.340934 0.181225 0.096370 0.051615 0.027709 0.014939 0.008089 0.004399 0.002402 0.001317 0.000725 0.000401 0.000223 0.000124 0.000069 0.000039 0.000022 0.000012 0.000007 0.000004 0.000002 0.000001 0.000001 0.000000 0.000000 0.000000 0.000000 0.000000 0.000000 0.000000 0.000000 0.000000 0.000000 0.000000 0.000000 0.000000 0.000000 0.000000 0.000000 0.000000 0.000000
12.216129 16.170935 21.396189 28.291237 37.392807 49.434464 65.474251 87.110809 114.920898 148.354752 176.617554 153.173798 131.151062 81.059959 43.200089 22.614365 11.809040 6.191643 3.235510 1.694633 0.889193 0.469310 0.248841 0.132627 0.070694 0.038000 0.020447 0.011048 0.005994 0.003266 0.001787 0.000982 0.000541 0.000300 0.000167 0.000093 0.000052 0.000029 0.000016 0.000009 0.000005 0.000003 0.000002 0.000001 0.000001 0.000000 0.000000 0.000000 0.000000 0.000000 0.000000 0.000000 0.000000 0.000000 0.000000 0.000000 0.000000 0.000000 0.000000 0.000000 0.000000 0.000000 0.000000
8.349900 11.001366 14.482221 19.011646 24.891861 32.469387 42.120205 54.110592 68.001801 81.093765 86.745766 78.169762 62.833412 41.992096 24.897491 13.922703 7.577532 4.081152 2.178789 1.160031 0.614993 0.327070 0.174686 0.093710 0.050240 0.027125 0.014672 0.007960 0.004335 0.002370 0.001301 0.000717 0.000396 0.000220 0.000123 0.000069 0.000038 0.000022 0.000012 0.000007 0.000004 0.000002 0.000001 0.000001 0.000000 0.000000 0.000000 0.000000 0.000000 0.000000 0.000000 0.000000 0.000000 0.000000 0.000000 0.000000 0.000000 0.000000 0.000000 0.000000 0.000000 0.000000 0.000000
5.511417 7.199949 9.381040 12.162510 15.674152 20.023258 25.241936 31.132427 36.912899 41.065990 41.694397 37.439331 29.894840 21.002253 13.334082 7.921911 4.514370 2.516198 1.381171 0.751114 0.405843 0.218873 0.118138 0.063964 0.034595 0.018821 0.010244 0.005591 0.003062 0.001682 0.000927 0.000513 0.000285 0.000159 0.000089 0.000050 0.000028 0.000016 0.000009 0.000005 0.000003 0.000002 0.000001 0.000001 0.000000 0.000000 0.000000 0.000000 0.000000 0.000000 0.000000 0.000000 0.000000 0.000000 0.000000 0.000000 0.000000 0.000000 0.000000 0.000000 0.000000 0.000000 0.000000
3.520409 4.546320 5.841231 7.451950 9.415108 11.734373 14.336694 16.982075 19.201637 20.404459 20.040766 17.815123 14.277308 10.338838 6.876286 4.285748 2.551994 1.473944 0.833843 0.464877 0.256361 0.140677 0.077140 0.042269 0.023124 0.012696 0.006968 0.003832 0.002113 0.001168 0.000648 0.000360 0.000201 0.000112 0.000063 0.000035 0.000020 0.000011 0.000006 0.000004 0.000002 0.000001 0.000001 0.000000 0.000000 0.000000 0.000000 0.000000 0.000000 0.000000 0.000000 0.000000 0.000000 0.000000 0.000000 0.000000 0.000000 0.000000 0.000000 0.000000 0.000000 0.000000 0.000000
2.181357 2.778829 3.514233 4.401260 5.440899 6.607672 7.823926 8.939190 9.741482 10.022474 9.607080 8.456905 6.811918 5.043115 3.467277 2.244131 1.386917 0.828480 0.482766 0.276436 0.156258 0.087476 0.048760 0.027133 0.015045 0.008337 0.004622 0.002566 0.001426 0.000795 0.000444 0.000248 0.000139 0.000078 0.000044 0.000025 0.000014 0.000008 0.000005 0.000003 0.000001 0.000001 0.000000 0.000000 0.000000 0.000000 0.000000 0.000000 0.000000 0.000000 0.000000 0.000000 0.000000 0.000000 0.000000 0.000000 0.000000 0.000000 0.000000 0.000000 0.000000 0.000000 0.000000
1.316332 1.651634 2.053106 2.521474 3.048104 3.607260 4.147910 4.594721 4.860706 4.880447 4.593832 4.014524 3.249198 2.444781 1.724095 1.150466 0.733971 0.452077 0.271063 0.159270 0.092177 0.052753 0.029950 0.016910 0.009514 0.005342 0.002996 0.001681 0.000943 0.000530 0.000298 0.000168 0.000095 0.000054 0.000030 0.000017 0.000010 0.000006 0.000003 0.000002 0.000001 0.000001 0.000000 0.000000 0.000000 0.000000 0.000000 0.000000 0.000000 0.000000 0.000000 0.000000 0.000000 0.000000 0.000000 0.000000 0.000000 0.000000 0.000000 0.000000 0.000000 0.000000 0.000000
0.776172 0.958400 1.170318 1.409072 1.665978 1.923357 2.154055 2.324145 2.401831 2.364405 2.194132 1.907201 1.549446 1.181381 0.850320 0.581812 0.381418 0.241447 0.148631 0.089508 0.052992 0.030965 0.017916 0.010290 0.005880 0.003347 0.001901 0.001079 0.000612 0.000347 0.000197 0.000112 0.000064 0.000036 0.000021 0.000012 0.000007 0.000004 0.000002 0.000001 0.000001 0.000000 0.000000 0.000000 0.000000 0.000000 0.000000 0.000000 0.000000 0.000000 0.000000 0.000000 0.000000 0.000000 0.000000 0.000000 0.000000 0.000000 0.000000 0.000000 0.000000 0.000000 0.000000
0.448632 0.544971 0.653679 0.771778 0.893088 1.007682 1.102517 1.163405 1.179778 1.142491 1.048394 0.907499 0.739860 0.570291 0.417423 0.291663 0.195729 0.126947 0.080049 0.049335 0.029852 0.017802 0.010495 0.006133 0.003560 0.002056 0.001184 0.000680 0.000390 0.000223 0.000128 0.000073 0.000042 0.000024 0.000014 0.000008 0.000005 0.000003 0.000002 0.000001 0.000001 0.000000 0.000000 0.000000 0.000000 0.000000 0.000000 0.000000 0.000000 0.000000 0.000000 0.000000 0.000000 0.000000 0.000000 0.000000 0.000000 0.000000 0.000000 0.000000 0.000000 0.000000 0.000000
0.254945 0.304682 0.359089 0.415978 0.471695 0.521232 0.558716 0.578672 0.577508 0.551682 0.501706 0.432907 0.354066 0.275429 0.204457 0.145423 0.099586 0.065993 0.042531 0.026780 0.016542 0.010060 0.006041 0.003591 0.002118 0.001241 0.000724 0.000421 0.000244 0.000141 0.000082 0.000047 0.000027 0.000016 0.000009 0.000005 0.000003 0.000002 0.000001 0.000001 0.000000 0.000000 0.000000 0.000000 0.000000 0.000000 0.000000 0.000000 0.000000 0.000000 0.000000 0.000000 0.000000 0.000000 0.000000 0.000000 0.000000 0.000000 0.000000 0.000000 0.000000 0.000000 0.000000
