validation/tavurvur/reference_data/model_output/tavurvur.26h.thickness.asc
ncols 150
nrows 150
xllcorner 397339.0
yllcorner 9516206.0
cellsize 201.0
NODATA_value -9999
[rows 56 to 83 of 150, columns 0 to 62 of 150]
0.000537 0.000584 0.000671 0.000795 0.000957 0.001162 0.001416 0.001733 0.002121 0.002600 0.003199 0.003928 0.004833 0.005941 0.007312 0.009006 0.011097 0.013692 0.016896 0.020868 0.025795 0.031907 0.039497 0.048924 0.060637 0.075204 0.093326 0.115877 0.143950 0.178831 0.222339 0.276443 0.343355 0.427256 0.531753 0.661284 0.822534 1.021759 1.271387 1.579162 1.957093 2.422707 2.996450 3.699756 4.561110 5.595252 6.838091 8.330781 10.112719 12.223961 14.702619 17.583445 20.891462 24.638582 28.833792 33.437077 38.413555 43.704292 49.111748 54.521481 59.723198 64.462135 68.498085
0.000433 0.000471 0.000542 0.000643 0.000775 0.000942 0.001150 0.001405 0.001721 0.002112 0.002599 0.003193 0.003932 0.004839 0.005960 0.007342 0.009053 0.011182 0.013816 0.017084 0.021152 0.026192 0.032478 0.040299 0.050012 0.062140 0.077254 0.096102 0.119640 0.149051 0.185698 0.231501 0.288748 0.360145 0.449571 0.560478 0.699142 0.871396 1.087553 1.356590 1.688544 2.101410 2.611247 3.239965 4.015896 4.957453 6.096189 7.476752 9.141770 11.134485 13.499561 16.280935 19.518085 23.237339 27.449825 32.160210 37.320423 42.892700 48.730907 54.690006 60.596886 66.211182 71.057831
0.000348 0.000379 0.000436 0.000518 0.000625 0.000759 0.000928 0.001134 0.001391 0.001708 0.002103 0.002585 0.003185 0.003922 0.004835 0.005962 0.007359 0.009098 0.011252 0.013929 0.017264 0.021404 0.026574 0.033020 0.041043 0.051078 0.063607 0.079265 0.098870 0.123427 0.154116 0.192585 0.240767 0.301126 0.377006 0.471521 0.590088 0.737931 0.924034 1.156718 1.445627 1.806894 2.255839 2.813486 3.505313 4.351089 5.383307 6.646271 8.183553 10.041598 12.270515 14.921987 18.046232 21.687662 25.873230 30.614933 35.901184 41.698341 47.910488 54.381569 60.960678 67.392929 73.185524
0.000279 0.000304 0.000350 0.000415 0.000500 0.000610 0.000745 0.000913 0.001118 0.001378 0.001695 0.002085 0.002569 0.003165 0.003904 0.004817 0.005951 0.007363 0.009117 0.011295 0.014013 0.017391 0.021614 0.026890 0.033480 0.041736 0.052051 0.064945 0.081158 0.101497 0.126969 0.159114 0.199195 0.249942 0.313771 0.393937 0.494463 0.620660 0.779088 0.977420 1.226312 1.539526 1.930268 2.422737 3.032558 3.782604 4.707194 5.849106 7.251066 8.961746 11.035266 13.529659 16.504574 20.017357 24.116888 28.830130 34.177059 40.119411 46.621078 53.545963 60.750580 67.988564 74.799332
0.000223 0.000242 0.000279 0.000332 0.000400 0.000487 0.000596 0.000730 0.000896 0.001104 0.001359 0.001672 0.002060 0.002540 0.003137 0.003874 0.004791 0.005931 0.007352 0.009117 0.011314 0.014062 0.017494 0.021791 0.027157 0.033895 0.042333 0.052898 0.066246 0.082952 0.103931 0.130568 0.163891 0.205663 0.258895 0.326251 0.410564 0.517310 0.650613 0.819468 1.031482 1.304100 1.640401 2.066907 2.596664 3.254831 4.074453 5.094225 6.356592 7.911076 9.814155 12.128542 14.921370 18.261408 22.214571 26.834152 32.148457 38.171711 44.859447 52.143414 59.894238 67.887405 75.725319
0.000177 0.000193 0.000222 0.000264 0.000319 0.000388 0.000474 0.000582 0.000714 0.000880 0.001083 0.001334 0.001643 0.002032 0.002508 0.003097 0.003838 0.004755 0.005896 0.007317 0.009091 0.011305 0.014082 0.017552 0.021906 0.027375 0.034237 0.042832 0.053717 0.067339 0.084535 0.106427 0.133841 0.168373 0.212427 0.268252 0.338265 0.427703 0.540123 0.682494 0.862654 1.092003 1.378469 1.742650 2.201110 2.772367 3.489986 4.389157 5.511027 6.904581 8.627006 10.743633 13.327030 16.454988 20.206894 24.658091 29.866682 35.863491 42.644077 50.196644 58.348732 67.013107 75.757637
0.000140 0.000153 0.000176 0.000209 0.000252 0.000307 0.000376 0.000461 0.000567 0.000698 0.000859 0.001058 0.001309 0.001617 0.001995 0.002469 0.003058 0.003791 0.004706 0.005843 0.007266 0.009041 0.011269 0.014060 0.017555 0.021969 0.027512 0.034490 0.043260 0.054347 0.068281 0.086152 0.108522 0.136772 0.172903 0.218760 0.276572 0.350410 0.443864 0.562337 0.714913 0.907519 1.149282 1.457785 1.846191 2.336712 2.957211 3.739743 4.723384 5.955360 7.491942 9.399014 11.752098 14.635248 18.138699 22.354120 27.368149 33.244068 40.006611 47.658112 56.134148 65.326279 74.876694
0.000111 0.000121 0.000139 0.000165 0.000199 0.000243 0.000297 0.000364 0.000448 0.000551 0.000681 0.000839 0.001037 0.001281 0.001581 0.001959 0.002425 0.003007 0.003737 0.004642 0.005775 0.007191 0.008971 0.011200 0.013994 0.017510 0.021956 0.027593 0.034627 0.043573 0.054819 0.069238 0.087321 0.110239 0.139615 0.176890 0.224434 0.284829 0.361996 0.460746 0.585976 0.745340 0.946981 1.205069 1.532238 1.948589 2.478085 3.150003 4.000553 5.074148 6.424672 8.116609 10.225835 12.839639 16.055569 19.978464 24.710821 30.359821 36.957390 44.609165 53.285744 62.837975 73.086182
0.000087 0.000095 0.000109 0.000130 0.000157 0.000191 0.000234 0.000287 0.000353 0.000434 0.000536 0.000661 0.000817 0.001008 0.001248 0.001545 0.001912 0.002375 0.002952 0.003669 0.004565 0.005687 0.007103 0.008874 0.011082 0.013891 0.017432 0.021911 0.027564 0.034683 0.043692 0.055227 0.069806 0.088209 0.111900 0.141975 0.180468 0.229914 0.293027 0.373039 0.475642 0.606104 0.772548 0.985931 1.258484 1.607245 2.053053 2.622092 3.347145 4.268983 5.437883 6.915182 8.774701 11.103792 14.003514 17.587498 21.978516 27.301880 33.654583 41.157646 49.802635 59.547256 70.286461
0.000068 0.000074 0.000086 0.000102 0.000123 0.000150 0.000183 0.000225 0.000277 0.000340 0.000420 0.000518 0.000641 0.000791 0.000980 0.001213 0.001502 0.001867 0.002320 0.002884 0.003587 0.004475 0.005592 0.006991 0.008741 0.010948 0.013750 0.017308 0.021786 0.027421 0.034585 0.043747 0.055424 0.070069 0.089015 0.113124 0.144111 0.183933 0.234577 0.299251 0.381951 0.487965 0.623778 0.798330 1.022654 1.310927 1.681188 2.156360 2.765466 3.545065 4.540895 5.809704 7.421160 9.459676 12.025766 15.236526 19.224255 24.132729 30.099586 37.272732 45.728821 55.487503 66.443085
0.000053 0.000058 0.000067 0.000079 0.000096 0.000117 0.000143 0.000176 0.000216 0.000266 0.000328 0.000405 0.000501 0.000618 0.000766 0.000948 0.001174 0.001460 0.001814 0.002256 0.002807 0.003503 0.004379 0.005477 0.006851 0.008584 0.010786 0.013580 0.017108 0.021551 0.027195 0.034426 0.043659 0.055258 0.070274 0.089403 0.114003 0.145626 0.185935 0.237563 0.303786 0.388974 0.498490 0.639755 0.821984 1.057085 1.360376 1.751508 2.255621 2.904740 3.739452 4.810864 6.182807 7.934193 10.161302 12.979628 16.524561 20.950268 26.416603 33.110130 41.182972 50.719509 61.715805
0.000041 0.000045 0.000052 0.000062 0.000075 0.000091 0.000111 0.000137 0.000168 0.000207 0.000255 0.000314 0.000389 0.000481 0.000595 0.000737 0.000913 0.001133 0.001411 0.001755 0.002183 0.002726 0.003406 0.004263 0.005336 0.006691 0.008408 0.010571 0.013330 0.016831 0.021229 0.026861 0.034098 0.043243 0.055032 0.070083 0.089491 0.114335 0.146103 0.186953 0.239405 0.307055 0.394343 0.507258 0.653376 0.842542 1.087516 1.404807 1.815716 2.347656 3.035764 3.924859 5.071761 6.547938 8.442397 10.864565 13.946745 17.845589 22.734982 28.822311 36.307003 45.375637 56.106911
0.000032 0.000035 0.000040 0.000048 0.000058 0.000070 0.000086 0.000106 0.000130 0.000160 0.000197 0.000243 0.000301 0.000372 0.000460 0.000570 0.000706 0.000877 0.001091 0.001357 0.001689 0.002109 0.002634 0.003298 0.004132 0.005176 0.006506 0.008191 0.010306 0.013026 0.016478 0.020820 0.026428 0.033536 0.042704 0.054455 0.069558 0.088962 0.113859 0.145725 0.186900 0.239994 0.308749 0.397881 0.513523 0.663673 0.858760 1.112365 1.442155 1.871054 2.428740 3.153490 4.094462 5.314411 6.892866 8.929651 11.548509 14.900534 19.162497 24.553118 31.299128 39.641388 49.806744
0.000025 0.000027 0.000031 0.000037 0.000044 0.000054 0.000066 0.000081 0.000100 0.000123 0.000152 0.000187 0.000232 0.000286 0.000354 0.000438 0.000543 0.000675 0.000839 0.001044 0.001300 0.001623 0.002026 0.002535 0.003177 0.003984 0.005007 0.006297 0.007930 0.010013 0.012681 0.016011 0.020303 0.025849 0.032915 0.042032 0.053636 0.068589 0.087867 0.112538 0.144394 0.185735 0.239224 0.308702 0.399032 0.516592 0.669742 0.869432 1.129994 1.470161 1.914387 2.494511 3.251867 4.239892 5.527315 7.201919 9.374804 12.185143 15.796436 20.437399 26.341444 33.771759 43.046833
0.000019 0.000021 0.000024 0.000028 0.000034 0.000042 0.000051 0.000062 0.000077 0.000094 0.000116 0.000144 0.000177 0.000219 0.000271 0.000335 0.000416 0.000517 0.000643 0.000799 0.000995 0.001241 0.001549 0.001939 0.002430 0.003045 0.003826 0.004813 0.006071 0.007654 0.009692 0.012242 0.015497 0.019739 0.025132 0.032101 0.041016 0.052447 0.067186 0.086091 0.110546 0.142298 0.183416 0.236896 0.306532 0.397318 0.515828 0.670708 0.873335 1.138668 1.486362 1.942207 2.539984 3.323822 4.351168 5.696470 7.455624 9.751533 12.730440 16.610422 21.608370 28.020657 36.151497
0.000014 0.000016 0.000018 0.000022 0.000026 0.000032 0.000039 0.000048 0.000059 0.000072 0.000089 0.000109 0.000135 0.000167 0.000207 0.000256 0.000317 0.000394 0.000489 0.000608 0.000757 0.000943 0.001177 0.001474 0.001847 0.002314 0.002907 0.003651 0.004608 0.005812 0.007351 0.009290 0.011768 0.014978 0.019065 0.024350 0.031149 0.039777 0.050910 0.065259 0.083819 0.107913 0.139147 0.179806 0.232785 0.301934 0.392322 0.510639 0.665720 0.869234 1.136594 1.488144 1.950715 2.559644 3.361369 4.416761 5.805317 7.630454 10.025965 13.158412 17.251299 22.567774 29.426252
0.000011 0.000012 0.000014 0.000016 0.000020 0.000024 0.000030 0.000036 0.000045 0.000055 0.000067 0.000083 0.000103 0.000127 0.000156 0.000194 0.000241 0.000298 0.000370 0.000460 0.000573 0.000714 0.000891 0.001114 0.001395 0.001748 0.002194 0.002756 0.003474 0.004382 0.005541 0.006989 0.008867 0.011278 0.014344 0.018323 0.023377 0.029852 0.038250 0.049011 0.062934 0.080991 0.104428 0.134990 0.174763 0.226709 0.294660 0.383683 0.500493 0.653983 0.855944 1.122004 1.472876 1.935997 2.547672 3.355872 4.423844 5.834717 7.697275 10.152230 13.381207 17.633686 23.184969
0.000008 0.000009 0.000010 0.000012 0.000015 0.000018 0.000022 0.000027 0.000034 0.000041 0.000051 0.000063 0.000077 0.000096 0.000118 0.000146 0.000181 0.000225 0.000279 0.000346 0.000431 0.000537 0.000670 0.000838 0.001046 0.001312 0.001646 0.002065 0.002602 0.003279 0.004148 0.005235 0.006629 0.008432 0.010712 0.013665 0.017370 0.022228 0.028448 0.036476 0.046811 0.060207 0.077589 0.100236 0.129710 0.168202 0.218555 0.284531 0.371122 0.484953 0.634824 0.832425 1.093301 1.438110 1.894310 2.498358 3.298612 4.359087 5.764362 7.623943 10.087515 13.348645 17.657471
0.000006 0.000007 0.000008 0.000009 0.000011 0.000014 0.000017 0.000021 0.000025 0.000031 0.000038 0.000047 0.000058 0.000072 0.000089 0.000110 0.000136 0.000168 0.000209 0.000260 0.000323 0.000402 0.000501 0.000626 0.000782 0.000979 0.001227 0.001538 0.001937 0.002439 0.003083 0.003887 0.004917 0.006248 0.007928 0.010103 0.012833 0.016414 0.020991 0.026892 0.034482 0.044308 0.057045 0.073624 0.095184 0.123322 0.160104 0.208270 0.271452 0.354471 0.463737 0.607770 0.797909 1.049248 1.381876 1.822531 2.406779 3.181871 4.210563 5.574573 7.386150 9.792761 12.986307
0.000005 0.000005 0.000006 0.000007 0.000009 0.000010 0.000013 0.000016 0.000019 0.000023 0.000029 0.000035 0.000044 0.000054 0.000066 0.000082 0.000102 0.000126 0.000156 0.000193 0.000240 0.000299 0.000372 0.000465 0.000580 0.000725 0.000909 0.001138 0.001431 0.001800 0.002273 0.002863 0.003620 0.004594 0.005821 0.007410 0.009394 0.012005 0.015341 0.019621 0.025163 0.032279 0.041517 0.053499 0.069069 0.089361 0.115854 0.150498 0.195882 0.255437 0.333718 0.436777 0.572658 0.752062 0.989220 1.303064 1.718761 2.269747 3.000403 3.969498 5.252645 6.958432 9.219573
0.000004 0.000004 0.000004 0.000005 0.000006 0.000008 0.000009 0.000012 0.000014 0.000017 0.000021 0.000026 0.000032 0.000040 0.000049 0.000061 0.000076 0.000093 0.000115 0.000143 0.000178 0.000221 0.000275 0.000344 0.000429 0.000535 0.000669 0.000836 0.001050 0.001320 0.001665 0.002094 0.002645 0.003349 0.004238 0.005390 0.006824 0.008702 0.011096 0.014180 0.018170 0.023269 0.029907 0.038468 0.049567 0.064008 0.082825 0.107383 0.139484 0.181516 0.236642 0.309050 0.404295 0.529741 0.695154 0.913480 1.201867 1.583005 2.086854 2.752953 3.631140 4.794112 6.327871
0.000003 0.000003 0.000003 0.000004 0.000005 0.000006 0.000007 0.000009 0.000011 0.000013 0.000016 0.000020 0.000024 0.000030 0.000037 0.000045 0.000056 0.000069 0.000085 0.000106 0.000131 0.000163 0.000202 0.000252 0.000314 0.000392 0.000490 0.000612 0.000766 0.000963 0.001210 0.001522 0.001919 0.002426 0.003064 0.003885 0.004914 0.006252 0.007956 0.010168 0.012994 0.016609 0.021328 0.027371 0.035185 0.045328 0.058513 0.075673 0.098039 0.127236 0.165407 0.215382 0.280892 0.366862 0.479788 0.628226 0.823437 1.080203 1.417874 1.861721 2.443087 3.207607 4.206674
0.000002 0.000002 0.000002 0.000003 0.000004 0.000004 0.000005 0.000006 0.000008 0.000010 0.000012 0.000014 0.000018 0.000022 0.000027 0.000033 0.000041 0.000051 0.000063 0.000077 0.000096 0.000119 0.000148 0.000184 0.000229 0.000285 0.000356 0.000445 0.000556 0.000697 0.000874 0.001098 0.001382 0.001743 0.002198 0.002783 0.003511 0.004453 0.005670 0.007221 0.009209 0.011743 0.015052 0.019269 0.024709 0.031742 0.040857 0.052684 0.068041 0.088010 0.114011 0.147908 0.192146 0.249926 0.325437 0.424151 0.553199 0.721841 0.942042 1.229200 1.602331 2.087427 2.714383
0.000001 0.000002 0.000002 0.000002 0.000003 0.000003 0.000004 0.000005 0.000006 0.000007 0.000009 0.000011 0.000013 0.000016 0.000020 0.000024 0.000030 0.000037 0.000046 0.000056 0.000070 0.000086 0.000107 0.000133 0.000166 0.000206 0.000257 0.000321 0.000400 0.000501 0.000627 0.000787 0.000988 0.001244 0.001567 0.001979 0.002495 0.003160 0.004008 0.005092 0.006474 0.008232 0.010517 0.013430 0.017162 0.021978 0.028195 0.036238 0.046645 0.060098 0.077531 0.100140 0.129487 0.167598 0.217094 0.281364 0.364766 0.472881 0.612798 0.793450 1.025940 1.323787 1.702865
0.000001 0.000001 0.000001 0.000002 0.000002 0.000002 0.000003 0.000003 0.000004 0.000005 0.000006 0.000008 0.000010 0.000012 0.000014 0.000018 0.000022 0.000027 0.000033 0.000041 0.000051 0.000063 0.000078 0.000096 0.000120 0.000148 0.000184 0.000230 0.000287 0.000358 0.000448 0.000560 0.000702 0.000883 0.001109 0.001400 0.001760 0.002225 0.002812 0.003562 0.004515 0.005723 0.007278 0.009267 0.011799 0.015049 0.019236 0.024626 0.031590 0.040517 0.052048 0.066882 0.086021 0.110709 0.142542 0.183550 0.236309 0.304056 0.390816 0.501528 0.642128 0.819550 1.041552
0.000001 0.000001 0.000001 0.000001 0.000001 0.000002 0.000002 0.000003 0.000003 0.000004 0.000005 0.000006 0.000007 0.000009 0.000010 0.000013 0.000016 0.000019 0.000024 0.000030 0.000036 0.000045 0.000056 0.000069 0.000086 0.000106 0.000132 0.000164 0.000204 0.000254 0.000317 0.000396 0.000496 0.000623 0.000780 0.000979 0.001233 0.001553 0.001955 0.002470 0.003119 0.003940 0.004989 0.006332 0.008031 0.010200 0.012975 0.016550 0.021153 0.026995 0.034510 0.044093 0.056372 0.072094 0.092200 0.117872 0.150581 0.192136 0.244728 0.310965 0.393855 0.496737 0.623089
0.000001 0.000001 0.000001 0.000001 0.000001 0.000001 0.000002 0.000002 0.000002 0.000003 0.000003 0.000004 0.000005 0.000006 0.000008 0.000009 0.000011 0.000014 0.000017 0.000021 0.000026 0.000032 0.000040 0.000049 0.000061 0.000075 0.000093 0.000116 0.000144 0.000180 0.000224 0.000279 0.000348 0.000436 0.000544 0.000681 0.000855 0.001074 0.001348 0.001697 0.002135 0.002688 0.003391 0.004287 0.005415 0.006849 0.008675 0.011015 0.014008 0.017784 0.022610 0.028714 0.036470 0.046319 0.058804 0.074591 0.094492 0.119481 0.150705 0.189474 0.237229 0.295464 0.365578
0.000000 0.000000 0.000001 0.000001 0.000001 0.000001 0.000001 0.000001 0.000002 0.000002 0.000002 0.000003 0.000004 0.000004 0.000005 0.000007 0.000008 0.000010 0.000012 0.000015 0.000019 0.000023 0.000028 0.000035 0.000043 0.000053 0.000066 0.000082 0.000101 0.000126 0.000156 0.000194 0.000242 0.000303 0.000377 0.000470 0.000589 0.000737 0.000922 0.001157 0.001450 0.001818 0.002287 0.002875 0.003616 0.004553 0.005732 0.007253 0.009158 0.011567 0.014631 0.018487 0.023310 0.029387 0.037016 0.046563 0.058462 0.073219 0.091406 0.113652 0.140602 0.172864 0.210913
