validation/guntur/reference_data/model_output/guntur1840.05h.depthick.asc
ncols 151
nrows 151
xllcorner 713742.526667
yllcorner 9105410.526667
cellsize 1350.946667
NODATA_value -9999
[rows 92 to 114 of 151, columns 0 to 51 of 151]
0.840487E-14 0.178758E-13 0.343856E-13 0.665656E-13 0.128510E-12 0.247795E-12 0.476906E-12 0.915217E-12 0.175405E-11 0.335489E-11 0.638926E-11 0.121673E-10 0.231193E-10 0.437846E-10 0.828235E-10 0.156108E-09 0.293571E-09 0.551464E-09 0.103346E-08 0.192334E-08 0.356955E-08 0.662137E-08 0.122368E-07 0.225747E-07 0.414614E-07 0.758792E-07 0.137810E-06 0.250215E-06 0.454011E-06 0.817050E-06 0.145945E-05 0.260758E-05 0.463215E-05 0.822640E-05 0.144710E-04 0.253167E-04 0.442683E-04 0.765934E-04 0.131674E-03 0.225550E-03 0.383716E-03 0.642951E-03 0.107253E-02 0.176900E-02 0.288459E-02 0.466157E-02 0.749516E-02 0.119242E-01 0.186239E-01 0.285018E-01 0.429175E-01 0.626319E-01
0.222991E-13 0.471840E-13 0.901718E-13 0.173772E-12 0.333843E-12 0.640059E-12 0.122549E-11 0.233701E-11 0.444861E-11 0.846463E-11 0.160476E-10 0.303061E-10 0.571695E-10 0.107741E-09 0.202210E-09 0.377934E-09 0.704575E-09 0.131102E-08 0.243954E-08 0.451385E-08 0.830632E-08 0.152420E-07 0.279140E-07 0.509736E-07 0.925722E-07 0.167746E-06 0.302005E-06 0.540928E-06 0.968841E-06 0.172550E-05 0.304707E-05 0.537322E-05 0.941916E-05 0.164311E-04 0.285112E-04 0.489740E-04 0.837784E-04 0.142804E-03 0.240374E-03 0.402339E-03 0.669502E-03 0.109870E-02 0.178721E-02 0.287598E-02 0.456652E-02 0.716079E-02 0.111445E-01 0.171533E-01 0.259538E-01 0.383555E-01 0.555899E-01 0.770696E-01
0.577935E-13 0.121771E-12 0.231487E-12 0.443756E-12 0.847931E-12 0.161579E-11 0.307434E-11 0.583914E-11 0.110347E-10 0.208390E-10 0.392865E-10 0.738000E-10 0.138024E-09 0.258164E-09 0.481469E-09 0.893901E-09 0.165059E-08 0.304154E-08 0.560711E-08 0.102920E-07 0.187896E-07 0.341868E-07 0.619348E-07 0.111918E-06 0.200786E-06 0.359764E-06 0.642139E-06 0.113735E-05 0.200846E-05 0.353009E-05 0.616531E-05 0.107023E-04 0.184738E-04 0.316014E-04 0.540496E-04 0.913402E-04 0.153260E-03 0.254811E-03 0.420548E-03 0.686325E-03 0.111536E-02 0.179253E-02 0.285124E-02 0.447831E-02 0.692545E-02 0.105948E-01 0.159845E-01 0.236694E-01 0.344731E-01 0.488980E-01 0.673697E-01 0.874357E-01
0.146919E-12 0.307797E-12 0.581937E-12 0.110836E-11 0.210615E-11 0.399388E-11 0.754678E-11 0.142401E-10 0.267638E-10 0.501207E-10 0.937793E-10 0.174913E-09 0.324960E-09 0.601990E-09 0.111532E-08 0.205482E-08 0.377090E-08 0.688377E-08 0.125438E-07 0.228525E-07 0.413212E-07 0.745138E-07 0.133571E-06 0.238722E-06 0.424264E-06 0.750485E-06 0.132388E-05 0.232040E-05 0.404100E-05 0.699340E-05 0.120560E-04 0.206063E-04 0.349562E-04 0.587363E-04 0.983761E-04 0.163622E-03 0.270068E-03 0.439709E-03 0.710580E-03 0.113236E-02 0.179649E-02 0.280985E-02 0.435120E-02 0.665685E-02 0.100098E-01 0.149540E-01 0.218520E-01 0.312195E-01 0.435667E-01 0.585544E-01 0.748018E-01 0.910877E-01
0.365104E-12 0.760597E-12 0.142998E-11 0.270953E-11 0.511506E-11 0.963677E-11 0.181042E-10 0.339319E-10 0.633605E-10 0.117920E-09 0.218829E-09 0.405268E-09 0.747569E-09 0.137287E-08 0.251988E-08 0.461009E-08 0.838240E-08 0.151981E-07 0.274205E-07 0.493876E-07 0.885586E-07 0.158064E-06 0.280624E-06 0.495143E-06 0.870158E-06 0.152065E-05 0.264509E-05 0.457684E-05 0.786615E-05 0.134232E-04 0.227469E-04 0.383694E-04 0.640469E-04 0.105815E-03 0.173954E-03 0.283742E-03 0.458603E-03 0.732475E-03 0.116145E-02 0.181618E-02 0.279530E-02 0.426321E-02 0.644849E-02 0.957437E-02 0.139648E-01 0.201212E-01 0.284878E-01 0.390939E-01 0.513699E-01 0.648128E-01 0.778798E-01 0.898171E-01
0.889776E-12 0.184252E-11 0.344198E-11 0.648183E-11 0.121619E-10 0.227586E-10 0.424522E-10 0.789850E-10 0.146518E-09 0.270751E-09 0.498865E-09 0.916344E-09 0.167822E-08 0.306083E-08 0.556264E-08 0.100819E-07 0.181881E-07 0.326687E-07 0.584514E-07 0.104109E-06 0.184753E-06 0.326026E-06 0.572161E-06 0.999673E-06 0.173651E-05 0.299461E-05 0.513878E-05 0.875060E-05 0.148231E-04 0.249503E-04 0.417014E-04 0.691627E-04 0.113632E-03 0.184578E-03 0.298150E-03 0.477065E-03 0.755210E-03 0.118238E-02 0.182582E-02 0.279601E-02 0.420619E-02 0.623707E-02 0.913684E-02 0.131666E-01 0.186305E-01 0.260033E-01 0.353045E-01 0.454989E-01 0.562089E-01 0.668443E-01 0.769532E-01 0.854377E-01
0.212308E-11 0.437277E-11 0.811938E-11 0.151906E-10 0.283060E-10 0.526157E-10 0.974847E-10 0.179959E-09 0.331369E-09 0.608017E-09 0.111172E-08 0.202582E-08 0.367766E-08 0.664999E-08 0.119865E-07 0.215177E-07 0.384657E-07 0.684038E-07 0.121196E-06 0.213683E-06 0.375132E-06 0.654394E-06 0.113513E-05 0.195638E-05 0.335679E-05 0.572134E-05 0.968287E-05 0.162770E-04 0.271594E-04 0.450426E-04 0.741939E-04 0.121058E-03 0.195293E-03 0.312030E-03 0.493876E-03 0.774364E-03 0.119985E-02 0.184128E-02 0.278167E-02 0.415184E-02 0.608036E-02 0.876837E-02 0.124553E-01 0.174100E-01 0.240563E-01 0.319766E-01 0.403845E-01 0.492601E-01 0.578651E-01 0.658621E-01 0.725158E-01 0.766213E-01
0.496840E-11 0.101669E-10 0.187524E-10 0.348493E-10 0.644893E-10 0.118986E-09 0.218870E-09 0.401224E-09 0.732964E-09 0.133440E-08 0.242038E-08 0.437396E-08 0.787668E-08 0.141205E-07 0.252065E-07 0.448111E-07 0.793073E-07 0.139642E-06 0.245037E-06 0.427448E-06 0.741476E-06 0.127898E-05 0.219004E-05 0.372940E-05 0.631706E-05 0.106282E-04 0.177552E-04 0.294463E-04 0.484176E-04 0.789820E-04 0.127738E-03 0.204835E-03 0.325340E-03 0.510800E-03 0.792369E-03 0.121944E-02 0.184724E-02 0.276149E-02 0.407397E-02 0.592287E-02 0.844859E-02 0.118449E-01 0.163889E-01 0.221496E-01 0.288257E-01 0.361012E-01 0.433491E-01 0.504457E-01 0.570366E-01 0.622203E-01 0.652874E-01 0.654079E-01
0.113900E-10 0.231539E-10 0.424159E-10 0.782899E-10 0.143865E-09 0.263539E-09 0.481110E-09 0.875172E-09 0.158622E-08 0.286420E-08 0.515162E-08 0.923003E-08 0.164700E-07 0.292606E-07 0.517414E-07 0.910736E-07 0.159588E-06 0.278140E-06 0.482481E-06 0.832395E-06 0.142682E-05 0.243085E-05 0.411635E-05 0.692022E-05 0.115672E-04 0.191932E-04 0.316054E-04 0.516536E-04 0.836685E-04 0.134331E-03 0.213685E-03 0.336364E-03 0.524857E-03 0.808855E-03 0.122960E-02 0.185131E-02 0.274388E-02 0.400518E-02 0.576171E-02 0.814202E-02 0.112922E-01 0.153788E-01 0.205331E-01 0.263228E-01 0.323248E-01 0.383311E-01 0.442531E-01 0.495879E-01 0.539039E-01 0.561791E-01 0.557103E-01 0.529348E-01
0.255857E-10 0.516586E-10 0.939687E-10 0.172222E-09 0.314171E-09 0.571192E-09 0.103469E-08 0.186729E-08 0.335691E-08 0.601095E-08 0.107194E-07 0.190356E-07 0.336535E-07 0.592207E-07 0.103713E-06 0.180745E-06 0.313365E-06 0.540350E-06 0.926570E-06 0.157980E-05 0.267693E-05 0.450563E-05 0.753338E-05 0.125103E-04 0.206207E-04 0.337434E-04 0.547415E-04 0.880722E-04 0.140568E-03 0.221900E-03 0.347291E-03 0.537024E-03 0.821183E-03 0.123952E-02 0.184790E-02 0.271642E-02 0.393629E-02 0.560652E-02 0.785661E-02 0.108051E-01 0.145124E-01 0.191610E-01 0.241341E-01 0.292125E-01 0.342963E-01 0.391005E-01 0.434334E-01 0.469404E-01 0.486216E-01 0.480547E-01 0.454357E-01 0.405396E-01
0.563247E-10 0.112924E-09 0.203918E-09 0.371006E-09 0.671691E-09 0.121174E-08 0.217756E-08 0.389778E-08 0.694856E-08 0.123352E-07 0.218025E-07 0.383620E-07 0.671811E-07 0.117076E-06 0.203000E-06 0.350142E-06 0.600624E-06 0.102443E-05 0.173693E-05 0.292666E-05 0.489869E-05 0.814314E-05 0.134427E-04 0.220256E-04 0.358091E-04 0.577354E-04 0.922966E-04 0.146206E-03 0.229395E-03 0.356269E-03 0.547407E-03 0.831091E-03 0.124615E-02 0.184279E-02 0.268822E-02 0.386154E-02 0.546254E-02 0.758080E-02 0.103219E-01 0.137773E-01 0.178982E-01 0.223310E-01 0.267531E-01 0.309689E-01 0.348781E-01 0.383731E-01 0.412249E-01 0.423181E-01 0.417076E-01 0.392198E-01 0.349918E-01 0.296349E-01
0.121529E-09 0.241885E-09 0.433511E-09 0.782782E-09 0.140618E-08 0.251654E-08 0.448538E-08 0.796131E-08 0.140702E-07 0.247559E-07 0.433562E-07 0.755688E-07 0.131060E-06 0.226132E-06 0.388085E-06 0.662326E-06 0.112380E-05 0.189531E-05 0.317630E-05 0.528784E-05 0.874213E-05 0.143494E-04 0.233771E-04 0.377831E-04 0.605605E-04 0.962194E-04 0.151471E-03 0.236112E-03 0.364259E-03 0.555944E-03 0.838342E-03 0.124872E-02 0.183493E-02 0.265781E-02 0.378933E-02 0.531632E-02 0.732551E-02 0.990030E-02 0.130930E-01 0.168237E-01 0.206810E-01 0.244903E-01 0.281406E-01 0.314043E-01 0.342920E-01 0.363632E-01 0.372689E-01 0.366027E-01 0.341760E-01 0.305047E-01 0.256637E-01 0.208801E-01
0.257039E-09 0.507767E-09 0.902985E-09 0.161786E-08 0.288306E-08 0.511735E-08 0.904426E-08 0.159145E-07 0.278763E-07 0.485998E-07 0.843172E-07 0.145546E-06 0.249925E-06 0.426828E-06 0.724834E-06 0.122367E-05 0.205315E-05 0.342291E-05 0.566841E-05 0.932146E-05 0.152172E-04 0.246535E-04 0.396227E-04 0.631464E-04 0.997479E-04 0.156098E-03 0.241883E-03 0.370911E-03 0.562519E-03 0.843115E-03 0.124771E-02 0.182187E-02 0.262179E-02 0.371465E-02 0.517559E-02 0.708326E-02 0.950231E-02 0.124811E-01 0.158621E-01 0.192959E-01 0.226462E-01 0.257268E-01 0.284009E-01 0.306980E-01 0.324307E-01 0.330591E-01 0.321816E-01 0.300875E-01 0.266965E-01 0.226288E-01 0.182811E-01 0.142686E-01
0.532992E-09 0.104478E-08 0.184319E-08 0.327612E-08 0.579017E-08 0.101909E-07 0.178556E-07 0.311405E-07 0.540501E-07 0.933502E-07 0.160400E-06 0.274145E-06 0.465970E-06 0.787489E-06 0.132293E-05 0.220866E-05 0.366359E-05 0.603596E-05 0.987456E-05 0.160356E-04 0.258405E-04 0.413055E-04 0.654671E-04 0.102838E-03 0.160027E-03 0.246555E-03 0.375893E-03 0.566726E-03 0.844378E-03 0.124221E-02 0.180289E-02 0.257902E-02 0.363205E-02 0.502982E-02 0.683983E-02 0.911693E-02 0.118979E-01 0.149773E-01 0.180522E-01 0.210358E-01 0.236767E-01 0.259164E-01 0.277797E-01 0.290887E-01 0.294474E-01 0.285713E-01 0.265311E-01 0.234915E-01 0.198054E-01 0.161514E-01 0.126342E-01 0.954597E-02
0.108371E-08 0.210746E-08 0.368760E-08 0.650088E-08 0.113928E-07 0.198787E-07 0.345214E-07 0.596589E-07 0.102583E-06 0.175475E-06 0.298546E-06 0.505098E-06 0.849604E-06 0.142048E-05 0.236005E-05 0.389552E-05 0.638623E-05 0.103951E-04 0.167949E-04 0.269245E-04 0.428130E-04 0.674973E-04 0.105459E-03 0.163217E-03 0.250094E-03 0.379183E-03 0.568497E-03 0.842253E-03 0.123212E-02 0.177818E-02 0.252930E-02 0.354206E-02 0.487747E-02 0.659435E-02 0.873664E-02 0.113338E-01 0.141499E-01 0.169588E-01 0.195965E-01 0.218642E-01 0.237740E-01 0.253206E-01 0.263526E-01 0.265205E-01 0.256212E-01 0.237147E-01 0.209027E-01 0.175937E-01 0.143006E-01 0.112335E-01 0.852139E-02 0.624776E-02
0.216097E-08 0.416817E-08 0.723235E-08 0.126432E-07 0.219661E-07 0.379889E-07 0.653735E-07 0.111926E-06 0.190619E-06 0.322870E-06 0.543787E-06 0.910494E-06 0.151521E-05 0.250561E-05 0.411607E-05 0.671522E-05 0.108772E-04 0.174871E-04 0.278939E-04 0.441301E-04 0.692177E-04 0.107589E-03 0.165645E-03 0.252479E-03 0.380772E-03 0.567839E-03 0.836778E-03 0.121756E-02 0.174779E-02 0.247285E-02 0.344468E-02 0.471836E-02 0.634517E-02 0.836007E-02 0.107865E-01 0.133739E-01 0.159460E-01 0.182819E-01 0.202595E-01 0.219040E-01 0.231975E-01 0.240110E-01 0.240525E-01 0.231458E-01 0.213440E-01 0.187784E-01 0.157629E-01 0.128061E-01 0.100579E-01 0.765991E-02 0.564357E-02 0.402656E-02
0.422668E-08 0.808451E-08 0.139076E-07 0.241044E-07 0.415088E-07 0.711375E-07 0.121282E-06 0.205672E-06 0.346856E-06 0.581614E-06 0.969483E-06 0.160608E-05 0.264370E-05 0.432277E-05 0.701934E-05 0.113159E-04 0.181049E-04 0.287393E-04 0.452446E-04 0.706146E-04 0.109212E-03 0.167298E-03 0.253709E-03 0.380679E-03 0.564802E-03 0.828047E-03 0.119870E-02 0.171198E-02 0.240996E-02 0.334026E-02 0.455262E-02 0.609191E-02 0.798603E-02 0.102495E-01 0.126612E-01 0.149956E-01 0.170695E-01 0.188229E-01 0.202520E-01 0.213449E-01 0.219874E-01 0.219369E-01 0.210439E-01 0.193527E-01 0.169723E-01 0.142314E-01 0.115561E-01 0.908657E-02 0.692991E-02 0.512779E-02 0.367709E-02 0.255650E-02
0.811032E-08 0.153801E-07 0.262261E-07 0.450568E-07 0.768892E-07 0.130554E-06 0.220471E-06 0.370241E-06 0.618162E-06 0.102592E-05 0.169208E-05 0.277282E-05 0.451341E-05 0.729540E-05 0.117066E-04 0.186426E-04 0.294534E-04 0.461482E-04 0.716794E-04 0.110323E-03 0.168179E-03 0.253798E-03 0.378947E-03 0.559473E-03 0.816209E-03 0.117578E-02 0.167109E-02 0.234108E-02 0.322938E-02 0.438085E-02 0.583499E-02 0.761468E-02 0.973924E-02 0.119708E-01 0.140817E-01 0.159533E-01 0.175210E-01 0.187745E-01 0.197085E-01 0.202180E-01 0.201026E-01 0.192337E-01 0.176452E-01 0.154407E-01 0.129259E-01 0.104944E-01 0.825938E-02 0.631058E-02 0.468383E-02 0.337538E-02 0.236043E-02 0.160161E-02
0.152698E-07 0.287033E-07 0.485064E-07 0.825894E-07 0.139638E-06 0.234859E-06 0.392772E-06 0.653032E-06 0.107919E-05 0.177228E-05 0.289160E-05 0.468602E-05 0.754070E-05 0.120457E-04 0.190957E-04 0.300309E-04 0.468357E-04 0.724088E-04 0.110924E-03 0.168300E-03 0.252781E-03 0.375642E-03 0.551970E-03 0.801462E-03 0.114912E-02 0.162559E-02 0.226688E-02 0.311291E-02 0.420381E-02 0.557412E-02 0.724624E-02 0.924306E-02 0.112924E-01 0.132119E-01 0.149154E-01 0.163272E-01 0.174373E-01 0.182446E-01 0.186519E-01 0.184928E-01 0.176566E-01 0.161679E-01 0.141243E-01 0.118093E-01 0.958486E-02 0.755082E-02 0.577845E-02 0.430040E-02 0.311143E-02 0.218763E-02 0.149417E-02 0.991126E-03
0.282133E-07 0.525578E-07 0.880064E-07 0.148475E-06 0.248669E-06 0.414205E-06 0.685847E-06 0.112872E-05 0.184585E-05 0.299885E-05 0.483896E-05 0.775302E-05 0.123307E-04 0.194609E-04 0.304689E-04 0.473055E-04 0.728046E-04 0.111024E-03 0.167683E-03 0.250703E-03 0.370850E-03 0.542440E-03 0.784048E-03 0.111909E-02 0.157608E-02 0.218800E-02 0.299166E-02 0.402579E-02 0.532001E-02 0.689226E-02 0.874783E-02 0.106209E-01 0.123850E-01 0.139410E-01 0.152210E-01 0.162154E-01 0.169196E-01 0.172485E-01 0.170629E-01 0.162658E-01 0.148746E-01 0.129798E-01 0.108444E-01 0.880079E-02 0.693935E-02 0.531896E-02 0.396798E-02 0.288093E-02 0.203504E-02 0.139813E-02 0.933971E-03 0.606497E-03
0.511637E-07 0.944366E-07 0.156654E-06 0.261827E-06 0.434291E-06 0.716264E-06 0.117401E-05 0.191205E-05 0.309354E-05 0.497085E-05 0.793066E-05 0.125594E-04 0.197365E-04 0.307664E-04 0.475587E-04 0.728727E-04 0.110638E-03 0.166360E-03 0.247624E-03 0.364677E-03 0.531065E-03 0.764265E-03 0.108607E-02 0.152329E-02 0.210720E-02 0.287082E-02 0.384723E-02 0.506363E-02 0.653657E-02 0.824748E-02 0.997279E-02 0.115960E-01 0.130219E-01 0.141895E-01 0.150893E-01 0.157073E-01 0.159767E-01 0.157775E-01 0.150245E-01 0.137286E-01 0.119730E-01 0.100009E-01 0.811831E-02 0.640760E-02 0.491935E-02 0.367833E-02 0.267908E-02 0.190038E-02 0.131248E-02 0.882321E-03 0.577224E-03 0.367423E-03
0.910790E-07 0.166532E-06 0.273615E-06 0.452959E-06 0.743937E-06 0.121461E-05 0.197026E-05 0.317484E-05 0.508067E-05 0.807245E-05 0.127307E-04 0.199219E-04 0.309241E-04 0.475993E-04 0.726235E-04 0.109787E-03 0.164372E-03 0.243619E-03 0.357253E-03 0.518035E-03 0.742522E-03 0.105136E-02 0.146900E-02 0.202370E-02 0.274589E-02 0.366519E-02 0.480539E-02 0.617927E-02 0.775560E-02 0.934719E-02 0.108415E-01 0.121511E-01 0.132206E-01 0.140408E-01 0.145878E-01 0.148120E-01 0.146096E-01 0.139038E-01 0.127012E-01 0.110767E-01 0.925486E-02 0.751764E-02 0.594077E-02 0.456894E-02 0.342418E-02 0.250145E-02 0.178121E-02 0.123608E-02 0.835754E-03 0.550453E-03 0.353104E-03 0.220580E-03
0.159176E-06 0.288247E-06 0.468987E-06 0.768847E-06 0.125008E-05 0.201999E-05 0.324213E-05 0.516769E-05 0.817770E-05 0.128444E-04 0.200176E-04 0.309448E-04 0.474342E-04 0.720713E-04 0.108500E-03 0.161773E-03 0.238773E-03 0.348771E-03 0.503888E-03 0.719449E-03 0.101450E-02 0.141174E-02 0.193703E-02 0.261793E-02 0.348081E-02 0.454603E-02 0.582019E-02 0.727747E-02 0.874402E-02 0.101196E-01 0.113236E-01 0.123055E-01 0.130573E-01 0.135461E-01 0.137360E-01 0.135381E-01 0.128817E-01 0.117698E-01 0.102694E-01 0.858714E-02 0.698275E-02 0.552645E-02 0.425870E-02 0.319927E-02 0.234403E-02 0.167521E-02 0.116771E-02 0.793739E-03 0.526031E-03 0.339839E-03 0.214000E-03 0.131339E-03
