validation/guntur/reference_data/model_output/guntur1840.05h.depthick.asc
ncols 151
nrows 151
xllcorner 713742.526667
yllcorner 9105410.526667
cellsize 1350.946667
NODATA_value -9999
[rows 69 to 91 of 151, columns 0 to 51 of 151]
0.485341E-26 0.107226E-25 0.214262E-25 0.431586E-25 0.868140E-25 0.174551E-24 0.349780E-24 0.700038E-24 0.140057E-23 0.279834E-23 0.558356E-23 0.111359E-22 0.221296E-22 0.439648E-22 0.875767E-22 0.174482E-21 0.346793E-21 0.689520E-21 0.137062E-20 0.271520E-20 0.535657E-20 0.105666E-19 0.208919E-19 0.412741E-19 0.814109E-19 0.160739E-18 0.317709E-18 0.626690E-18 0.123448E-17 0.242661E-17 0.478556E-17 0.942689E-17 0.184070E-16 0.359678E-16 0.704111E-16 0.138067E-15 0.268941E-15 0.524578E-15 0.102699E-14 0.200347E-14 0.391560E-14 0.766397E-14 0.150411E-13 0.295523E-13 0.582211E-13 0.115164E-12 0.228965E-12 0.455283E-12 0.904833E-12 0.179588E-11 0.357100E-11 0.714119E-11
0.206828E-25 0.457290E-25 0.914818E-25 0.184313E-24 0.370721E-24 0.745782E-24 0.149971E-23 0.300535E-23 0.601803E-23 0.120411E-22 0.240626E-22 0.480741E-22 0.959252E-22 0.190978E-21 0.380177E-21 0.757292E-21 0.150891E-20 0.300783E-20 0.599239E-20 0.119340E-19 0.236958E-19 0.469161E-19 0.929732E-19 0.184325E-18 0.365362E-18 0.723969E-18 0.143655E-17 0.284324E-17 0.562103E-17 0.110982E-16 0.219189E-16 0.434042E-16 0.856168E-16 0.168426E-15 0.331701E-15 0.655322E-15 0.129271E-14 0.252950E-14 0.498114E-14 0.984282E-14 0.193612E-13 0.382605E-13 0.758073E-13 0.150474E-12 0.299442E-12 0.598506E-12 0.120451E-11 0.243492E-11 0.491212E-11 0.990475E-11 0.200331E-10 0.407644E-10
0.864643E-25 0.191280E-24 0.383099E-24 0.772524E-24 0.155609E-23 0.313122E-23 0.629989E-23 0.126476E-22 0.253500E-22 0.508198E-22 0.101700E-21 0.203089E-21 0.405872E-21 0.810109E-21 0.161638E-20 0.321823E-20 0.641096E-20 0.127900E-19 0.254947E-19 0.508419E-19 0.101555E-18 0.202671E-18 0.403336E-18 0.801370E-18 0.159027E-17 0.316615E-17 0.632216E-17 0.125616E-16 0.248566E-16 0.492858E-16 0.975441E-16 0.193292E-15 0.384317E-15 0.761067E-15 0.151048E-14 0.300675E-14 0.598200E-14 0.118143E-13 0.233580E-13 0.464203E-13 0.921301E-13 0.183821E-12 0.367416E-12 0.736500E-12 0.148136E-11 0.299275E-11 0.607708E-11 0.124194E-10 0.254296E-10 0.519239E-10 0.106399E-09 0.219854E-09
0.354473E-24 0.784323E-24 0.157134E-23 0.317283E-23 0.639469E-23 0.128881E-22 0.259415E-22 0.521287E-22 0.104586E-21 0.209985E-21 0.420962E-21 0.840901E-21 0.168040E-20 0.335989E-20 0.671545E-20 0.133878E-19 0.267024E-19 0.533315E-19 0.106538E-18 0.212649E-18 0.424965E-18 0.849896E-18 0.169933E-17 0.339374E-17 0.674998E-17 0.134000E-16 0.267267E-16 0.534325E-16 0.106467E-15 0.211593E-15 0.421225E-15 0.836834E-15 0.166618E-14 0.332069E-14 0.662323E-14 0.132461E-13 0.265249E-13 0.530471E-13 0.105637E-12 0.210466E-12 0.421496E-12 0.847551E-12 0.170885E-11 0.345127E-11 0.700615E-11 0.142919E-10 0.292997E-10 0.603748E-10 0.124743E-09 0.257552E-09 0.532757E-09 0.111062E-08
0.142543E-23 0.315626E-23 0.632508E-23 0.127767E-22 0.257730E-22 0.519670E-22 0.104644E-21 0.210607E-21 0.422652E-21 0.848181E-21 0.170323E-20 0.341154E-20 0.682095E-20 0.136443E-19 0.272998E-19 0.545340E-19 0.108874E-18 0.217475E-18 0.434963E-18 0.869392E-18 0.174112E-17 0.348642E-17 0.697392E-17 0.139329E-16 0.277902E-16 0.552920E-16 0.110246E-15 0.219983E-15 0.439306E-15 0.877857E-15 0.175463E-14 0.350075E-14 0.698804E-14 0.139728E-13 0.280075E-13 0.562793E-13 0.113265E-12 0.227930E-12 0.456719E-12 0.915012E-12 0.184092E-11 0.372906E-11 0.758522E-11 0.154500E-10 0.315721E-10 0.648816E-10 0.134016E-09 0.278365E-09 0.580533E-09 0.120260E-08 0.250599E-08 0.526818E-08
0.561790E-23 0.124350E-22 0.249377E-22 0.504079E-22 0.101756E-21 0.205210E-21 0.413132E-21 0.831668E-21 0.167273E-20 0.335711E-20 0.673686E-20 0.135177E-19 0.270904E-19 0.542229E-19 0.108512E-18 0.216810E-18 0.432958E-18 0.865036E-18 0.172867E-17 0.346075E-17 0.694047E-17 0.139266E-16 0.278607E-16 0.557555E-16 0.111394E-15 0.221992E-15 0.442847E-15 0.885007E-15 0.176581E-14 0.352910E-14 0.705668E-14 0.141126E-13 0.282471E-13 0.566888E-13 0.113893E-12 0.229597E-12 0.462521E-12 0.935441E-12 0.189078E-11 0.380420E-11 0.768094E-11 0.156457E-10 0.320216E-10 0.656567E-10 0.135163E-09 0.279147E-09 0.577480E-09 0.120470E-08 0.253271E-08 0.528554E-08 0.110321E-07 0.233695E-07
0.217036E-22 0.480102E-22 0.962242E-22 0.194643E-21 0.392926E-21 0.792258E-21 0.159607E-20 0.321346E-20 0.646681E-20 0.129817E-19 0.260033E-19 0.521680E-19 0.104709E-18 0.209895E-18 0.420604E-18 0.841784E-18 0.167922E-17 0.335293E-17 0.670608E-17 0.134210E-16 0.268932E-16 0.540177E-16 0.108154E-15 0.216467E-15 0.432429E-15 0.863983E-15 0.172576E-14 0.344797E-14 0.688126E-14 0.137479E-13 0.274776E-13 0.549478E-13 0.110066E-12 0.221052E-12 0.444809E-12 0.896977E-12 0.181091E-11 0.367123E-11 0.745247E-11 0.150758E-10 0.305591E-10 0.624642E-10 0.128638E-09 0.264864E-09 0.548028E-09 0.113735E-08 0.235708E-08 0.490690E-08 0.103392E-07 0.217807E-07 0.456294E-07 0.968285E-07
0.822199E-22 0.181795E-21 0.363836E-21 0.735593E-21 0.148509E-20 0.299442E-20 0.603399E-20 0.121561E-19 0.244722E-19 0.491602E-19 0.984260E-19 0.197127E-18 0.395389E-18 0.792612E-18 0.158629E-17 0.317897E-17 0.635620E-17 0.126813E-16 0.253589E-16 0.507391E-16 0.101595E-15 0.203893E-15 0.408350E-15 0.815617E-15 0.163053E-14 0.325458E-14 0.650852E-14 0.130060E-13 0.259390E-13 0.517528E-13 0.103505E-12 0.206903E-12 0.413901E-12 0.830845E-12 0.167192E-11 0.337343E-11 0.682042E-11 0.138325E-10 0.281622E-10 0.571352E-10 0.116170E-09 0.237434E-09 0.490160E-09 0.101350E-08 0.210806E-08 0.438898E-08 0.911355E-08 0.189836E-07 0.397661E-07 0.837735E-07 0.176689E-06 0.375157E-06
0.304970E-21 0.674281E-21 0.134836E-20 0.272177E-20 0.548963E-20 0.110647E-19 0.222831E-19 0.448665E-19 0.903467E-19 0.181652E-18 0.364002E-18 0.728312E-18 0.145869E-17 0.292122E-17 0.584407E-17 0.116874E-16 0.233800E-16 0.467022E-16 0.933964E-16 0.186873E-15 0.373505E-15 0.747862E-15 0.149446E-14 0.298388E-14 0.596388E-14 0.118942E-13 0.237579E-13 0.474913E-13 0.947988E-13 0.188970E-12 0.377629E-12 0.755644E-12 0.150808E-11 0.301911E-11 0.606214E-11 0.122164E-10 0.247048E-10 0.500619E-10 0.101702E-09 0.206863E-09 0.421591E-09 0.863604E-09 0.177515E-08 0.366787E-08 0.763699E-08 0.159868E-07 0.331892E-07 0.690449E-07 0.144148E-06 0.302003E-06 0.637228E-06 0.135069E-05
0.110563E-20 0.244561E-20 0.488877E-20 0.985582E-20 0.198603E-19 0.399777E-19 0.805061E-19 0.161903E-18 0.325652E-18 0.654659E-18 0.131154E-17 0.262437E-17 0.525194E-17 0.104937E-16 0.209598E-16 0.418997E-16 0.836844E-16 0.167058E-15 0.334226E-15 0.668859E-15 0.133642E-14 0.266923E-14 0.533110E-14 0.106297E-13 0.212329E-13 0.423038E-13 0.842759E-13 0.167910E-12 0.334358E-12 0.666502E-12 0.133015E-11 0.266002E-11 0.531681E-11 0.106227E-10 0.212570E-10 0.426179E-10 0.859987E-10 0.174315E-09 0.352817E-09 0.716981E-09 0.146294E-08 0.299911E-08 0.614836E-08 0.126215E-07 0.261258E-07 0.546214E-07 0.113671E-06 0.235369E-06 0.488884E-06 0.101814E-05 0.213528E-05 0.450214E-05
0.392668E-20 0.868275E-20 0.173538E-19 0.349073E-19 0.702946E-19 0.141336E-18 0.284428E-18 0.570994E-18 0.114629E-17 0.230368E-17 0.461505E-17 0.922862E-17 0.184557E-16 0.368356E-16 0.734191E-16 0.146425E-15 0.291979E-15 0.581425E-15 0.116149E-14 0.232193E-14 0.463765E-14 0.923827E-14 0.184228E-13 0.366966E-13 0.730578E-13 0.145422E-12 0.289045E-12 0.574741E-12 0.114166E-11 0.226953E-11 0.451856E-11 0.900560E-11 0.179682E-10 0.358691E-10 0.716796E-10 0.143085E-09 0.287510E-09 0.581797E-09 0.117739E-08 0.238118E-08 0.484536E-08 0.989125E-08 0.202512E-07 0.412922E-07 0.847400E-07 0.175454E-06 0.364445E-06 0.751403E-06 0.154909E-05 0.320260E-05 0.664833E-05 0.138684E-04
0.137004E-19 0.302223E-19 0.603745E-19 0.121304E-18 0.243758E-18 0.489037E-18 0.981689E-18 0.196871E-17 0.394114E-17 0.790068E-17 0.158202E-16 0.316227E-16 0.632328E-16 0.126088E-15 0.250679E-15 0.498545E-15 0.992993E-15 0.197359E-14 0.392569E-14 0.782953E-14 0.156138E-13 0.310568E-13 0.616015E-13 0.122558E-12 0.243427E-12 0.482932E-12 0.957552E-12 0.189933E-11 0.376394E-11 0.747199E-11 0.148337E-10 0.294545E-10 0.585236E-10 0.116460E-09 0.232213E-09 0.462836E-09 0.924088E-09 0.186016E-08 0.375272E-08 0.756868E-08 0.153183E-07 0.310122E-07 0.629785E-07 0.127812E-06 0.260237E-06 0.533087E-06 0.109554E-05 0.224596E-05 0.458720E-05 0.937059E-05 0.192387E-04 0.395740E-04
0.469468E-19 0.103239E-18 0.205740E-18 0.413054E-18 0.828036E-18 0.165901E-17 0.331658E-17 0.663556E-17 0.132546E-16 0.264809E-16 0.528851E-16 0.105502E-15 0.210782E-15 0.420153E-15 0.834799E-15 0.165519E-14 0.329114E-14 0.654060E-14 0.129766E-13 0.257485E-13 0.511311E-13 0.101382E-12 0.200745E-12 0.397470E-12 0.786306E-12 0.155523E-11 0.307869E-11 0.608751E-11 0.120354E-10 0.237757E-10 0.470794E-10 0.931446E-10 0.184366E-09 0.365310E-09 0.722637E-09 0.143467E-08 0.285278E-08 0.570311E-08 0.114415E-07 0.229143E-07 0.460865E-07 0.924930E-07 0.185790E-06 0.373626E-06 0.753780E-06 0.152843E-05 0.309995E-05 0.628126E-05 0.127146E-04 0.255988E-04 0.516836E-04 0.104732E-03
0.157600E-18 0.345688E-18 0.687134E-18 0.137745E-17 0.275418E-17 0.550629E-17 0.109872E-16 0.219127E-16 0.436658E-16 0.869780E-16 0.173058E-15 0.343870E-15 0.684589E-15 0.136235E-14 0.270495E-14 0.535772E-14 0.106215E-13 0.210912E-13 0.418144E-13 0.825149E-13 0.162983E-12 0.321752E-12 0.634184E-12 0.125274E-11 0.246958E-11 0.485949E-11 0.958064E-11 0.188748E-10 0.371946E-10 0.732587E-10 0.144256E-09 0.284014E-09 0.559448E-09 0.110130E-08 0.216562E-08 0.426072E-08 0.843424E-08 0.167181E-07 0.333193E-07 0.662445E-07 0.132069E-06 0.262398E-06 0.521361E-06 0.103673E-05 0.206802E-05 0.414137E-05 0.827754E-05 0.165001E-04 0.329306E-04 0.654905E-04 0.129838E-03 0.258086E-03
0.517598E-18 0.113246E-17 0.224550E-17 0.449401E-17 0.897062E-17 0.178853E-16 0.356346E-16 0.709039E-16 0.140907E-15 0.279973E-15 0.555465E-15 0.110037E-14 0.217908E-14 0.431853E-14 0.854234E-14 0.168755E-13 0.333158E-13 0.658450E-13 0.130293E-12 0.256841E-12 0.504509E-12 0.992442E-12 0.194650E-11 0.382538E-11 0.753048E-11 0.147797E-10 0.289399E-10 0.567059E-10 0.110994E-09 0.217665E-09 0.426370E-09 0.834518E-09 0.163423E-08 0.319301E-08 0.623296E-08 0.121850E-07 0.238952E-07 0.470628E-07 0.927410E-07 0.182607E-06 0.359596E-06 0.707829E-06 0.139015E-05 0.273209E-05 0.538126E-05 0.106264E-04 0.209422E-04 0.409774E-04 0.803266E-04 0.156794E-03 0.305464E-03 0.595890E-03
0.166133E-17 0.362967E-17 0.717849E-17 0.143333E-16 0.285515E-16 0.568002E-16 0.112903E-15 0.224161E-15 0.444392E-15 0.880933E-15 0.174274E-14 0.344466E-14 0.679052E-14 0.133921E-13 0.263771E-13 0.518182E-13 0.101801E-12 0.200364E-12 0.393770E-12 0.774000E-12 0.151558E-11 0.296819E-11 0.580341E-11 0.113347E-10 0.222038E-10 0.434173E-10 0.846129E-10 0.164864E-09 0.320807E-09 0.624229E-09 0.121325E-08 0.235701E-08 0.458312E-08 0.888722E-08 0.172316E-07 0.334876E-07 0.649567E-07 0.126608E-06 0.247124E-06 0.480903E-06 0.933471E-06 0.181165E-05 0.351360E-05 0.681557E-05 0.132421E-04 0.257142E-04 0.498200E-04 0.958745E-04 0.184273E-03 0.352605E-03 0.670126E-03 0.127748E-02
0.520558E-17 0.113543E-16 0.224123E-16 0.446266E-16 0.887187E-16 0.176107E-15 0.348858E-15 0.689864E-15 0.136175E-14 0.268861E-14 0.531308E-14 0.104643E-13 0.205949E-13 0.404047E-13 0.792954E-13 0.155220E-12 0.302815E-12 0.592903E-12 0.116152E-11 0.226835E-11 0.442554E-11 0.861522E-11 0.167636E-10 0.325630E-10 0.633117E-10 0.123108E-09 0.238449E-09 0.461615E-09 0.894277E-09 0.172882E-08 0.333343E-08 0.642010E-08 0.123664E-07 0.237727E-07 0.456654E-07 0.880894E-07 0.169654E-06 0.325834E-06 0.629194E-06 0.121139E-05 0.232059E-05 0.443509E-05 0.845655E-05 0.161942E-04 0.309386E-04 0.589995E-04 0.111885E-03 0.211678E-03 0.398675E-03 0.746236E-03 0.138381E-02 0.256294E-02
0.159261E-16 0.346554E-16 0.682315E-16 0.135413E-15 0.268366E-15 0.530830E-15 0.104908E-14 0.206687E-14 0.406522E-14 0.797096E-14 0.157076E-13 0.308415E-13 0.605130E-13 0.118435E-12 0.231319E-12 0.451649E-12 0.879047E-12 0.171014E-11 0.333214E-11 0.646493E-11 0.125426E-10 0.242946E-10 0.470334E-10 0.909970E-10 0.175903E-09 0.339073E-09 0.653053E-09 0.125455E-08 0.240897E-08 0.461982E-08 0.884356E-08 0.168945E-07 0.321745E-07 0.614115E-07 0.116720E-06 0.222720E-06 0.424815E-06 0.806093E-06 0.153247E-05 0.291653E-05 0.551110E-05 0.103737E-04 0.194305E-04 0.365950E-04 0.688642E-04 0.128592E-03 0.238553E-03 0.441771E-03 0.814361E-03 0.148978E-02 0.269928E-02 0.485231E-02
0.476930E-16 0.103493E-15 0.202968E-15 0.401082E-15 0.792180E-15 0.156134E-14 0.307254E-14 0.603982E-14 0.118430E-13 0.231409E-13 0.453084E-13 0.888864E-13 0.173448E-12 0.338326E-12 0.657944E-12 0.127890E-11 0.248162E-11 0.481243E-11 0.931802E-11 0.179532E-10 0.345557E-10 0.665176E-10 0.128043E-09 0.246338E-09 0.473435E-09 0.906909E-09 0.173226E-08 0.330629E-08 0.629866E-08 0.119483E-07 0.226336E-07 0.428030E-07 0.806324E-07 0.152323E-06 0.286933E-06 0.541682E-06 0.101937E-05 0.191218E-05 0.357378E-05 0.669860E-05 0.124857E-04 0.231036E-04 0.426053E-04 0.785121E-04 0.145389E-03 0.265755E-03 0.483361E-03 0.873350E-03 0.156872E-02 0.280414E-02 0.494285E-02 0.864012E-02
0.139859E-15 0.302281E-15 0.590860E-15 0.116341E-14 0.228426E-14 0.449102E-14 0.880465E-14 0.172696E-13 0.337784E-13 0.657991E-13 0.127952E-12 0.249777E-12 0.485906E-12 0.943213E-12 0.182635E-11 0.353127E-11 0.682131E-11 0.131510E-10 0.253217E-10 0.484551E-10 0.924845E-10 0.176815E-09 0.338027E-09 0.646491E-09 0.123140E-08 0.233917E-08 0.442931E-08 0.838180E-08 0.158372E-07 0.298270E-07 0.558580E-07 0.104355E-06 0.194732E-06 0.362658E-06 0.677555E-06 0.126117E-05 0.234884E-05 0.434440E-05 0.800960E-05 0.147295E-04 0.270115E-04 0.492017E-04 0.891892E-04 0.160660E-03 0.290921E-03 0.520285E-03 0.922877E-03 0.163757E-02 0.286955E-02 0.497389E-02 0.852760E-02 0.144159E-01
0.401322E-15 0.864004E-15 0.168144E-14 0.330109E-14 0.646021E-14 0.126240E-13 0.246519E-13 0.481096E-13 0.937757E-13 0.182249E-12 0.353303E-12 0.685059E-12 0.132617E-11 0.256111E-11 0.493524E-11 0.949075E-11 0.182220E-10 0.349058E-10 0.667726E-10 0.127142E-09 0.240785E-09 0.456413E-09 0.865667E-09 0.164186E-08 0.310047E-08 0.584133E-08 0.109569E-07 0.205217E-07 0.384034E-07 0.715279E-07 0.132988E-06 0.245362E-06 0.454034E-06 0.834834E-06 0.154106E-05 0.282163E-05 0.517269E-05 0.944805E-05 0.171902E-04 0.310747E-04 0.558484E-04 0.100200E-03 0.178702E-03 0.314682E-03 0.554502E-03 0.972563E-03 0.168001E-02 0.289497E-02 0.492679E-02 0.832172E-02 0.138796E-01 0.227508E-01
0.112503E-14 0.241605E-14 0.468628E-14 0.916347E-14 0.178955E-13 0.348343E-13 0.676326E-13 0.131244E-12 0.254294E-12 0.491342E-12 0.948418E-12 0.182881E-11 0.352328E-11 0.677114E-11 0.129697E-10 0.247996E-10 0.473347E-10 0.900962E-10 0.171140E-09 0.323995E-09 0.610513E-09 0.114627E-08 0.215559E-08 0.405238E-08 0.758029E-08 0.141183E-07 0.262578E-07 0.486538E-07 0.900813E-07 0.165831E-06 0.304781E-06 0.558516E-06 0.101922E-05 0.185652E-05 0.336307E-05 0.610065E-05 0.109629E-04 0.197091E-04 0.352454E-04 0.627985E-04 0.110535E-03 0.193979E-03 0.340554E-03 0.589524E-03 0.100744E-02 0.172622E-02 0.293264E-02 0.494555E-02 0.815782E-02 0.133073E-01 0.214587E-01 0.339564E-01
0.310347E-14 0.663991E-14 0.128241E-13 0.249348E-13 0.483986E-13 0.939552E-13 0.181625E-12 0.350540E-12 0.675770E-12 0.129844E-11 0.249036E-11 0.477078E-11 0.911735E-11 0.174166E-10 0.331840E-10 0.630006E-10 0.119444E-09 0.226041E-09 0.426008E-09 0.799841E-09 0.149983E-08 0.279722E-08 0.521484E-08 0.970431E-08 0.180099E-07 0.332119E-07 0.610470E-07 0.112236E-06 0.205406E-06 0.374005E-06 0.676268E-06 0.122643E-05 0.221029E-05 0.398552E-05 0.708859E-05 0.126226E-04 0.224386E-04 0.395967E-04 0.694525E-04 0.121578E-03 0.210387E-03 0.360007E-03 0.617027E-03 0.104600E-02 0.174737E-02 0.290510E-02 0.480698E-02 0.790577E-02 0.127202E-01 0.200899E-01 0.312142E-01 0.475696E-01
