validation/guntur/reference_data/model_output/guntur1840.05h.depthick.asc
ncols 151
nrows 151
xllcorner 713742.526667
yllcorner 9105410.526667
cellsize 1350.946667
NODATA_value -9999
[rows 115 to 137 of 151, columns 52 to 103 of 151]
0.456923E-04 0.262299E-04 0.146806E-04 0.800954E-05 0.425909E-05 0.220697E-05 0.111403E-05 0.547492E-06 0.261761E-06 0.121669E-06 0.549597E-07 0.241323E-07 0.102987E-07 0.426188E-08 0.170644E-08 0.662880E-09 0.249421E-09 0.905326E-10 0.318464E-10 0.108549E-10 0.357142E-11 0.112815E-11 0.341271E-12 0.996764E-13 0.281297E-13 0.772757E-14 0.203683E-14 0.517046E-15 0.127057E-15 0.298254E-16 0.677484E-17 0.149458E-17 0.319192E-18 0.661192E-19 0.132906E-19 0.258205E-20 0.487884E-21 0.892693E-22 0.158773E-22 0.276515E-23 0.469760E-24 0.775786E-25 0.124810E-25 0.196203E-26 0.301273E-27 0.451311E-28 0.661011E-29 0.946631E-30 0.132858E-30 0.182693E-31 0.246841E-32 0.327094E-33
0.264207E-04 0.149540E-04 0.825915E-05 0.445051E-05 0.233941E-05 0.119927E-05 0.599325E-06 0.291799E-06 0.138314E-06 0.637865E-07 0.286180E-07 0.124886E-07 0.529627E-08 0.217886E-08 0.868362E-09 0.335434E-09 0.125723E-09 0.456250E-10 0.160161E-10 0.543922E-11 0.178654E-11 0.564095E-12 0.171071E-12 0.500058E-13 0.141781E-13 0.389348E-14 0.102999E-14 0.262723E-15 0.648483E-16 0.153245E-16 0.350130E-17 0.776204E-18 0.167079E-18 0.348845E-19 0.707567E-20 0.138779E-20 0.264914E-21 0.490805E-22 0.881670E-23 0.154770E-23 0.265528E-24 0.444033E-25 0.722552E-26 0.114867E-26 0.178445E-27 0.270929E-28 0.401969E-29 0.582917E-30 0.828292E-31 0.115375E-31 0.157627E-32 0.211439E-33
0.151942E-04 0.848619E-05 0.462873E-05 0.246524E-05 0.128179E-05 0.650432E-06 0.321969E-06 0.155378E-06 0.730541E-07 0.334460E-07 0.149062E-07 0.646492E-08 0.272550E-08 0.111526E-08 0.442493E-09 0.170243E-09 0.635405E-10 0.229844E-10 0.805740E-11 0.273231E-11 0.895718E-12 0.282432E-12 0.857284E-13 0.251067E-13 0.712844E-14 0.196158E-14 0.520676E-15 0.133435E-15 0.330780E-16 0.786486E-17 0.180838E-17 0.403170E-18 0.873774E-19 0.183712E-19 0.375468E-20 0.744281E-21 0.143313E-21 0.268869E-22 0.488009E-23 0.863869E-24 0.149559E-24 0.252675E-25 0.416006E-26 0.668550E-27 0.105045E-27 0.161427E-28 0.242492E-29 0.356253E-30 0.511606E-31 0.721641E-32 0.999314E-33 0.135916E-33
0.869410E-05 0.479528E-05 0.258491E-05 0.136159E-05 0.700673E-06 0.352127E-06 0.172737E-06 0.826639E-07 0.385680E-07 0.175347E-07 0.776511E-08 0.334748E-08 0.140324E-08 0.571278E-09 0.225688E-09 0.865111E-10 0.321777E-10 0.116028E-10 0.405393E-11 0.137272E-11 0.449115E-12 0.141553E-12 0.429925E-13 0.126361E-13 0.358583E-14 0.988154E-15 0.263247E-15 0.677755E-16 0.168844E-16 0.403375E-17 0.932377E-18 0.209348E-18 0.456401E-19 0.965920E-20 0.199004E-20 0.397681E-21 0.773735E-22 0.146247E-22 0.268614E-23 0.480379E-24 0.838782E-25 0.143187E-25 0.238374E-26 0.387274E-27 0.615242E-28 0.955240E-29 0.145159E-29 0.216044E-30 0.314731E-31 0.448315E-32 0.627916E-33 0.865104E-34
0.495147E-05 0.269889E-05 0.143873E-05 0.749963E-06 0.382164E-06 0.190301E-06 0.925538E-07 0.439398E-07 0.203507E-07 0.919021E-08 0.404452E-08 0.173333E-08 0.722628E-09 0.292753E-09 0.115170E-09 0.439872E-10 0.163060E-10 0.586308E-11 0.204328E-11 0.689852E-12 0.225280E-12 0.710019E-13 0.215852E-13 0.634993E-14 0.180555E-14 0.498101E-15 0.132983E-15 0.343671E-16 0.859421E-17 0.206736E-17 0.480655E-18 0.108723E-18 0.238489E-19 0.508162E-20 0.105248E-20 0.211802E-21 0.415807E-22 0.793600E-23 0.147051E-23 0.265665E-24 0.468723E-25 0.807453E-26 0.135742E-26 0.223170E-27 0.357857E-28 0.561827E-29 0.863936E-30 0.130081E-30 0.191752E-31 0.276721E-32 0.391816E-33 0.544414E-34
0.280757E-05 0.151329E-05 0.798247E-06 0.411994E-06 0.207994E-06 0.102670E-06 0.495266E-07 0.233343E-07 0.107314E-07 0.481472E-08 0.210606E-08 0.897432E-09 0.372163E-09 0.150057E-09 0.587894E-10 0.223724E-10 0.826674E-11 0.296418E-11 0.103066E-11 0.347242E-12 0.113183E-12 0.356370E-13 0.108431E-13 0.319003E-14 0.908402E-15 0.251034E-15 0.672236E-16 0.174394E-16 0.437873E-17 0.105850E-17 0.247492E-18 0.564397E-19 0.124234E-19 0.266573E-20 0.556484E-21 0.112640E-21 0.222566E-22 0.429145E-23 0.802788E-24 0.146401E-24 0.260816E-25 0.453177E-26 0.769456E-27 0.127716E-27 0.206960E-28 0.328107E-29 0.510191E-30 0.777550E-31 0.115709E-31 0.169146E-32 0.242102E-33 0.340541E-34
0.158531E-05 0.845481E-06 0.441545E-06 0.225754E-06 0.112964E-06 0.552975E-07 0.264671E-07 0.123792E-07 0.565467E-08 0.252103E-08 0.109623E-08 0.464535E-09 0.191655E-09 0.769198E-10 0.300131E-10 0.113805E-10 0.419182E-11 0.149890E-11 0.519953E-12 0.174823E-12 0.568960E-13 0.178988E-13 0.544400E-14 0.160276E-14 0.457018E-15 0.126490E-15 0.339492E-16 0.883728E-17 0.222934E-17 0.541522E-18 0.127260E-18 0.291886E-19 0.647205E-20 0.139492E-20 0.293547E-21 0.598604E-22 0.119083E-22 0.231304E-23 0.436888E-24 0.803215E-25 0.144405E-25 0.253370E-26 0.434429E-27 0.727340E-28 0.119142E-28 0.191053E-29 0.299642E-30 0.462071E-31 0.694548E-32 0.102632E-32 0.148551E-33 0.211232E-34
0.891606E-06 0.470752E-06 0.243520E-06 0.123394E-06 0.612241E-07 0.297321E-07 0.141246E-07 0.656022E-08 0.297704E-08 0.131913E-08 0.570306E-09 0.240368E-09 0.986759E-10 0.394251E-10 0.153217E-10 0.578913E-11 0.212561E-11 0.757984E-12 0.262320E-12 0.880244E-13 0.286060E-13 0.899299E-14 0.273464E-14 0.805496E-15 0.229990E-15 0.637594E-16 0.171464E-16 0.447375E-17 0.113246E-17 0.276604E-18 0.653925E-19 0.150560E-19 0.336359E-20 0.729410E-21 0.154530E-21 0.317524E-22 0.636328E-23 0.124343E-23 0.236941E-24 0.439542E-25 0.796289E-26 0.141035E-26 0.244087E-27 0.412401E-28 0.682376E-29 0.110484E-29 0.175216E-30 0.272708E-31 0.414591E-32 0.618683E-33 0.905244E-34 0.130102E-34
0.499541E-06 0.261237E-06 0.133920E-06 0.672798E-07 0.331130E-07 0.159583E-07 0.752690E-08 0.347237E-08 0.156580E-08 0.689683E-09 0.296503E-09 0.124313E-09 0.507860E-10 0.202021E-10 0.782025E-11 0.294443E-11 0.107775E-11 0.383277E-12 0.132333E-12 0.443202E-13 0.143831E-13 0.451870E-14 0.137409E-14 0.404956E-15 0.115805E-15 0.321616E-16 0.867201E-17 0.226777E-17 0.575596E-18 0.141330E-18 0.336128E-19 0.777280E-20 0.174623E-20 0.381078E-21 0.811667E-22 0.168026E-22 0.339275E-23 0.667350E-24 0.128082E-24 0.239619E-25 0.437858E-26 0.781908E-27 0.136537E-27 0.232890E-28 0.388631E-29 0.635813E-30 0.101737E-30 0.159765E-31 0.245564E-32 0.370259E-33 0.547713E-34 0.795051E-35
0.278845E-06 0.144500E-06 0.734387E-07 0.365940E-07 0.178714E-07 0.855001E-08 0.400493E-08 0.183558E-08 0.822649E-09 0.360253E-09 0.154033E-09 0.642510E-10 0.261252E-10 0.103478E-10 0.399015E-11 0.149715E-11 0.546323E-12 0.193765E-12 0.667470E-13 0.223125E-13 0.723140E-14 0.227054E-14 0.690594E-15 0.203676E-15 0.583171E-16 0.162212E-16 0.438405E-17 0.114973E-17 0.292621E-18 0.721580E-19 0.172522E-19 0.400832E-20 0.905340E-21 0.198847E-21 0.425729E-22 0.887178E-23 0.180309E-23 0.357252E-24 0.690549E-25 0.130212E-25 0.239839E-26 0.431932E-27 0.760502E-28 0.130915E-28 0.220473E-29 0.364063E-30 0.587503E-31 0.931969E-32 0.144545E-32 0.219982E-33 0.328834E-34 0.482385E-35
0.155093E-06 0.796742E-07 0.401593E-07 0.198549E-07 0.962475E-08 0.457236E-08 0.212752E-08 0.968979E-09 0.431683E-09 0.187979E-09 0.799479E-10 0.331828E-10 0.134306E-10 0.529734E-11 0.203495E-11 0.760944E-12 0.276836E-12 0.979259E-13 0.336568E-13 0.112305E-13 0.363516E-14 0.114076E-14 0.347064E-15 0.102449E-15 0.293706E-16 0.818243E-17 0.221538E-17 0.582470E-18 0.148673E-18 0.368072E-19 0.884250E-20 0.206443E-20 0.468725E-21 0.103558E-21 0.222950E-22 0.467617E-23 0.956396E-24 0.190798E-24 0.371409E-25 0.705625E-26 0.130950E-26 0.237677E-27 0.421849E-28 0.732626E-29 0.124517E-29 0.207319E-30 0.337645E-31 0.540243E-32 0.846817E-33 0.130074E-33 0.196049E-34 0.290557E-35
0.859587E-07 0.437926E-07 0.218994E-07 0.107460E-07 0.517214E-08 0.244049E-08 0.112828E-08 0.510744E-09 0.226225E-09 0.979723E-10 0.414529E-10 0.171221E-10 0.689909E-11 0.271003E-11 0.103718E-11 0.386549E-12 0.140211E-12 0.494685E-13 0.169646E-13 0.565075E-14 0.182686E-14 0.572990E-15 0.174362E-15 0.515098E-16 0.147844E-16 0.412498E-17 0.111883E-17 0.294866E-18 0.754794E-19 0.187564E-19 0.452608E-20 0.106170E-20 0.242281E-21 0.538253E-22 0.116527E-22 0.245900E-23 0.506115E-24 0.101642E-24 0.199237E-25 0.381283E-26 0.712888E-27 0.130357E-27 0.233189E-28 0.408342E-29 0.700000E-30 0.117503E-30 0.193141E-31 0.311552E-32 0.492983E-33 0.764917E-34 0.116344E-34 0.173859E-35
0.474765E-07 0.239953E-07 0.119086E-07 0.580150E-08 0.277317E-08 0.130000E-08 0.597279E-09 0.268780E-09 0.118383E-09 0.509960E-10 0.214685E-10 0.882584E-11 0.354074E-11 0.138528E-11 0.528250E-12 0.196231E-12 0.709709E-13 0.249758E-13 0.854671E-14 0.284198E-14 0.917738E-15 0.287697E-15 0.875591E-16 0.258844E-16 0.743752E-17 0.207810E-17 0.564650E-18 0.149150E-18 0.382865E-19 0.954767E-20 0.231357E-20 0.545177E-21 0.125022E-21 0.279218E-22 0.607792E-23 0.129009E-23 0.267155E-24 0.539970E-25 0.106559E-25 0.205382E-26 0.386851E-27 0.712659E-28 0.128464E-28 0.226708E-29 0.391772E-30 0.663060E-31 0.109940E-31 0.178781E-32 0.285164E-33 0.446620E-34 0.686093E-35 0.103439E-35
0.261321E-07 0.131068E-07 0.645747E-08 0.312407E-08 0.148347E-08 0.691034E-09 0.315586E-09 0.141202E-09 0.618531E-10 0.265066E-10 0.111043E-10 0.454415E-11 0.181528E-11 0.707440E-12 0.268812E-12 0.995369E-13 0.358970E-13 0.126013E-13 0.430315E-14 0.142854E-14 0.460794E-15 0.144378E-15 0.439448E-16 0.129990E-16 0.373891E-17 0.104611E-17 0.284734E-18 0.753763E-19 0.194015E-19 0.485448E-20 0.118098E-20 0.279506E-21 0.644007E-22 0.144558E-22 0.316343E-23 0.675243E-24 0.140659E-24 0.286062E-25 0.568198E-26 0.110265E-26 0.209172E-27 0.388129E-28 0.704836E-29 0.125328E-29 0.218266E-30 0.372392E-31 0.622622E-32 0.102075E-32 0.164137E-33 0.259197E-34 0.401820E-35 0.611480E-36
0.143345E-07 0.713686E-08 0.349158E-08 0.167791E-08 0.791672E-09 0.366530E-09 0.166414E-09 0.740439E-10 0.322626E-10 0.137562E-10 0.573544E-11 0.233663E-11 0.929566E-12 0.360888E-12 0.136654E-12 0.504427E-13 0.181410E-13 0.635281E-14 0.216496E-14 0.717575E-15 0.231213E-15 0.724078E-16 0.220402E-16 0.652317E-17 0.187805E-17 0.526148E-18 0.143449E-18 0.380549E-19 0.982081E-20 0.246515E-20 0.601958E-21 0.143064E-21 0.331131E-22 0.746904E-23 0.164288E-23 0.352582E-24 0.738650E-25 0.151121E-25 0.302053E-26 0.590030E-27 0.112694E-27 0.210577E-28 0.385151E-29 0.689867E-30 0.121049E-30 0.208133E-31 0.350779E-32 0.579751E-33 0.940035E-34 0.149650E-34 0.233937E-35 0.359115E-36
0.783623E-08 0.387391E-08 0.188244E-08 0.898783E-09 0.421443E-09 0.193967E-09 0.875673E-10 0.387514E-10 0.167978E-10 0.712721E-11 0.295783E-11 0.119980E-11 0.475386E-12 0.183876E-12 0.693910E-13 0.255359E-13 0.915868E-14 0.319970E-14 0.108827E-14 0.360151E-15 0.115925E-15 0.362852E-16 0.110451E-16 0.327059E-17 0.942461E-18 0.264368E-18 0.721942E-19 0.191911E-19 0.496513E-20 0.125012E-20 0.306352E-21 0.731000E-22 0.169934E-22 0.385103E-23 0.851273E-24 0.183650E-24 0.386861E-25 0.796056E-26 0.160075E-26 0.314671E-27 0.604973E-28 0.113810E-28 0.209607E-29 0.378105E-30 0.668283E-31 0.115766E-31 0.196613E-32 0.327508E-33 0.535297E-34 0.858975E-35 0.135366E-35 0.209538E-36
0.426917E-08 0.209610E-08 0.101190E-08 0.480116E-09 0.223780E-09 0.102402E-09 0.459757E-10 0.202388E-10 0.872900E-11 0.368601E-11 0.152282E-11 0.615105E-12 0.242761E-12 0.935586E-13 0.351906E-13 0.129116E-13 0.461859E-14 0.160985E-14 0.546487E-15 0.180585E-15 0.580679E-16 0.181664E-16 0.552973E-17 0.163815E-17 0.472451E-18 0.132686E-18 0.362907E-19 0.966604E-20 0.250686E-20 0.633016E-21 0.155654E-21 0.372833E-22 0.870350E-23 0.198126E-23 0.440056E-24 0.954156E-25 0.202062E-25 0.418106E-26 0.845655E-27 0.167251E-27 0.323589E-28 0.612731E-29 0.113606E-29 0.206340E-30 0.367265E-31 0.640814E-32 0.109642E-32 0.184023E-33 0.303105E-34 0.490168E-35 0.778544E-36 0.121484E-36
0.231784E-08 0.113050E-08 0.542302E-09 0.255746E-09 0.118508E-09 0.539270E-10 0.240823E-10 0.105469E-10 0.452667E-11 0.190261E-11 0.782594E-12 0.314809E-12 0.123770E-12 0.475320E-13 0.178209E-13 0.651956E-14 0.232609E-14 0.808971E-15 0.274106E-15 0.904472E-16 0.290550E-16 0.908519E-17 0.276539E-17 0.819562E-18 0.236553E-18 0.665109E-19 0.182187E-19 0.486177E-20 0.126382E-20 0.320023E-21 0.789465E-22 0.189790E-22 0.444830E-23 0.101700E-23 0.226926E-24 0.494432E-25 0.105243E-25 0.218939E-26 0.445314E-27 0.885907E-28 0.172448E-28 0.328601E-29 0.613211E-30 0.112117E-30 0.200916E-31 0.353014E-32 0.608333E-33 0.102852E-33 0.170673E-34 0.278091E-35 0.445077E-36 0.699906E-37
0.125405E-08 0.607733E-09 0.289738E-09 0.135833E-09 0.625869E-10 0.283254E-10 0.125834E-10 0.548348E-11 0.234228E-11 0.980041E-12 0.401395E-12 0.160821E-12 0.629925E-13 0.241083E-13 0.901046E-14 0.328704E-14 0.116983E-14 0.405959E-15 0.137305E-15 0.452433E-16 0.145199E-16 0.453795E-17 0.138121E-17 0.409491E-18 0.118280E-18 0.332930E-19 0.913286E-20 0.244160E-20 0.636116E-21 0.161507E-21 0.399657E-22 0.964151E-23 0.226849E-23 0.520795E-24 0.116723E-24 0.255513E-25 0.546564E-26 0.114293E-26 0.233730E-27 0.467616E-28 0.915614E-29 0.175534E-29 0.329623E-30 0.606544E-31 0.109411E-31 0.193537E-32 0.335825E-33 0.571808E-34 0.955724E-35 0.156865E-35 0.252922E-36 0.400732E-37
0.676123E-09 0.325620E-09 0.154313E-09 0.719293E-10 0.329597E-10 0.148379E-10 0.655820E-11 0.284397E-11 0.120918E-11 0.503707E-12 0.205445E-12 0.819916E-13 0.319991E-13 0.122057E-13 0.454790E-14 0.165451E-14 0.587387E-15 0.203408E-15 0.686770E-16 0.225991E-16 0.724597E-17 0.226348E-17 0.688884E-18 0.204302E-18 0.590534E-19 0.166394E-19 0.457084E-20 0.122412E-20 0.319609E-21 0.813547E-22 0.201914E-22 0.488740E-23 0.115417E-23 0.266033E-24 0.598794E-25 0.131674E-25 0.283005E-26 0.594759E-27 0.122266E-27 0.245952E-28 0.484323E-29 0.933966E-30 0.176446E-30 0.326703E-31 0.593083E-32 0.105597E-32 0.184459E-33 0.316230E-34 0.532244E-35 0.879788E-36 0.142875E-36 0.228026E-37
0.363247E-09 0.173879E-09 0.819228E-10 0.379727E-10 0.173065E-10 0.775083E-11 0.340883E-11 0.147123E-11 0.622698E-12 0.258283E-12 0.104918E-12 0.417128E-13 0.162218E-13 0.616742E-14 0.229118E-14 0.831284E-15 0.294422E-15 0.101747E-15 0.342947E-16 0.112703E-16 0.361033E-17 0.112723E-17 0.343040E-18 0.101766E-18 0.294346E-19 0.830203E-20 0.228361E-20 0.612609E-21 0.160277E-21 0.408978E-22 0.101793E-22 0.247183E-23 0.585799E-24 0.135544E-24 0.306344E-25 0.676588E-26 0.146088E-26 0.308501E-27 0.637401E-28 0.128897E-28 0.255215E-29 0.494953E-30 0.940555E-31 0.175200E-31 0.320016E-32 0.573386E-33 0.100810E-33 0.173971E-34 0.294790E-35 0.490633E-36 0.802333E-37 0.128957E-37
0.194460E-09 0.925340E-10 0.433495E-10 0.199836E-10 0.905990E-11 0.403707E-11 0.176692E-11 0.759060E-12 0.319852E-12 0.132112E-12 0.534536E-13 0.211730E-13 0.820565E-14 0.310981E-14 0.115193E-14 0.416849E-15 0.147296E-15 0.508017E-16 0.170949E-16 0.561077E-17 0.179575E-17 0.560401E-18 0.170525E-18 0.506013E-19 0.146449E-19 0.413453E-20 0.113873E-20 0.305975E-21 0.802111E-22 0.205155E-22 0.512012E-23 0.124715E-23 0.296567E-24 0.688749E-25 0.156282E-25 0.346618E-26 0.751741E-27 0.159490E-27 0.331137E-28 0.673049E-29 0.133970E-29 0.261243E-30 0.499252E-31 0.935393E-32 0.171879E-32 0.309850E-33 0.548179E-34 0.952079E-35 0.162383E-35 0.272059E-36 0.447905E-37 0.724843E-38
0.103729E-09 0.490742E-10 0.228622E-10 0.104828E-10 0.472816E-11 0.209646E-11 0.913219E-12 0.390539E-12 0.163855E-12 0.674017E-13 0.271659E-13 0.107215E-13 0.414115E-14 0.156456E-14 0.577900E-15 0.208591E-15 0.735412E-16 0.253148E-16 0.850489E-17 0.278794E-17 0.891521E-18 0.278081E-18 0.846080E-19 0.251126E-19 0.727226E-20 0.205496E-20 0.566669E-21 0.152501E-21 0.400542E-22 0.102678E-22 0.256926E-23 0.627661E-24 0.149744E-24 0.349004E-25 0.794944E-26 0.177028E-26 0.385586E-27 0.821752E-28 0.171420E-28 0.350135E-29 0.700513E-30 0.137326E-30 0.263878E-31 0.497187E-32 0.918870E-33 0.166629E-33 0.296584E-34 0.518301E-35 0.889586E-36 0.150004E-36 0.248576E-37 0.404943E-38
