validation/guntur/reference_data/model_output/guntur1840.05h.depthick.asc
ncols 151
nrows 151
xllcorner 713742.526667
yllcorner 9105410.526667
cellsize 1350.946667
NODATA_value -9999
[rows 69 to 91 of 151, columns 52 to 103 of 151]
0.143221E-10 0.287744E-10 0.578143E-10 0.116118E-09 0.232250E-09 0.461976E-09 0.921596E-09 0.183484E-08 0.365127E-08 0.726322E-08 0.144730E-07 0.287347E-07 0.566294E-07 0.110477E-06 0.211988E-06 0.398162E-06 0.721610E-06 0.121882E-05 0.182322E-05 0.231857E-05 0.241665E-05 0.184633E-05 0.848165E-06 0.224901E-06 0.362113E-07 0.416436E-08 0.384211E-09 0.305648E-10 0.220133E-11 0.148469E-12 0.959703E-14 0.602892E-15 0.371842E-16 0.226490E-17 0.136789E-18 0.820606E-20 0.487793E-21 0.288797E-22 0.172327E-23 0.102247E-24 0.606794E-26 0.359832E-27 0.213205E-28 0.126577E-29 0.745717E-31 0.441305E-32 0.261642E-33 0.154744E-34 0.923913E-36 0.545806E-37 0.325887E-38 0.193777E-39
0.832323E-10 0.170536E-09 0.349955E-09 0.719433E-09 0.148154E-08 0.303642E-08 0.624346E-08 0.128812E-07 0.266633E-07 0.555315E-07 0.116331E-06 0.245126E-06 0.514745E-06 0.107770E-05 0.224116E-05 0.460570E-05 0.926790E-05 0.177944E-04 0.312530E-04 0.464284E-04 0.551870E-04 0.494288E-04 0.256469E-04 0.679161E-05 0.100166E-05 0.102180E-06 0.830154E-08 0.580006E-09 0.368400E-10 0.220670E-11 0.127894E-12 0.727284E-14 0.409667E-15 0.230106E-16 0.129289E-17 0.726997E-19 0.407325E-20 0.229204E-21 0.129601E-22 0.738555E-24 0.422587E-25 0.242093E-26 0.139500E-27 0.805825E-29 0.464490E-30 0.268216E-31 0.156174E-32 0.906610E-34 0.530889E-35 0.308718E-36 0.180937E-37 0.106066E-38
0.455831E-09 0.946570E-09 0.197778E-08 0.414583E-08 0.879588E-08 0.185956E-07 0.394028E-07 0.840854E-07 0.181114E-06 0.394150E-06 0.866491E-06 0.193224E-05 0.433847E-05 0.973276E-05 0.218921E-04 0.492996E-04 0.109982E-03 0.238909E-03 0.491042E-03 0.875242E-03 0.121380E-02 0.126018E-02 0.771461E-03 0.205930E-03 0.273588E-04 0.244708E-05 0.173096E-06 0.105088E-07 0.583277E-09 0.307821E-10 0.158608E-11 0.810891E-13 0.415152E-14 0.214141E-15 0.111620E-16 0.587220E-18 0.310059E-19 0.164953E-20 0.891778E-22 0.486521E-23 0.268449E-24 0.149598E-25 0.837604E-27 0.472381E-28 0.266956E-29 0.151706E-30 0.862542E-32 0.493569E-33 0.283652E-34 0.163145E-35 0.940389E-37 0.544205E-38
0.233302E-08 0.491958E-08 0.104720E-07 0.224126E-07 0.484248E-07 0.105368E-06 0.230109E-06 0.507337E-06 0.113158E-05 0.256267E-05 0.588574E-05 0.137909E-04 0.328972E-04 0.793538E-04 0.192767E-03 0.476139E-03 0.118287E-02 0.289533E-02 0.684184E-02 0.147293E-01 0.247034E-01 0.295073E-01 0.219528E-01 0.601730E-02 0.710832E-03 0.550693E-04 0.335087E-05 0.175113E-06 0.843752E-08 0.389972E-09 0.177683E-10 0.811919E-12 0.376529E-13 0.178050E-14 0.860211E-16 0.424386E-17 0.211928E-18 0.107379E-19 0.555504E-21 0.291892E-22 0.155120E-23 0.839897E-25 0.458301E-26 0.252902E-27 0.140433E-28 0.783121E-30 0.439209E-31 0.247467E-32 0.140060E-33 0.795694E-35 0.453702E-36 0.259598E-37
0.111721E-07 0.238716E-07 0.515110E-07 0.112286E-06 0.247465E-06 0.551520E-06 0.123609E-05 0.279057E-05 0.639468E-05 0.149591E-04 0.357318E-04 0.875985E-04 0.220131E-03 0.567219E-03 0.148710E-02 0.401100E-02 0.110384E-01 0.302584E-01 0.810876E-01 0.206575E+00 0.431317E+00 0.610147E+00 0.557246E+00 0.163502E+00 0.166234E-01 0.109140E-02 0.565062E-04 0.253227E-05 0.105369E-06 0.424301E-08 0.170573E-09 0.697254E-11 0.293076E-12 0.127420E-13 0.572823E-15 0.265995E-16 0.126386E-17 0.614772E-19 0.305749E-20 0.155502E-21 0.802913E-23 0.423255E-24 0.226023E-25 0.122677E-26 0.669937E-28 0.368331E-29 0.204107E-30 0.113634E-31 0.636029E-33 0.357727E-34 0.202023E-35 0.114599E-36
0.499234E-07 0.107347E-06 0.234049E-06 0.517919E-06 0.115918E-05 0.262493E-05 0.597721E-05 0.137851E-04 0.323887E-04 0.778470E-04 0.190832E-03 0.480251E-03 0.125601E-02 0.342017E-02 0.955858E-02 0.277428E-01 0.828343E-01 0.251204E+00 0.753058E+00 0.216663E+01 0.562105E+01 0.101653E+02 0.115924E+02 0.386923E+01 0.319186E+00 0.172427E-01 0.748493E-03 0.285755E-04 0.102511E-05 0.361810E-07 0.129421E-08 0.477985E-10 0.184269E-11 0.744743E-13 0.315276E-14 0.139306E-15 0.638004E-17 0.301435E-18 0.146202E-19 0.724410E-21 0.366993E-22 0.188996E-23 0.992291E-25 0.530428E-26 0.287048E-27 0.156268E-28 0.860028E-30 0.475031E-31 0.264015E-32 0.147561E-33 0.828550E-35 0.467454E-36
0.207710E-06 0.448656E-06 0.981195E-06 0.218319E-05 0.492109E-05 0.111981E-04 0.258546E-04 0.607350E-04 0.144844E-03 0.352219E-03 0.873188E-03 0.223525E-02 0.595207E-02 0.165409E-01 0.475359E-01 0.143411E+00 0.448667E+00 0.144042E+01 0.463382E+01 0.144663E+02 0.420559E+02 0.109429E+03 0.202380E+03 0.836254E+02 0.394410E+01 0.170477E+00 0.620864E-02 0.203909E-03 0.644591E-05 0.205267E-06 0.676018E-08 0.233672E-09 0.854845E-11 0.331331E-12 0.135695E-13 0.584172E-15 0.262428E-16 0.122225E-17 0.586778E-19 0.288676E-20 0.145117E-21 0.741473E-23 0.384750E-24 0.204052E-25 0.109964E-26 0.596294E-28 0.326542E-29 0.179943E-30 0.997678E-32 0.556260E-33 0.311702E-34 0.175466E-35
0.804446E-06 0.173779E-05 0.379723E-05 0.840952E-05 0.188707E-04 0.429408E-04 0.996863E-04 0.234893E-03 0.559685E-03 0.135605E-02 0.334128E-02 0.849083E-02 0.224600E-01 0.614532E-01 0.172961E+00 0.504036E+00 0.150538E+01 0.450532E+01 0.132612E+02 0.362284E+02 0.802978E+02 0.119796E+03 0.128693E+03 0.411475E+02 0.354031E+01 0.203454E+00 0.958205E-02 0.396947E-03 0.150529E-04 0.542554E-06 0.192937E-07 0.699514E-09 0.263987E-10 0.104538E-11 0.434912E-13 0.189364E-14 0.858590E-16 0.402996E-17 0.194651E-18 0.962689E-20 0.487076E-21 0.250114E-22 0.130605E-23 0.693619E-25 0.374345E-26 0.203228E-27 0.111553E-28 0.615853E-30 0.342108E-31 0.191159E-32 0.107282E-33 0.605056E-35
0.288472E-05 0.621045E-05 0.134955E-04 0.295639E-04 0.656584E-04 0.148589E-03 0.340792E-03 0.794860E-03 0.187067E-02 0.445065E-02 0.107564E-01 0.265888E-01 0.676952E-01 0.176133E+00 0.468402E+00 0.125733E+01 0.337332E+01 0.878002E+01 0.212816E+02 0.442393E+02 0.718759E+02 0.858751E+02 0.579282E+02 0.155855E+02 0.191870E+01 0.143982E+00 0.812429E-02 0.392594E-03 0.175740E-04 0.758572E-06 0.320431E-07 0.133825E-08 0.560660E-10 0.239182E-11 0.105140E-12 0.477723E-14 0.224208E-15 0.108189E-16 0.534466E-18 0.269781E-19 0.138517E-20 0.722961E-22 0.384033E-23 0.206694E-24 0.112567E-25 0.617608E-27 0.341270E-28 0.189863E-29 0.106235E-30 0.597627E-32 0.337429E-33 0.191293E-34
0.954279E-05 0.203756E-04 0.436864E-04 0.945496E-04 0.207392E-03 0.463644E-03 0.103928E-02 0.236141E-02 0.543135E-02 0.125590E-01 0.293771E-01 0.695044E-01 0.167513E+00 0.404484E+00 0.981275E+00 0.235386E+01 0.545439E+01 0.117066E+02 0.224184E+02 0.364356E+02 0.461223E+02 0.409112E+02 0.200276E+02 0.519101E+01 0.715165E+00 0.667894E-01 0.478174E-02 0.283166E-03 0.148944E-04 0.739100E-06 0.359604E-07 0.174199E-08 0.841198E-10 0.405610E-11 0.196111E-12 0.958126E-14 0.475752E-15 0.240360E-16 0.123278E-17 0.641832E-19 0.338993E-20 0.181004E-21 0.987937E-23 0.542130E-24 0.300202E-25 0.167289E-26 0.937561E-28 0.528247E-29 0.298996E-30 0.170001E-31 0.969588E-33 0.554550E-34
0.290606E-04 0.611793E-04 0.129077E-03 0.274254E-03 0.590269E-03 0.129359E-02 0.283006E-02 0.621733E-02 0.138160E-01 0.307812E-01 0.686976E-01 0.154125E+00 0.344877E+00 0.762980E+00 0.164980E+01 0.345661E+01 0.668391E+01 0.115866E+02 0.179640E+02 0.227762E+02 0.223852E+02 0.151027E+02 0.639426E+01 0.161484E+01 0.241521E+00 0.254605E-01 0.214008E-02 0.154317E-03 0.986734E-05 0.578940E-06 0.323770E-07 0.177988E-08 0.974474E-10 0.531723E-11 0.289010E-12 0.155711E-13 0.836127E-15 0.449223E-16 0.242651E-17 0.131719E-18 0.721802E-20 0.398801E-21 0.223058E-22 0.126102E-23 0.715253E-25 0.406675E-26 0.232061E-27 0.133074E-28 0.765063E-30 0.441211E-31 0.254996E-32 0.147655E-33
0.816206E-04 0.168535E-03 0.348528E-03 0.724685E-03 0.152287E-02 0.322360E-02 0.685535E-02 0.145367E-01 0.309843E-01 0.660626E-01 0.139954E+00 0.293465E+00 0.606082E+00 0.121063E+01 0.229694E+01 0.400110E+01 0.646233E+01 0.937079E+01 0.115788E+02 0.117129E+02 0.908137E+01 0.513454E+01 0.195659E+01 0.484995E+00 0.777409E-01 0.912426E-02 0.869673E-03 0.721364E-04 0.542446E-05 0.377455E-06 0.246587E-07 0.154695E-08 0.951210E-10 0.578466E-11 0.349922E-12 0.209104E-13 0.122967E-14 0.713498E-16 0.410435E-17 0.234221E-18 0.134554E-19 0.775461E-21 0.448121E-22 0.261369E-23 0.152355E-24 0.889803E-26 0.519405E-27 0.304053E-28 0.178424E-29 0.104711E-30 0.615178E-32 0.361699E-33
0.212113E-03 0.428981E-03 0.866001E-03 0.174963E-02 0.357536E-02 0.730954E-02 0.149104E-01 0.303638E-01 0.617411E-01 0.125013E+00 0.250560E+00 0.487553E+00 0.915586E+00 0.163503E+01 0.259592E+01 0.386982E+01 0.529217E+01 0.631777E+01 0.641928E+01 0.525325E+01 0.342284E+01 0.168226E+01 0.593158E+00 0.145255E+00 0.246965E-01 0.318980E-02 0.340416E-03 0.318368E-04 0.271924E-05 0.217339E-06 0.164074E-07 0.117742E-08 0.815813E-10 0.550349E-11 0.365841E-12 0.240905E-13 0.155454E-14 0.978621E-16 0.604110E-17 0.365975E-18 0.221416E-19 0.133284E-20 0.806704E-22 0.487337E-23 0.293141E-24 0.176116E-25 0.105646E-26 0.633719E-28 0.380669E-29 0.228023E-30 0.136597E-31 0.817539E-33
0.511722E-03 0.101136E-02 0.199041E-02 0.390267E-02 0.766550E-02 0.151035E-01 0.294974E-01 0.572085E-01 0.110118E+00 0.209541E+00 0.392349E+00 0.711937E+00 0.120772E+01 0.181785E+01 0.252412E+01 0.324616E+01 0.372799E+01 0.372703E+01 0.314902E+01 0.219332E+01 0.124300E+01 0.548590E+00 0.182182E+00 0.443211E-01 0.793104E-02 0.111470E-02 0.131598E-03 0.137152E-04 0.130957E-05 0.117425E-06 0.999134E-08 0.809021E-09 0.629167E-10 0.470341E-11 0.341497E-12 0.243509E-13 0.171802E-14 0.117688E-15 0.784589E-17 0.508471E-18 0.324161E-19 0.205609E-20 0.130117E-21 0.820082E-23 0.511840E-24 0.317869E-25 0.196403E-26 0.121021E-27 0.745970E-29 0.457693E-30 0.280129E-31 0.171153E-32
0.115489E-02 0.221807E-02 0.424066E-02 0.804675E-02 0.151865E-01 0.285809E-01 0.532389E-01 0.978456E-01 0.177246E+00 0.314766E+00 0.544802E+00 0.882430E+00 0.130359E+01 0.175834E+01 0.216419E+01 0.240068E+01 0.235558E+01 0.198552E+01 0.143694E+01 0.881548E+00 0.446575E+00 0.181360E+00 0.575722E-01 0.139795E-01 0.261544E-02 0.395764E-03 0.510704E-04 0.586310E-05 0.618512E-06 0.612666E-07 0.577084E-08 0.519320E-09 0.446812E-10 0.368572E-11 0.292534E-12 0.225198E-13 0.169918E-14 0.125990E-15 0.905392E-17 0.628492E-18 0.426406E-19 0.288918E-20 0.191152E-21 0.125109E-22 0.814365E-24 0.524233E-25 0.335105E-26 0.212797E-27 0.134754E-28 0.848779E-30 0.532242E-31 0.332493E-32
0.242286E-02 0.454137E-02 0.839791E-02 0.153680E-01 0.278049E-01 0.498400E-01 0.881744E-01 0.153045E+00 0.259872E+00 0.425270E+00 0.651656E+00 0.937169E+00 0.124034E+01 0.151410E+01 0.166268E+01 0.161281E+01 0.134526E+01 0.984905E+00 0.629984E+00 0.348084E+00 0.161192E+00 0.614044E-01 0.188382E-01 0.458241E-02 0.891563E-03 0.143933E-03 0.200960E-04 0.251613E-05 0.290246E-06 0.314022E-07 0.322534E-08 0.316530E-09 0.296893E-10 0.268577E-11 0.233213E-12 0.194574E-13 0.156921E-14 0.123788E-15 0.944472E-17 0.701090E-18 0.508381E-19 0.365208E-20 0.256710E-21 0.176202E-22 0.119219E-23 0.796835E-25 0.527445E-26 0.346096E-27 0.225560E-28 0.146109E-29 0.940437E-31 0.601578E-32
0.473375E-02 0.862699E-02 0.154797E-01 0.272935E-01 0.473200E-01 0.804816E-01 0.134785E+00 0.219802E+00 0.342939E+00 0.499509E+00 0.687584E+00 0.896818E+00 0.107516E+01 0.116987E+01 0.114275E+01 0.968258E+00 0.708653E+00 0.467566E+00 0.271278E+00 0.137058E+00 0.591540E-01 0.214285E-01 0.640449E-02 0.156474E-02 0.315234E-03 0.538688E-04 0.807193E-05 0.109049E-05 0.136234E-06 0.159566E-07 0.176914E-08 0.186738E-09 0.188777E-10 0.184299E-11 0.173225E-12 0.156600E-13 0.135699E-14 0.113787E-15 0.921557E-17 0.724211E-18 0.557149E-19 0.420341E-20 0.312080E-21 0.227053E-22 0.161040E-23 0.112254E-24 0.770835E-26 0.523210E-27 0.351602E-28 0.234403E-29 0.155106E-30 0.101825E-31
0.865700E-02 0.152766E-01 0.264959E-01 0.449955E-01 0.748161E-01 0.121164E+00 0.189719E+00 0.284124E+00 0.396251E+00 0.524226E+00 0.662630E+00 0.781877E+00 0.841786E+00 0.822751E+00 0.711201E+00 0.530367E+00 0.357502E+00 0.215422E+00 0.115637E+00 0.544070E-01 0.221717E-01 0.771639E-02 0.226635E-02 0.557305E-03 0.115895E-03 0.208347E-04 0.331574E-05 0.479104E-06 0.641638E-07 0.806210E-08 0.957916E-09 0.108103E-09 0.116601E-10 0.121799E-11 0.122409E-12 0.118641E-13 0.110319E-14 0.985763E-16 0.845015E-17 0.702255E-18 0.569392E-19 0.451207E-20 0.351287E-21 0.268534E-22 0.200418E-23 0.146112E-24 0.104582E-25 0.737034E-27 0.512074E-28 0.351918E-29 0.239518E-30 0.161621E-31
0.148806E-01 0.252549E-01 0.421960E-01 0.689236E-01 0.109357E+00 0.167905E+00 0.243354E+00 0.325183E+00 0.413126E+00 0.505692E+00 0.583161E+00 0.619488E+00 0.599821E+00 0.525881E+00 0.407974E+00 0.279629E+00 0.174536E+00 0.977377E-01 0.491226E-01 0.218183E-01 0.849051E-02 0.286099E-02 0.830451E-03 0.206444E-03 0.441186E-04 0.829820E-05 0.139397E-05 0.213838E-06 0.304538E-07 0.406887E-08 0.513571E-09 0.616442E-10 0.707102E-11 0.781347E-12 0.832701E-13 0.855371E-14 0.847572E-15 0.806512E-16 0.735912E-17 0.643777E-18 0.547937E-19 0.455954E-20 0.371037E-21 0.296138E-22 0.231560E-23 0.176941E-24 0.132013E-25 0.967156E-27 0.697134E-28 0.495425E-29 0.347466E-30 0.241146E-31
0.240550E-01 0.393459E-01 0.629610E-01 0.980510E-01 0.147640E+00 0.208674E+00 0.272535E+00 0.335872E+00 0.396339E+00 0.447502E+00 0.469222E+00 0.452843E+00 0.398079E+00 0.314508E+00 0.221807E+00 0.142504E+00 0.831989E-01 0.439268E-01 0.208887E-01 0.884509E-02 0.330677E-02 0.108668E-02 0.312140E-03 0.786077E-04 0.172853E-04 0.338743E-05 0.598123E-06 0.968547E-07 0.145770E-07 0.205880E-08 0.274479E-09 0.347650E-10 0.421154E-11 0.490023E-12 0.549902E-13 0.593469E-14 0.621909E-15 0.625395E-16 0.604796E-17 0.561062E-18 0.501218E-19 0.434783E-20 0.369640E-21 0.307703E-22 0.250763E-23 0.200006E-24 0.156126E-25 0.119096E-26 0.889989E-28 0.654803E-29 0.474619E-30 0.339298E-31
0.365485E-01 0.574991E-01 0.879156E-01 0.130383E+00 0.179792E+00 0.230672E+00 0.279141E+00 0.321553E+00 0.354476E+00 0.365009E+00 0.347423E+00 0.303621E+00 0.243196E+00 0.176643E+00 0.116695E+00 0.707143E-01 0.390211E-01 0.196023E-01 0.890798E-02 0.362898E-02 0.131357E-02 0.422209E-03 0.119957E-03 0.303258E-04 0.687519E-05 0.140715E-05 0.260862E-06 0.443650E-07 0.702293E-08 0.104354E-08 0.146433E-09 0.194907E-10 0.247812E-11 0.302133E-12 0.354930E-13 0.401404E-14 0.439009E-15 0.464621E-16 0.473375E-17 0.463599E-18 0.436391E-19 0.396589E-20 0.349997E-21 0.302327E-22 0.256506E-23 0.212872E-24 0.172858E-25 0.137499E-26 0.107038E-27 0.815347E-29 0.610932E-30 0.450722E-31
0.522910E-01 0.788612E-01 0.114911E+00 0.157038E+00 0.197367E+00 0.234905E+00 0.267845E+00 0.289365E+00 0.293817E+00 0.276213E+00 0.238302E+00 0.189458E+00 0.140933E+00 0.954192E-01 0.598498E-01 0.344639E-01 0.181493E-01 0.873589E-02 0.381989E-02 0.150699E-02 0.532316E-03 0.168065E-03 0.474042E-04 0.120584E-04 0.280483E-05 0.595533E-06 0.115267E-06 0.205149E-07 0.340214E-08 0.530350E-09 0.778829E-10 0.108435E-10 0.144092E-11 0.183511E-12 0.224408E-13 0.264770E-14 0.301511E-15 0.331921E-16 0.354369E-17 0.365008E-18 0.360936E-19 0.344221E-20 0.317585E-21 0.284419E-22 0.249149E-23 0.214545E-24 0.180955E-25 0.149367E-26 0.120825E-27 0.957551E-29 0.743520E-30 0.566266E-31
0.706410E-01 0.101290E+00 0.136723E+00 0.170590E+00 0.199581E+00 0.225285E+00 0.242048E+00 0.244286E+00 0.227398E+00 0.194387E+00 0.152970E+00 0.113835E+00 0.791470E-01 0.507649E-01 0.302747E-01 0.166547E-01 0.841919E-02 0.390368E-02 0.165126E-02 0.633960E-03 0.219514E-03 0.684804E-04 0.192874E-04 0.495426E-05 0.117670E-05 0.257323E-06 0.516834E-07 0.960099E-08 0.166093E-08 0.269387E-09 0.413420E-10 0.601081E-11 0.831012E-12 0.109991E-12 0.139821E-13 0.171084E-14 0.202432E-15 0.231421E-16 0.256168E-17 0.274996E-18 0.285462E-19 0.285005E-20 0.274807E-21 0.256704E-22 0.233050E-23 0.206588E-24 0.180008E-25 0.153961E-26 0.129071E-27 0.105995E-28 0.854184E-30 0.674575E-31
